#Insight Transform File V1.0
#Transform 0
Transform: AffineTransform_float_3_3
Parameters: 0.999993 -0.000673072 -0.00347635 0.000679925 0.999998 0.00199165 0.00347465 -0.00199435 0.999992 0.00817512 0.0160852 0.104475
FixedParameters: 0 0 0

#Transform 1
Transform: AffineTransform_float_3_3
Parameters: 0.999994 -0.000665287 -0.00334095 0.000675713 0.999996 0.00290676 0.00333905 -0.00290924 0.99999 0.00825116 0.0758902 0.203894
FixedParameters: 0 0 0

#Transform 2
Transform: AffineTransform_float_3_3
Parameters: 0.999997 -0.000938711 -0.00200901 0.000942289 0.999998 0.00213511 0.00200699 -0.00213689 0.999995 0.00597862 0.0957167 0.197444
FixedParameters: 0 0 0

#Transform 3
Transform: AffineTransform_float_3_3
Parameters: 0.999997 -0.00100176 -0.0018712 0.00100424 0.999999 0.00119612 0.0018698 -0.00119887 0.999997 -0.0143787 0.0498729 0.182009
FixedParameters: 0 0 0

#Transform 4
Transform: AffineTransform_float_3_3
Parameters: 0.999997 -0.000757529 -0.0020859 0.00075947 0.999999 0.00118442 0.0020841 -0.00118558 0.999997 -0.0185743 0.0473665 0.181128
FixedParameters: 0 0 0

#Transform 5
Transform: AffineTransform_float_3_3
Parameters: 0.999998 1.19794e-06 -0.001593 1.97938e-07 0.999999 0.000752001 0.001593 -0.000751999 0.999999 -0.0166588 0.0474296 0.144483
FixedParameters: 0 0 0

#Transform 6
Transform: AffineTransform_float_3_3
Parameters: 0.999999 -0.000716844 -0.00159352 0.000718156 0.999999 0.000724856 0.00159348 -0.000726143 0.999998 -0.00517575 0.0655612 0.170732
FixedParameters: 0 0 0

#Transform 7
Transform: AffineTransform_float_3_3
Parameters: 0.999999 -0.000477299 -0.00169948 0.000478701 1 0.00100019 0.00169952 -0.00100181 0.999998 0.00641584 0.0384023 0.13485
FixedParameters: 0 0 0

#Transform 8
Transform: AffineTransform_float_3_3
Parameters: 0.999999 -0.000790013 -0.00123963 0.000790987 1 0.000796021 0.00123837 -0.000796979 0.999999 -0.0199721 0.0629123 0.160128
FixedParameters: 0 0 0

#Transform 9
Transform: AffineTransform_float_3_3
Parameters: 0.999998 -0.000325949 -0.00156343 0.000328051 0.999999 0.00131249 0.00156257 -0.00131251 0.999998 -0.0230876 0.0363059 0.19951
FixedParameters: 0 0 0

#Transform 10
Transform: AffineTransform_float_3_3
Parameters: 0.999998 -0.00013685 -0.00202101 0.000137151 1 7.4723e-05 0.00202099 -7.42767e-05 0.999998 -0.0130397 0.071776 0.147853
FixedParameters: 0 0 0

#Transform 11
Transform: AffineTransform_float_3_3
Parameters: 0.999999 -0.000249226 -0.00148796 0.000248774 1 -0.00015237 0.00148804 0.000151629 0.999999 -0.0346869 0.0722408 0.124814
FixedParameters: 0 0 0

#Transform 12
Transform: AffineTransform_float_3_3
Parameters: 0.999999 -0.000322219 -0.00181296 0.000321782 1 -0.000120584 0.00181304 0.000120416 0.999999 -0.0289437 0.0703718 0.122569
FixedParameters: 0 0 0

#Transform 13
Transform: AffineTransform_float_3_3
Parameters: 0.999998 -0.000167015 -0.0016679 0.000165984 1 -0.000609278 0.0016681 0.000608722 0.999999 -0.014643 0.0573872 0.141294
FixedParameters: 0 0 0

#Transform 14
Transform: AffineTransform_float_3_3
Parameters: 0.999999 8.10249e-06 -0.00172501 -9.89749e-06 1 -0.00109998 0.00172499 0.00110002 0.999998 -0.0223796 0.0387949 0.0997333
FixedParameters: 0 0 0

#Transform 15
Transform: AffineTransform_float_3_3
Parameters: 0.999998 2.50291e-05 -0.00161001 -2.59708e-05 1 -0.000602959 0.00160998 0.000603041 0.999998 -0.0225025 0.0239855 0.0718416
FixedParameters: 0 0 0

#Transform 16
Transform: AffineTransform_float_3_3
Parameters: 0.999999 -2.18126e-05 -0.001225 2.21874e-05 1 0.000152973 0.001225 -0.000153027 0.999999 -0.0210388 0.0422452 0.0601556
FixedParameters: 0 0 0

#Transform 17
Transform: AffineTransform_float_3_3
Parameters: 0.999999 -0.000183242 -0.000690935 0.000182757 1 -0.000351126 0.000691064 0.000350873 0.999999 -0.0468054 0.0614908 -0.0150161
FixedParameters: 0 0 0

#Transform 18
Transform: AffineTransform_float_3_3
Parameters: 1 6.13235e-06 -0.000161995 -5.86764e-06 0.999999 0.000817 0.000162005 -0.000816998 0.999999 -0.0407619 0.00689714 0.0936974
FixedParameters: 0 0 0

#Transform 19
Transform: AffineTransform_float_3_3
Parameters: 0.999999 -0.000114645 0.000709057 0.000114354 1 -0.000499919 -0.000708942 0.000500081 0.999999 -0.0309675 0.0302643 0.0152053
FixedParameters: 0 0 0

#Transform 20
Transform: AffineTransform_float_3_3
Parameters: 1 0.00011901 -0.000161993 -0.00011899 1 6.10193e-05 0.000162007 -6.09807e-05 1 -0.0235901 0.0162114 0.0240198
FixedParameters: 0 0 0

#Transform 21
Transform: AffineTransform_float_3_3
Parameters: 0.999999 -6.45481e-05 -0.000762038 6.44518e-05 1 0.000592951 0.000761961 -0.000593049 0.999999 -0.020043 -0.0118823 0.0314981
FixedParameters: 0 0 0

#Transform 22
Transform: AffineTransform_float_3_3
Parameters: 1 -0.000278096 0.000115769 0.000278903 0.999999 0.000832032 -0.000116232 -0.000831967 0.999999 -0.0408201 -0.00506058 0.0839359
FixedParameters: 0 0 0

#Transform 23
Transform: AffineTransform_float_3_3
Parameters: 1 -0.000373598 -0.000214702 0.000374401 0.999998 0.00187692 0.000213298 -0.00187708 0.999998 -0.0182514 0.00938865 0.178508
FixedParameters: 0 0 0

#Transform 24
Transform: AffineTransform_float_3_3
Parameters: 1 -0.000137992 -1.01085e-05 0.000137008 0.999999 0.000785998 9.89231e-06 -0.000786001 0.999999 -0.0296054 -0.0146554 0.146612
FixedParameters: 0 0 0

#Transform 25
Transform: AffineTransform_float_3_3
Parameters: 1 0.000164013 -3.19318e-05 -0.000163987 1 0.000416005 3.20682e-05 -0.000415995 1 -0.0432951 -0.0558292 0.144741
FixedParameters: 0 0 0

#Transform 26
Transform: AffineTransform_float_3_3
Parameters: 1 -0.000177958 -5.21422e-05 0.000178042 0.999999 0.00079899 5.28577e-05 -0.000799009 0.999999 -0.0717628 0.00850973 0.0958187
FixedParameters: 0 0 0

#Transform 27
Transform: AffineTransform_float_3_3
Parameters: 1 0.00055509 -8.34022e-05 -0.00055491 1 0.00107705 8.35977e-05 -0.00107695 1 -0.0709366 -0.0243076 0.0642647
FixedParameters: 0 0 0

#Transform 28
Transform: AffineTransform_float_3_3
Parameters: 0.999999 0.000150282 -0.000905624 -0.000148716 0.999997 0.00252014 0.000906378 -0.00251987 0.999997 -0.0435007 -0.0439026 0.0415833
FixedParameters: 0 0 0

#Transform 29
Transform: AffineTransform_float_3_3
Parameters: 0.999999 0.000385036 -0.000638375 -0.000383964 0.999998 0.00162324 0.000638623 -0.00162275 0.999998 -0.0482535 -0.0261129 0.0513097
FixedParameters: 0 0 0

#Transform 30
Transform: AffineTransform_float_3_3
Parameters: 1 0.000376649 -0.000494506 -0.00037635 0.999999 0.00131219 0.000495494 -0.00131181 0.999999 -0.0533155 -0.0607116 0.0879776
FixedParameters: 0 0 0

#Transform 31
Transform: AffineTransform_float_3_3
Parameters: 1 0.000591056 -0.000189824 -0.000590943 1 0.000297112 0.000190175 -0.000296888 1 -0.0657812 -0.0415641 0.0615714
FixedParameters: 0 0 0

#Transform 32
Transform: AffineTransform_float_3_3
Parameters: 1 0.000624004 -4.29438e-05 -0.000623996 1 9.00268e-05 4.30561e-05 -8.99731e-05 1 -0.0648849 -0.0640656 0.0565705
FixedParameters: 0 0 0

#Transform 33
Transform: AffineTransform_float_3_3
Parameters: 0.999999 0.000790983 -5.02555e-05 -0.000791016 0.999999 -0.00032296 5.07445e-05 0.00032304 1 -0.0651865 -0.0827717 0.0803169
FixedParameters: 0 0 0

#Transform 34
Transform: AffineTransform_float_3_3
Parameters: 1 0.000401023 -0.000129927 -0.000400976 1 0.000181052 0.000130073 -0.000180948 1 -0.0618909 -0.0857052 0.0866004
FixedParameters: 0 0 0

#Transform 35
Transform: AffineTransform_float_3_3
Parameters: 1 0.000353982 -0.000181035 -0.000354018 1 -9.89359e-05 0.000180965 9.90641e-05 1 -0.066947 -0.076914 0.0906189
FixedParameters: 0 0 0

#Transform 36
Transform: AffineTransform_float_3_3
Parameters: 1 0.000638 -7.19936e-05 -0.000637999 1 1.00459e-05 7.20064e-05 -9.95406e-06 1 -0.0722994 -0.104419 0.17764
FixedParameters: 0 0 0

#Transform 37
Transform: AffineTransform_float_3_3
Parameters: 0.999999 0.000697205 -0.000180208 -0.000697795 0.999999 0.00113613 0.000180793 -0.00113587 1 -0.0817989 -0.120608 0.0845442
FixedParameters: 0 0 0

#Transform 38
Transform: AffineTransform_float_3_3
Parameters: 0.999999 0.00100589 6.76517e-05 -0.00100611 0.999998 0.00164193 -6.6348e-05 -0.00164207 0.999998 -0.075251 -0.0883373 0.105815
FixedParameters: 0 0 0

#Transform 39
Transform: AffineTransform_float_3_3
Parameters: 0.999999 0.00083697 2.59876e-05 -0.00083703 0.999999 0.00117998 -2.50123e-05 -0.00118002 1 -0.069653 -0.113537 0.074959
FixedParameters: 0 0 0

#Transform 40
Transform: AffineTransform_float_3_3
Parameters: 1 0.000423903 7.95215e-05 -0.000424097 0.999999 0.00122997 -7.84784e-05 -0.00123003 0.999999 -0.0883322 -0.136424 0.0469977
FixedParameters: 0 0 0

#Transform 41
Transform: AffineTransform_float_3_3
Parameters: 1 7.16944e-05 -0.000510903 -7.0306e-05 0.999999 0.00135804 0.000511096 -0.00135896 0.999999 -0.0840283 -0.148412 0.0510615
FixedParameters: 0 0 0

#Transform 42
Transform: AffineTransform_float_3_3
Parameters: 1 0.000567416 -0.000318259 -0.000567584 0.999999 0.00130618 0.000318741 -0.00130582 0.999999 -0.0854403 -0.166898 0.0621326
FixedParameters: 0 0 0

#Transform 43
Transform: AffineTransform_float_3_3
Parameters: 1 0.000563282 -0.000206231 -0.000562718 0.999999 0.00136612 0.000206769 -0.00136588 0.999999 -0.0878595 -0.165688 0.0223849
FixedParameters: 0 0 0

#Transform 44
Transform: AffineTransform_float_3_3
Parameters: 1 0.000520441 -0.000328302 -0.000520559 0.999999 0.00134217 0.000328699 -0.00134283 0.999999 -0.0954386 -0.156536 -0.0278008
FixedParameters: 0 0 0

#Transform 45
Transform: AffineTransform_float_3_3
Parameters: 1 0.00053946 -0.00040639 -0.00053954 0.999999 0.00113222 0.000406611 -0.00113178 1 -0.10164 -0.188343 -0.0170181
FixedParameters: 0 0 0

#Transform 46
Transform: AffineTransform_float_3_3
Parameters: 1 0.000727636 -0.00064028 -0.000727366 0.999999 0.000991467 0.000640722 -0.000991535 1 -0.0889996 -0.175154 -0.0415913
FixedParameters: 0 0 0

#Transform 47
Transform: AffineTransform_float_3_3
Parameters: 1 0.000458671 0.000240629 -0.000459328 0.999999 0.00136989 -0.000239371 -0.00137011 0.999999 -0.109942 -0.177021 -0.0293012
FixedParameters: 0 0 0

#Transform 48
Transform: AffineTransform_float_3_3
Parameters: 0.999999 0.00080588 9.30388e-05 -0.000806119 0.999999 0.00128893 -9.19609e-05 -0.00128907 0.999999 -0.104708 -0.223806 -0.0143546
FixedParameters: 0 0 0

#Transform 49
Transform: AffineTransform_float_3_3
Parameters: 1 0.000551133 -7.30009e-05 -0.000550867 0.999998 0.00181304 7.39988e-05 -0.00181296 0.999999 -0.0978615 -0.185411 -0.0327327
FixedParameters: 0 0 0

#Transform 50
Transform: AffineTransform_float_3_3
Parameters: 0.999999 8.49203e-05 -0.00154184 -8.20826e-05 0.999998 0.00189313 0.00154116 -0.00189387 0.999997 -0.108394 -0.210097 -0.0613171
FixedParameters: 0 0 0

#Transform 51
Transform: AffineTransform_float_3_3
Parameters: 1 0.000418682 -0.000952263 -0.000417317 0.999999 0.0017654 0.000953739 -0.0017656 0.999998 -0.0973974 -0.201316 -0.0305756
FixedParameters: 0 0 0

#Transform 52
Transform: AffineTransform_float_3_3
Parameters: 0.999999 0.000774677 -0.00053502 -0.000774322 0.999999 0.00126541 0.00053598 -0.00126559 0.999999 -0.110748 -0.266479 -0.011723
FixedParameters: 0 0 0

#Transform 53
Transform: AffineTransform_float_3_3
Parameters: 1 0.00065421 -0.000112786 -0.000653789 0.999998 0.00185607 0.000114214 -0.00185593 0.999999 -0.108443 -0.243279 -0.000137692
FixedParameters: 0 0 0

#Transform 54
Transform: AffineTransform_float_3_3
Parameters: 1 0.00064735 -0.000200875 -0.00064765 0.999999 0.00173813 0.000202126 -0.00173787 0.999998 -0.107816 -0.289669 -0.0329511
FixedParameters: 0 0 0

#Transform 55
Transform: AffineTransform_float_3_3
Parameters: 1 0.000490035 -0.000197912 -0.000490964 1 0.000179097 0.000198088 -0.000178903 1 -0.104238 -0.343695 -0.0686117
FixedParameters: 0 0 0

#Transform 56
Transform: AffineTransform_float_3_3
Parameters: 0.999999 0.000437163 0.000569643 -0.000438836 0.999999 0.00146975 -0.000568355 -0.00147025 0.999999 -0.0958471 -0.383833 -0.0856707
FixedParameters: 0 0 0

#Transform 57
Transform: AffineTransform_float_3_3
Parameters: 0.999999 0.000757936 0.000115415 -0.000758062 0.999999 0.000547912 -0.000114585 -0.000548087 1 -0.100344 -0.376251 -0.0794378
FixedParameters: 0 0 0

#Transform 58
Transform: AffineTransform_float_3_3
Parameters: 1 0.000459923 0.000112314 -0.000460076 0.999999 0.000681948 -0.000111686 -0.000682051 1 -0.0928918 -0.351344 -0.0992481
FixedParameters: 0 0 0

#Transform 59
Transform: AffineTransform_float_3_3
Parameters: 1 0.000344767 0.000341235 -0.000345233 0.999999 0.000681882 -0.000341764 -0.000682118 0.999999 -0.104484 -0.363008 -0.0606206
FixedParameters: 0 0 0

#Transform 60
Transform: AffineTransform_float_3_3
Parameters: 1 0.000537747 0.000351386 -0.000538252 0.999999 0.00071881 -0.000350613 -0.000719188 0.999999 -0.10892 -0.367447 -0.056637
FixedParameters: 0 0 0

#Transform 61
Transform: AffineTransform_float_3_3
Parameters: 1 0.000507572 0.000100192 -0.000507427 0.99999 0.00431595 -9.78108e-05 -0.00431605 0.99999 -0.0783276 -0.347776 -0.0535467
FixedParameters: 0 0 0

#Transform 62
Transform: AffineTransform_float_3_3
Parameters: 1 5.95735e-05 -0.000295885 -5.84262e-05 0.999998 0.00193802 0.000296114 -0.00193798 0.999998 -0.0826198 -0.384288 -0.116155
FixedParameters: 0 0 0

#Transform 63
Transform: AffineTransform_float_3_3
Parameters: 1 0.000264471 -0.000469735 -0.000264529 1 0.00100213 0.000470265 -0.00100188 1 -0.086167 -0.404156 -0.100109
FixedParameters: 0 0 0

#Transform 64
Transform: AffineTransform_float_3_3
Parameters: 1 0.000377037 -2.03221e-05 -0.000376964 0.999999 0.00179801 2.06778e-05 -0.00179799 0.999999 -0.0966627 -0.395169 -0.0863461
FixedParameters: 0 0 0

#Transform 65
Transform: AffineTransform_float_3_3
Parameters: 1 0.000387943 3.95626e-05 -0.000388056 0.999999 0.00144998 -3.84374e-05 -0.00145001 0.999999 -0.0923113 -0.393031 -0.123181
FixedParameters: 0 0 0

#Transform 66
Transform: AffineTransform_float_3_3
Parameters: 1 0.00031095 -0.000458357 -0.000310049 0.999998 0.00207114 0.000459643 -0.00207186 0.999997 -0.0872809 -0.387838 -0.0574459
FixedParameters: 0 0 0

#Transform 67
Transform: AffineTransform_float_3_3
Parameters: 1 0.000574612 -0.000378071 -0.000574386 0.999998 0.00161722 0.000379929 -0.00161678 0.999998 -0.0938808 -0.416565 -0.0573294
FixedParameters: 0 0 0

#Transform 68
Transform: AffineTransform_float_3_3
Parameters: 0.999999 0.000493623 -0.000834041 -0.000492377 0.999998 0.00194441 0.000834959 -0.00194459 0.999998 -0.0729803 -0.424488 -0.0296868
FixedParameters: 0 0 0

#Transform 69
Transform: AffineTransform_float_3_3
Parameters: 0.999999 0.000729045 -0.000533575 -0.000727954 0.999998 0.00195639 0.000535425 -0.00195661 0.999998 -0.091017 -0.429479 -0.0354315
FixedParameters: 0 0 0

#Transform 70
Transform: AffineTransform_float_3_3
Parameters: 1 0.000543 -0.000892787 -0.000541003 0.999998 0.00223849 0.000893213 -0.00223752 0.999997 -0.0795894 -0.418859 -0.0249929
FixedParameters: 0 0 0

#Transform 71
Transform: AffineTransform_float_3_3
Parameters: 1 0.00056348 -0.000253938 -0.00056352 0.999998 0.00188514 0.000255063 -0.00188586 0.999998 -0.0945378 -0.436319 -0.0431025
FixedParameters: 0 0 0

#Transform 72
Transform: AffineTransform_float_3_3
Parameters: 1 0.000555489 -0.00023585 -0.00055451 0.999997 0.00207113 0.000237149 -0.00207087 0.999998 -0.0945802 -0.445175 -0.0492188
FixedParameters: 0 0 0

#Transform 73
Transform: AffineTransform_float_3_3
Parameters: 1 0.000414658 0.000200708 -0.000415342 0.999998 0.00170692 -0.000200291 -0.00170708 0.999998 -0.101654 -0.47503 -0.0425444
FixedParameters: 0 0 0

#Transform 74
Transform: AffineTransform_float_3_3
Parameters: 0.999999 0.000570324 0.000801195 -0.000571675 0.999997 0.00209254 -0.000799805 -0.00209346 0.999998 -0.078969 -0.467817 -0.0196481
FixedParameters: 0 0 0

#Transform 75
Transform: AffineTransform_float_3_3
Parameters: 0.999999 0.000766561 0.000659675 -0.000767439 0.999998 0.0021835 -0.000658326 -0.00218351 0.999998 -0.0762424 -0.461324 -0.0363669
FixedParameters: 0 0 0

#Transform 76
Transform: AffineTransform_float_3_3
Parameters: 1 0.000545119 -4.25e-05 -0.000544882 0.999996 0.00275202 4.34997e-05 -0.00275198 0.999996 -0.0772691 -0.472353 -0.0174775
FixedParameters: 0 0 0

#Transform 77
Transform: AffineTransform_float_3_3
Parameters: 1 0.000566131 0.000321534 -0.000566867 0.999996 0.00270782 -0.000319466 -0.00270818 0.999997 -0.075798 -0.484271 -0.0120826
FixedParameters: 0 0 0

#Transform 78
Transform: AffineTransform_float_3_3
Parameters: 1 0.00025676 0.000548582 -0.000258241 0.999998 0.00226086 -0.000548418 -0.00226114 0.999998 -0.0904847 -0.498298 -0.00301517
FixedParameters: 0 0 0

#Transform 79
Transform: AffineTransform_float_3_3
Parameters: 0.999999 0.000526056 0.000798283 -0.000527942 0.999997 0.00243558 -0.000796716 -0.00243642 0.999996 -0.0903442 -0.486911 -0.00282074
FixedParameters: 0 0 0

#Transform 80
Transform: AffineTransform_float_3_3
Parameters: 1 0.000776016 0.000662333 -0.000777984 0.999995 0.00300149 -0.000659668 -0.00300251 0.999996 -0.089661 -0.477593 0.0124978
FixedParameters: 0 0 0

#Transform 81
Transform: AffineTransform_float_3_3
Parameters: 1 0.000401547 0.000413416 -0.000403451 0.999993 0.00352083 -0.000411582 -0.00352116 0.999993 -0.0795713 -0.481606 -0.0023535
FixedParameters: 0 0 0

#Transform 82
Transform: AffineTransform_float_3_3
Parameters: 0.999999 0.000724572 0.000150078 -0.000724427 0.999995 0.00286689 -0.000147924 -0.00286711 0.999996 -0.085368 -0.514091 0.00178285
FixedParameters: 0 0 0

#Transform 83
Transform: AffineTransform_float_3_3
Parameters: 0.999999 0.000738514 -0.000181925 -0.000738485 0.999996 0.00281013 0.000184077 -0.00281086 0.999996 -0.0733907 -0.511904 0.0165933
FixedParameters: 0 0 0

#Transform 84
Transform: AffineTransform_float_3_3
Parameters: 0.999999 0.000676644 -0.000538943 -0.000675356 0.999995 0.00304437 0.000541059 -0.00304464 0.999995 -0.105725 -0.559468 -0.0022567
FixedParameters: 0 0 0

#Transform 85
Transform: AffineTransform_float_3_3
Parameters: 0.999999 0.000859445 -0.00113039 -0.000856556 0.999995 0.00304497 0.00113261 -0.00304403 0.999994 -0.088078 -0.570127 0.00139041
FixedParameters: 0 0 0

#Transform 86
Transform: AffineTransform_float_3_3
Parameters: 0.999999 0.000666963 -0.000301881 -0.000666036 0.999994 0.0031792 0.000304119 -0.0031788 0.999995 -0.0767308 -0.561699 -0.0720357
FixedParameters: 0 0 0

#Transform 87
Transform: AffineTransform_float_3_3
Parameters: 0.999999 0.000805167 -0.000385571 -0.000804831 0.999995 0.00301931 0.000388431 -0.00301869 0.999996 -0.0915864 -0.578493 -0.124352
FixedParameters: 0 0 0

#Transform 88
Transform: AffineTransform_float_3_3
Parameters: 0.999999 0.000760283 -0.00038548 -0.000758715 0.999994 0.0033173 0.000388519 -0.00331671 0.999995 -0.0906352 -0.60476 -0.106234
FixedParameters: 0 0 0

#Transform 89
Transform: AffineTransform_float_3_3
Parameters: 0.999999 0.000785782 -0.00026469 -0.00078522 0.999996 0.00294121 0.00026631 -0.00294079 0.999995 -0.0920098 -0.608318 -0.0609307
FixedParameters: 0 0 0

#Transform 90
Transform: AffineTransform_float_3_3
Parameters: 1 0.000576297 0.000187177 -0.000577705 0.999992 0.00377489 -0.00018582 -0.00377511 0.999993 -0.118753 -0.593473 0.0129712
FixedParameters: 0 0 0

#Transform 91
Transform: AffineTransform_float_3_3
Parameters: 0.999999 0.000341471 0.000689259 -0.000343532 0.999993 0.00367277 -0.000688743 -0.00367324 0.999993 -0.124302 -0.617928 -0.0810851
FixedParameters: 0 0 0

#Transform 92
Transform: AffineTransform_float_3_3
Parameters: 0.999999 0.000624744 0.000685065 -0.000627256 0.999995 0.00329857 -0.000682935 -0.00329843 0.999995 -0.120583 -0.627877 -0.0626749
FixedParameters: 0 0 0

#Transform 93
Transform: AffineTransform_float_3_3
Parameters: 0.999999 0.000660841 0.000677112 -0.000663157 0.999994 0.00319155 -0.000674886 -0.00319245 0.999994 -0.123335 -0.653913 -0.0664066
FixedParameters: 0 0 0

#Transform 94
Transform: AffineTransform_float_3_3
Parameters: 0.999999 0.000512371 0.000753793 -0.000514629 0.999994 0.00349061 -0.000752207 -0.00349138 0.999993 -0.119033 -0.67434 -0.0855734
FixedParameters: 0 0 0

#Transform 95
Transform: AffineTransform_float_3_3
Parameters: 0.999999 0.000267375 0.000843158 -0.000271624 0.99999 0.00430177 -0.000841839 -0.00430223 0.999991 -0.117342 -0.663173 -0.0867963
FixedParameters: 0 0 0

#Transform 96
Transform: AffineTransform_float_3_3
Parameters: 0.999999 0.000313789 0.000656062 -0.00031621 0.999995 0.00337179 -0.000654937 -0.00337221 0.999994 -0.11063 -0.671803 -0.121816
FixedParameters: 0 0 0

#Transform 97
Transform: AffineTransform_float_3_3
Parameters: 1 0.000453063 -2.1722e-05 -0.000452936 0.999996 0.00282101 2.32778e-05 -0.00282099 0.999996 -0.100411 -0.705244 -0.0979912
FixedParameters: 0 0 0

#Transform 98
Transform: AffineTransform_float_3_3
Parameters: 1 0.000431005 1.1499e-08 -0.000430995 0.999989 0.004667 2.01148e-06 -0.004667 0.999989 -0.109128 -0.710483 -0.059649
FixedParameters: 0 0 0

#Transform 99
Transform: AffineTransform_float_3_3
Parameters: 1 0.000311167 0.000216203 -0.000312832 0.999993 0.00386193 -0.000214793 -0.00386207 0.999992 -0.113495 -0.708599 -0.100806
FixedParameters: 0 0 0

#Transform 100
Transform: AffineTransform_float_3_3
Parameters: 0.999999 0.000699721 -0.000500602 -0.000698277 0.999994 0.00343135 0.000503398 -0.00343065 0.999994 -0.0847833 -0.687746 -0.0712901
FixedParameters: 0 0 0

#Transform 101
Transform: AffineTransform_float_3_3
Parameters: 1 0.000495898 3.35409e-05 -0.000496103 0.999995 0.00310698 -3.24588e-05 -0.00310702 0.999995 -0.0917968 -0.702927 -0.0290659
FixedParameters: 0 0 0

#Transform 102
Transform: AffineTransform_float_3_3
Parameters: 1 0.00058527 -0.000105513 -0.000584728 0.999996 0.00254106 0.000107486 -0.00254094 0.999997 -0.0961765 -0.73664 -0.0556007
FixedParameters: 0 0 0

#Transform 103
Transform: AffineTransform_float_3_3
Parameters: 0.999999 0.00084185 -0.000359011 -0.000841149 0.999997 0.0023633 0.000360988 -0.0023627 0.999997 -0.107298 -0.737383 -0.0520909
FixedParameters: 0 0 0

#Transform 104
Transform: AffineTransform_float_3_3
Parameters: 1 0.000421923 0.000502905 -0.000423077 0.999997 0.00214379 -0.000502094 -0.00214321 0.999997 -0.124584 -0.708947 -0.0574914
FixedParameters: 0 0 0

#Transform 105
Transform: AffineTransform_float_3_3
Parameters: 0.999999 0.000497272 0.000610411 -0.000498726 0.999996 0.0028327 -0.000608589 -0.0028333 0.999996 -0.13899 -0.754863 -0.148189
FixedParameters: 0 0 0

#Transform 106
Transform: AffineTransform_float_3_3
Parameters: 0.999999 0.000772799 0.000509823 -0.0007732 0.999997 0.00235761 -0.000508178 -0.00235839 0.999997 -0.139493 -0.765805 -0.150845
FixedParameters: 0 0 0

#Transform 107
Transform: AffineTransform_float_3_3
Parameters: 0.999999 0.000700356 0.000508887 -0.000700643 0.999999 0.00126564 -0.000508114 -0.00126536 0.999999 -0.136612 -0.786432 -0.137759
FixedParameters: 0 0 0

#Transform 108
Transform: AffineTransform_float_3_3
Parameters: 0.999999 0.000808777 0.000311577 -0.000808222 0.999999 0.000713748 -0.000311423 -0.000714252 0.999999 -0.145596 -0.817769 -0.149349
FixedParameters: 0 0 0

#Transform 109
Transform: AffineTransform_float_3_3
Parameters: 0.999999 0.000629434 0.000508701 -0.000629566 0.999999 0.00111368 -0.000508299 -0.00111432 1 -0.142083 -0.809818 -0.1294
FixedParameters: 0 0 0

#Transform 110
Transform: AffineTransform_float_3_3
Parameters: 0.999999 0.000915501 0.000324411 -0.0009165 0.999999 0.0015407 -0.000323588 -0.0015413 0.999999 -0.150194 -0.812745 -0.0973355
FixedParameters: 0 0 0

#Transform 111
Transform: AffineTransform_float_3_3
Parameters: 0.999999 0.000818655 0.000508555 -0.000819345 1 0.000677584 -0.000508444 -0.000678417 0.999999 -0.130344 -0.80429 -0.0952151
FixedParameters: 0 0 0

#Transform 112
Transform: AffineTransform_float_3_3
Parameters: 1 0.00106103 0.000130785 -0.00106097 1 -0.000203139 -0.000131215 0.000202861 1 -0.132374 -0.831547 -0.0901808
FixedParameters: 0 0 0

#Transform 113
Transform: AffineTransform_float_3_3
Parameters: 0.999999 0.00135437 0.000318425 -0.00135363 0.999999 -0.00116343 -0.000320574 0.00116257 1 -0.123375 -0.82841 -0.0882647
FixedParameters: 0 0 0

#Transform 114
Transform: AffineTransform_float_3_3
Parameters: 0.999999 0.000939116 -0.000255574 -0.000938884 1 0.00045324 0.000256425 -0.00045276 1 -0.105985 -0.814534 -0.127406
FixedParameters: 0 0 0

#Transform 115
Transform: AffineTransform_float_3_3
Parameters: 1 0.000985913 0.000603142 -0.000986086 0.999999 0.000143405 -0.000602859 -0.000143594 1 -0.111619 -0.818565 -0.157347
FixedParameters: 0 0 0

#Transform 116
Transform: AffineTransform_float_3_3
Parameters: 1 9.02755e-06 -0.000166999 -8.97244e-06 1 0.000165001 0.000167001 -0.000164998 1 -0.12734 -0.855111 -0.0866231
FixedParameters: 0 0 0

#Transform 117
Transform: AffineTransform_float_3_3
Parameters: 1 0.000983583 -0.00066262 -0.000983418 1 -0.000630349 0.00066138 0.000630651 0.999999 -0.128701 -0.889925 -0.171561
FixedParameters: 0 0 0

#Transform 118
Transform: AffineTransform_float_3_3
Parameters: 1 0.00104897 -5.26923e-05 -0.00104903 0.999999 -0.000659945 5.13076e-05 0.000660054 1 -0.127916 -0.931374 -0.21983
FixedParameters: 0 0 0

#Transform 119
Transform: AffineTransform_float_3_3
Parameters: 0.999999 0.00136686 -0.000283689 -0.00136714 0.999999 -0.000503613 0.000283311 0.000504388 1 -0.102794 -0.912021 -0.117393
FixedParameters: 0 0 0

#Transform 120
Transform: AffineTransform_float_3_3
Parameters: 0.999999 0.000998011 -0.000197942 -0.000997987 0.999999 5.81975e-05 0.000198059 -5.88023e-05 1 -0.110459 -0.924292 -0.155798
FixedParameters: 0 0 0

#Transform 121
Transform: AffineTransform_float_3_3
Parameters: 0.999999 0.000810028 0.000161857 -0.000809971 0.999999 -0.000176131 -0.000162142 0.000175869 1 -0.121365 -0.936662 -0.176699
FixedParameters: 0 0 0

#Transform 122
Transform: AffineTransform_float_3_3
Parameters: 0.999999 0.00123735 0.000556216 -0.00123665 0.999999 -0.000633688 -0.000556784 0.000633311 0.999999 -0.13077 -0.929041 -0.253555
FixedParameters: 0 0 0

#Transform 123
Transform: AffineTransform_float_3_3
Parameters: 1 0.00109021 0.000423468 -0.00108979 1 -0.000488462 -0.000424532 0.000487538 1 -0.132562 -0.96823 -0.246118
FixedParameters: 0 0 0

#Transform 124
Transform: AffineTransform_float_3_3
Parameters: 0.999999 0.000932016 0.000306948 -0.000931982 0.999999 -5.62861e-05 -0.000307052 5.57138e-05 1 -0.116329 -0.984779 -0.209176
FixedParameters: 0 0 0

#Transform 125
Transform: AffineTransform_float_3_3
Parameters: 0.999999 0.000984888 0.000229482 -0.000985112 1 0.000489774 -0.000228518 -0.000489225 1 -0.115374 -0.983022 -0.174069
FixedParameters: 0 0 0

#Transform 126
Transform: AffineTransform_float_3_3
Parameters: 0.999999 0.00138095 -5.81365e-05 -0.00138105 0.999998 -0.00082292 5.68633e-05 0.000823079 0.999999 -0.130082 -0.951298 -0.115764
FixedParameters: 0 0 0

#Transform 127
Transform: AffineTransform_float_3_3
Parameters: 0.999999 0.00144285 0.000375761 -0.00144115 0.999997 -0.00224555 -0.000379238 0.00224546 0.999998 -0.128234 -0.94082 -0.0946132
FixedParameters: 0 0 0

#Transform 128
Transform: AffineTransform_float_3_3
Parameters: 0.999999 0.00130059 0.000229655 -0.0012994 0.999996 -0.0025723 -0.000233343 0.0025717 0.999996 -0.128221 -0.961028 -0.0933479
FixedParameters: 0 0 0

#Transform 129
Transform: AffineTransform_float_3_3
Parameters: 1 0.00115914 5.94257e-05 -0.00115886 0.999997 -0.00222107 -6.25739e-05 0.00222093 0.999997 -0.116622 -0.95076 -0.0261655
FixedParameters: 0 0 0

#Transform 130
Transform: AffineTransform_float_3_3
Parameters: 0.999999 0.00125903 1.55021e-05 -0.00125897 0.999997 -0.00198402 -1.74978e-05 0.00198398 0.999998 -0.104587 -1.01902 -0.0695347
FixedParameters: 0 0 0

#Transform 131
Transform: AffineTransform_float_3_3
Parameters: 0.999999 0.00125715 6.94154e-05 -0.00125685 0.999997 -0.00205609 -7.25855e-05 0.00205691 0.999998 -0.124785 -0.985332 -0.0786894
FixedParameters: 0 0 0

#Transform 132
Transform: AffineTransform_float_3_3
Parameters: 0.999999 0.00142015 0.000100945 -0.00142085 0.999998 -0.00144714 -0.000103056 0.00144685 0.999999 -0.141284 -0.966901 -0.0262167
FixedParameters: 0 0 0

#Transform 133
Transform: AffineTransform_float_3_3
Parameters: 0.999999 0.00150455 0.000376802 -0.00150445 0.999998 -0.00146157 -0.000379198 0.00146043 0.999999 -0.134961 -0.983223 -0.0630909
FixedParameters: 0 0 0

#Transform 134
Transform: AffineTransform_float_3_3
Parameters: 0.999999 0.0015473 0.000151943 -0.0015467 0.999997 -0.00197624 -0.000155056 0.00197576 0.999998 -0.123026 -1.0095 -0.052544
FixedParameters: 0 0 0

#Transform 135
Transform: AffineTransform_float_3_3
Parameters: 0.999998 0.00171469 -0.000127246 -0.00171531 0.999996 -0.00247579 0.000123755 0.00247522 0.999997 -0.146882 -1.02944 -0.0616052
FixedParameters: 0 0 0

#Transform 136
Transform: AffineTransform_float_3_3
Parameters: 0.999998 0.00155759 0.000376567 -0.00155641 0.999997 -0.00156259 -0.000379432 0.00156241 0.999998 -0.162174 -1.00758 -0.041416
FixedParameters: 0 0 0

#Transform 137
Transform: AffineTransform_float_3_3
Parameters: 0.999998 0.00169154 0.000236184 -0.00169146 0.999996 -0.0022564 -0.000239818 0.0022566 0.999998 -0.144543 -1.00885 -0.0787501
FixedParameters: 0 0 0

#Transform 138
Transform: AffineTransform_float_3_3
Parameters: 0.999998 0.00168049 -0.000203225 -0.0016805 0.999996 -0.00251366 0.000198775 0.00251434 0.999997 -0.147249 -1.01769 -0.0454888
FixedParameters: 0 0 0

#Transform 139
Transform: AffineTransform_float_3_3
Parameters: 0.999998 0.00157877 -0.000118126 -0.00157923 0.999997 -0.00197982 0.000114875 0.00197918 0.999998 -0.142273 -1.02597 -0.054156
FixedParameters: 0 0 0

#Transform 140
Transform: AffineTransform_float_3_3
Parameters: 0.999999 0.00151706 2.59052e-05 -0.00151694 0.999997 -0.00204004 -2.90946e-05 0.00203996 0.999998 -0.141872 -1.03001 -0.0350223
FixedParameters: 0 0 0

#Transform 141
Transform: AffineTransform_float_3_3
Parameters: 0.999999 0.00148515 6.35843e-05 -0.00148485 0.999997 -0.0023001 -6.74153e-05 0.0022999 0.999998 -0.149162 -1.04263 -0.0177192
FixedParameters: 0 0 0

#Transform 142
Transform: AffineTransform_float_3_3
Parameters: 0.999999 0.00136299 -7.92089e-06 -0.00136301 0.999997 -0.00214299 5.07906e-06 0.00214301 0.999997 -0.142174 -1.05166 -0.0216113
FixedParameters: 0 0 0

#Transform 143
Transform: AffineTransform_float_3_3
Parameters: 1 0.00106499 0.000525994 -0.00106401 0.999997 -0.00188456 -0.000528006 0.00188444 0.999998 -0.163548 -1.05951 -0.0883516
FixedParameters: 0 0 0

#Transform 144
Transform: AffineTransform_float_3_3
Parameters: 0.999998 0.00153182 0.0013246 -0.00152818 0.999994 -0.00287703 -0.0013294 0.00287497 0.999995 -0.167191 -1.07742 -0.0959947
FixedParameters: 0 0 0

#Transform 145
Transform: AffineTransform_float_3_3
Parameters: 0.999998 0.00159207 0.00102122 -0.00158893 0.999994 -0.00300363 -0.00102578 0.00300237 0.999995 -0.171705 -1.10922 -0.0596374
FixedParameters: 0 0 0

#Transform 146
Transform: AffineTransform_float_3_3
Parameters: 0.999998 0.00122441 0.00105421 -0.00122159 0.999996 -0.00228429 -0.00105679 0.00228371 0.999997 -0.160779 -1.10348 -0.0475901
FixedParameters: 0 0 0

#Transform 147
Transform: AffineTransform_float_3_3
Parameters: 0.999998 0.00140951 0.00105365 -0.00140649 0.999996 -0.00237949 -0.00105635 0.00237751 0.999996 -0.16094 -1.09617 -0.0551262
FixedParameters: 0 0 0

#Transform 148
Transform: AffineTransform_float_3_3
Parameters: 0.999999 0.00173147 0.000647069 -0.00172953 0.999996 -0.00227212 -0.000650931 0.00227088 0.999997 -0.158404 -1.12053 -0.0790717
FixedParameters: 0 0 0

#Transform 149
Transform: AffineTransform_float_3_3
Parameters: 0.999999 0.0014011 0.000648627 -0.0013999 0.999997 -0.00169491 -0.000651373 0.00169409 0.999999 -0.159976 -1.11299 -0.0368576
FixedParameters: 0 0 0

#Transform 150
Transform: AffineTransform_float_3_3
Parameters: 0.999998 0.00193682 0.000645574 -0.00193418 0.999994 -0.00280325 -0.000651423 0.00280174 0.999996 -0.139309 -1.11895 0.000712134
FixedParameters: 0 0 0

#Transform 151
Transform: AffineTransform_float_3_3
Parameters: 0.999998 0.00168536 0.000170439 -0.00168463 0.999997 -0.00211329 -0.00017456 0.00211271 0.999998 -0.148075 -1.15038 -0.0450202
FixedParameters: 0 0 0

#Transform 152
Transform: AffineTransform_float_3_3
Parameters: 0.999998 0.00186857 0.000646484 -0.00186743 0.999996 -0.00241821 -0.000651518 0.00241779 0.999997 -0.164179 -1.15189 -0.0787966
FixedParameters: 0 0 0

#Transform 153
Transform: AffineTransform_float_3_3
Parameters: 0.999998 0.0018392 0.000568118 -0.0018378 0.999996 -0.00211205 -0.000571882 0.00211095 0.999997 -0.160917 -1.17765 -0.0678961
FixedParameters: 0 0 0

#Transform 154
Transform: AffineTransform_float_3_3
Parameters: 0.999999 0.00128452 0.000647995 -0.00128348 0.999997 -0.00234084 -0.000651006 0.00234017 0.999997 -0.155385 -1.19554 -0.0210922
FixedParameters: 0 0 0

#Transform 155
Transform: AffineTransform_float_3_3
Parameters: 0.999999 0.00116195 0.000814228 -0.00116005 0.999997 -0.00238795 -0.000816772 0.00238705 0.999997 -0.161672 -1.18772 -0.0306779
FixedParameters: 0 0 0
