# transform file /out/sourcedata/freesurfer/sub-v1s3x0050809_ses-1/mri/transforms/cc_up.lta
# created by oesteban on Tue Mar 10 02:18:41 2026

type      = 0 # LINEAR_VOX_TO_VOX
nxforms   = 1
mean      = 130.0000 138.0000 122.0000
sigma     = 10000.0000
1 4 4
9.985637664794922e-01 3.563420847058296e-02 -4.000819846987724e-02 -1.272354125976562e+00 
-3.560563921928406e-02 9.993649125099182e-01 1.426566392183304e-03 8.494989395141602e+00 
4.003362357616425e-02 0.000000000000000e+00 9.991983771324158e-01 -1.064930200576782e+00 
0.000000000000000e+00 0.000000000000000e+00 0.000000000000000e+00 1.000000000000000e+00 
src volume info
valid = 1  # volume info valid
filename = /out/sourcedata/freesurfer/sub-v1s3x0050809_ses-1/mri/norm.mgz
volume = 256 256 256
voxelsize = 1.000000000000000e+00 1.000000000000000e+00 1.000000000000000e+00
xras   = -1.000000000000000e+00 0.000000000000000e+00 0.000000000000000e+00
yras   = 0.000000000000000e+00 0.000000000000000e+00 -1.000000000000000e+00
zras   = 0.000000000000000e+00 1.000000000000000e+00 0.000000000000000e+00
cras   = 6.859054565429688e-01 -6.056365966796875e+00 1.220012664794922e+01
dst volume info
valid = 1  # volume info valid
filename = /out/sourcedata/freesurfer/sub-v1s3x0050809_ses-1/mri/norm.mgz
volume = 256 256 256
voxelsize = 1.000000000000000e+00 1.000000000000000e+00 1.000000000000000e+00
xras   = -1.000000000000000e+00 0.000000000000000e+00 0.000000000000000e+00
yras   = 0.000000000000000e+00 0.000000000000000e+00 -1.000000000000000e+00
zras   = 0.000000000000000e+00 1.000000000000000e+00 0.000000000000000e+00
cras   = 6.859054565429688e-01 -6.056365966796875e+00 1.220012664794922e+01
