#Insight Transform File V1.0
#Transform 0
Transform: AffineTransform_float_3_3
Parameters: 0.999997 -0.00102241 -0.00191461 0.00103159 0.99999 0.00449004 0.00191039 -0.00449197 0.999988 0.00915086 0.0591662 0.304393
FixedParameters: 0 0 0

#Transform 1
Transform: AffineTransform_float_3_3
Parameters: 0.999996 -0.00216326 -0.00193334 0.00217673 0.999976 0.00660882 0.00191865 -0.00661318 0.999977 0.0478161 0.0683851 0.33759
FixedParameters: 0 0 0

#Transform 2
Transform: AffineTransform_float_3_3
Parameters: 0.999996 -0.00198408 -0.00189402 0.00200292 0.999947 0.0100412 0.00187398 -0.0100447 0.999948 0.0435239 0.137927 0.461979
FixedParameters: 0 0 0

#Transform 3
Transform: AffineTransform_float_3_3
Parameters: 0.999998 -0.00178083 -0.00146148 0.00179017 0.999974 0.0069854 0.00144953 -0.0069876 0.999974 0.048972 0.072742 0.36089
FixedParameters: 0 0 0

#Transform 4
Transform: AffineTransform_float_3_3
Parameters: 0.999999 -0.000982102 -0.000890434 0.000986897 0.999985 0.00551813 0.000884568 -0.00551888 0.999985 0.0351 0.0924385 0.239459
FixedParameters: 0 0 0

#Transform 5
Transform: AffineTransform_float_3_3
Parameters: 0.999999 -0.00101609 -0.000858646 0.00101991 0.999989 0.00456313 0.000853355 -0.00456387 0.999989 0.0350451 0.0732801 0.248807
FixedParameters: 0 0 0

#Transform 6
Transform: AffineTransform_float_3_3
Parameters: 0.999999 -0.00129767 -0.000621995 0.00130033 0.999984 0.0053832 0.000615009 -0.0053838 0.999986 0.0436152 0.0800345 0.277868
FixedParameters: 0 0 0

#Transform 7
Transform: AffineTransform_float_3_3
Parameters: 0.999999 -0.000335868 -0.00145091 0.000344132 0.999984 0.00560751 0.00144909 -0.0056085 0.999983 0.0249947 0.0688204 0.240355
FixedParameters: 0 0 0

#Transform 8
Transform: AffineTransform_float_3_3
Parameters: 0.999998 -0.000419929 -0.00188082 0.000428072 0.99999 0.0042932 0.00187918 -0.0042938 0.999989 0.0443069 0.0294934 0.137982
FixedParameters: 0 0 0

#Transform 9
Transform: AffineTransform_float_3_3
Parameters: 0.999999 -0.000678049 -0.00103526 0.000682951 0.999989 0.0047903 0.00103174 -0.0047907 0.999988 0.0133018 0.0811285 0.0630566
FixedParameters: 0 0 0

#Transform 10
Transform: AffineTransform_float_3_3
Parameters: 1 -0.000105977 -0.000277393 0.000107022 0.999993 0.00369197 0.000276607 -0.00369203 0.999993 -0.0132004 0.106982 -0.0136553
FixedParameters: 0 0 0

#Transform 11
Transform: AffineTransform_float_3_3
Parameters: 1 -0.000577798 -0.000285447 0.0005792 0.999991 0.00422984 0.000282553 -0.00422916 0.999991 -0.0048911 0.0823876 0.0567888
FixedParameters: 0 0 0

#Transform 12
Transform: AffineTransform_float_3_3
Parameters: 1 -0.000419494 -0.000236897 0.000419505 0.999997 0.0021369 0.000236104 -0.0021371 0.999997 0.00301885 0.0376461 0.0162659
FixedParameters: 0 0 0

#Transform 13
Transform: AffineTransform_float_3_3
Parameters: 1 -0.000249784 -0.000354859 0.000251217 0.999994 0.00343191 0.00035414 -0.00343209 0.999994 0.0112542 0.0666262 0.0511979
FixedParameters: 0 0 0

#Transform 14
Transform: AffineTransform_float_3_3
Parameters: 1 -0.000249545 -0.000424858 0.000251455 0.999994 0.00342689 0.000424141 -0.00342711 0.999994 0.010983 0.0656558 0.0838531
FixedParameters: 0 0 0

#Transform 15
Transform: AffineTransform_float_3_3
Parameters: 0.999999 -0.00044845 -0.000622844 0.000451551 0.999991 0.00410072 0.000621154 -0.00410028 0.999992 0.00980633 0.0928008 0.139926
FixedParameters: 0 0 0

#Transform 16
Transform: AffineTransform_float_3_3
Parameters: 1 -0.000250095 -0.00035464 0.000250906 0.999996 0.00255491 0.00035436 -0.00255509 0.999996 -0.00676516 0.0483874 0.084993
FixedParameters: 0 0 0

#Transform 17
Transform: AffineTransform_float_3_3
Parameters: 1 -0.000250136 -0.000354611 0.000250865 0.999997 0.00243891 0.000354389 -0.00243909 0.999997 -0.00675817 0.0637419 0.0543714
FixedParameters: 0 0 0

#Transform 18
Transform: AffineTransform_float_3_3
Parameters: 1 -0.000468037 -0.00107686 0.000469964 0.999998 0.0018235 0.00107614 -0.0018245 0.999998 0.00115056 0.0385314 0.0593974
FixedParameters: 0 0 0

#Transform 19
Transform: AffineTransform_float_3_3
Parameters: 0.999999 -0.000494216 -0.000623621 0.000494784 0.999999 0.00125669 0.000623378 -0.00125731 0.999999 0.00253065 0.0312053 0.0678653
FixedParameters: 0 0 0

#Transform 20
Transform: AffineTransform_float_3_3
Parameters: 1 -0.000160252 -0.000353886 0.000159747 0.999999 -0.000713056 0.000354114 0.000712943 0.999999 -0.00721274 0.00155087 -0.00143662
FixedParameters: 0 0 0

#Transform 21
Transform: AffineTransform_float_3_3
Parameters: 1 -0.000138099 -0.000353961 0.0001379 1 -0.000281049 0.000354039 0.000280951 1 -0.000925052 0.0300207 -0.00350367
FixedParameters: 0 0 0

#Transform 22
Transform: AffineTransform_float_3_3
Parameters: 1 0.000157972 0.000123036 -0.000158028 1 0.000224981 -0.000122964 -0.000225019 1 -0.0099716 0.0113837 -0.0247562
FixedParameters: 0 0 0

#Transform 23
Transform: AffineTransform_float_3_3
Parameters: 1 0.00043188 0.000917587 -0.000431121 1 -0.000959397 -0.000917414 0.000958605 0.999999 -0.0317092 -0.0300246 -0.0865315
FixedParameters: 0 0 0

#Transform 24
Transform: AffineTransform_float_3_3
Parameters: 1 0.000271791 0.000173328 -0.000272209 0.999999 0.00120795 -0.000172671 -0.00120805 1 -0.0210673 0.022807 -0.0352421
FixedParameters: 0 0 0

#Transform 25
Transform: AffineTransform_float_3_3
Parameters: 1 6.67724e-05 0.00063613 -6.82273e-05 0.999998 0.00192996 -0.000635869 -0.00193004 0.999998 -0.00866887 0.0195035 -0.0410377
FixedParameters: 0 0 0

#Transform 26
Transform: AffineTransform_float_3_3
Parameters: 1 -7.6171e-05 0.000484817 7.48285e-05 0.999997 0.00241504 -0.000485182 -0.00241496 0.999997 -0.00765381 0.0189534 -0.0995191
FixedParameters: 0 0 0

#Transform 27
Transform: AffineTransform_float_3_3
Parameters: 1 7.91419e-05 0.000684217 -8.18574e-05 0.999997 0.00271595 -0.00068378 -0.00271606 0.999996 -0.00889188 0.0236507 -0.10376
FixedParameters: 0 0 0

#Transform 28
Transform: AffineTransform_float_3_3
Parameters: 1 0.000229418 0.000582625 -0.000231583 0.999997 0.00271587 -0.000582373 -0.00271614 0.999996 0.0223439 0.00392505 -0.0798133
FixedParameters: 0 0 0

#Transform 29
Transform: AffineTransform_float_3_3
Parameters: 1 0.000256745 -0.000398244 -0.00025325 0.999977 0.00687811 0.000400751 -0.0068779 0.999977 -0.028158 0.0323125 0.264107
FixedParameters: 0 0 0

#Transform 30
Transform: AffineTransform_float_3_3
Parameters: 0.999999 -0.000780362 0.000113538 0.000780636 0.999994 0.00315609 -0.000116464 -0.00315591 0.999995 0.00281322 -0.0279347 -0.000612498
FixedParameters: 0 0 0

#Transform 31
Transform: AffineTransform_float_3_3
Parameters: 0.999999 -0.000522918 0.00061307 0.000523082 1 -0.000133679 -0.00061293 0.000134321 1 0.0111201 -0.110039 -0.0667288
FixedParameters: 0 0 0

#Transform 32
Transform: AffineTransform_float_3_3
Parameters: 0.999999 -0.000702016 0.000564226 0.000702985 0.999998 -0.00174561 -0.000563773 0.0017464 0.999999 0.00670575 -0.154794 -0.0764558
FixedParameters: 0 0 0

#Transform 33
Transform: AffineTransform_float_3_3
Parameters: 0.999999 -0.000702125 0.000401533 0.000703876 0.999998 -0.00218272 -0.000400464 0.00218328 0.999997 0.0132828 -0.178067 -0.0459348
FixedParameters: 0 0 0

#Transform 34
Transform: AffineTransform_float_3_3
Parameters: 1 -0.000337262 0.000297838 0.000337738 0.999997 -0.0024809 -0.000297163 0.0024811 0.999997 0.0223055 -0.184985 -0.0701265
FixedParameters: 0 0 0

#Transform 35
Transform: AffineTransform_float_3_3
Parameters: 0.999999 -0.000702713 0.000210957 0.000703285 0.999999 -0.00136185 -0.000209042 0.00136215 0.999999 0.0182971 -0.147254 -0.0684904
FixedParameters: 0 0 0

#Transform 36
Transform: AffineTransform_float_3_3
Parameters: 0.999999 -0.000702527 0.000211578 0.000703472 0.999997 -0.00224585 -0.000209421 0.00224515 0.999998 0.00234223 -0.168068 -0.0852433
FixedParameters: 0 0 0

#Transform 37
Transform: AffineTransform_float_3_3
Parameters: 1 -0.000246334 0.000292562 0.000247667 0.999998 -0.00227993 -0.000292436 0.00228007 0.999998 0.026041 -0.167117 -0.0856457
FixedParameters: 0 0 0

#Transform 38
Transform: AffineTransform_float_3_3
Parameters: 1 -0.000339429 0.000210921 0.000339568 0.999997 -0.00271193 -0.00020908 0.00271207 0.999997 0.0251958 -0.166627 -0.106482
FixedParameters: 0 0 0

#Transform 39
Transform: AffineTransform_float_3_3
Parameters: 1 -0.000357496 0.000210856 0.000357501 0.999997 -0.00239293 -0.000209145 0.00239308 0.999997 0.013288 -0.155906 -0.133921
FixedParameters: 0 0 0

#Transform 40
Transform: AffineTransform_float_3_3
Parameters: 1 -0.000377015 -0.000259532 0.000375988 0.999993 -0.0038981 0.000260468 0.0038979 0.999993 0.00890392 -0.160291 -0.262264
FixedParameters: 0 0 0

#Transform 41
Transform: AffineTransform_float_3_3
Parameters: 1 -0.000501193 -0.000221562 0.000501806 0.999999 -0.000873111 0.000222438 0.000872888 0.999999 0.0564647 -0.154135 -0.14015
FixedParameters: 0 0 0

#Transform 42
Transform: AffineTransform_float_3_3
Parameters: 1 0.000284558 0.000424295 -0.000281443 0.999982 -0.00601812 -0.000425701 0.00601788 0.999982 0.0514471 -0.287328 -0.258657
FixedParameters: 0 0 0

#Transform 43
Transform: AffineTransform_float_3_3
Parameters: 0.999999 -0.000424103 0.000699378 0.000427901 0.999985 -0.00558171 -0.000697622 0.0055823 0.999984 0.0558119 -0.232307 -0.164506
FixedParameters: 0 0 0

#Transform 44
Transform: AffineTransform_float_3_3
Parameters: 0.999999 -0.000556539 0.000448817 0.000558461 0.999994 -0.00326175 -0.000447181 0.00326125 0.999994 0.0479028 -0.219331 -0.127437
FixedParameters: 0 0 0

#Transform 45
Transform: AffineTransform_float_3_3
Parameters: 0.999998 -0.00203196 0.000143621 0.00203204 0.999998 -0.000305709 -0.000143378 0.000306292 1 0.0843407 -0.178394 -0.063378
FixedParameters: 0 0 0

#Transform 46
Transform: AffineTransform_float_3_3
Parameters: 0.999999 -0.00154708 -5.48929e-05 0.00154692 0.999998 -0.00136209 5.71069e-05 0.00136191 0.999999 0.0867313 -0.235549 -0.136033
FixedParameters: 0 0 0

#Transform 47
Transform: AffineTransform_float_3_3
Parameters: 1 -0.000222465 -0.000232668 0.000219542 0.999945 -0.0105421 0.000234328 0.010542 0.999945 0.0313823 -0.43103 -0.49357
FixedParameters: 0 0 0

#Transform 48
Transform: AffineTransform_float_3_3
Parameters: 1 -0.000171842 -0.000206481 0.000170162 0.99996 -0.00889003 0.000207521 0.00888996 0.999961 0.0187236 -0.419006 -0.611235
FixedParameters: 0 0 0

#Transform 49
Transform: AffineTransform_float_3_3
Parameters: 0.999999 -0.000788306 -0.000966312 0.000785694 0.999994 -0.00341776 0.00096869 0.00341624 0.999993 0.03782 -0.359934 -0.503534
FixedParameters: 0 0 0

#Transform 50
Transform: AffineTransform_float_3_3
Parameters: 1 -0.000156881 0.000200879 0.000158119 0.999985 -0.00558097 -0.000200121 0.00558104 0.999985 0.0367336 -0.327132 -0.472071
FixedParameters: 0 0 0

#Transform 51
Transform: AffineTransform_float_3_3
Parameters: 0.999999 -1.28369e-05 0.00132421 2.71607e-05 0.999943 -0.010696 -0.00132379 0.010696 0.999942 0.0438402 -0.401816 -0.692405
FixedParameters: 0 0 0

#Transform 52
Transform: AffineTransform_float_3_3
Parameters: 0.999999 -0.000283247 0.000912762 0.000291755 0.999954 -0.00960374 -0.00091024 0.00960427 0.999954 0.046767 -0.35901 -0.623902
FixedParameters: 0 0 0

#Transform 53
Transform: AffineTransform_float_3_3
Parameters: 0.999999 -0.000522838 0.000948109 0.00053216 0.999953 -0.0096885 -0.000942887 0.00968949 0.999952 0.0655928 -0.353066 -0.603297
FixedParameters: 0 0 0

#Transform 54
Transform: AffineTransform_float_3_3
Parameters: 0.999998 -0.00105269 0.00125925 0.00106631 0.999943 -0.0106147 -0.00124775 0.0106163 0.999943 0.0729875 -0.355445 -0.59274
FixedParameters: 0 0 0

#Transform 55
Transform: AffineTransform_float_3_3
Parameters: 0.999999 -0.00110563 0.000975051 0.00111739 0.999931 -0.0117429 -0.000962944 0.0117441 0.99993 0.0594643 -0.382467 -0.667745
FixedParameters: 0 0 0

#Transform 56
Transform: AffineTransform_float_3_3
Parameters: 0.999999 -0.00040083 0.000844414 0.000410176 0.99994 -0.0108877 -0.000840584 0.0108873 0.999941 0.0380955 -0.387384 -0.656665
FixedParameters: 0 0 0

#Transform 57
Transform: AffineTransform_float_3_3
Parameters: 0.999999 -0.000598826 0.000770423 0.00060718 0.999943 -0.0106535 -0.000764575 0.0106535 0.999943 0.0414916 -0.401484 -0.591468
FixedParameters: 0 0 0

#Transform 58
Transform: AffineTransform_float_3_3
Parameters: 0.999999 -0.000892221 0.0012321 0.000905779 0.999937 -0.0112289 -0.00122191 0.0112301 0.999936 0.0382365 -0.37202 -0.534226
FixedParameters: 0 0 0

#Transform 59
Transform: AffineTransform_float_3_3
Parameters: 0.999999 -0.000761658 0.00137107 0.00077634 0.999944 -0.0104899 -0.00136293 0.010491 0.999944 0.0489096 -0.392113 -0.594827
FixedParameters: 0 0 0

#Transform 60
Transform: AffineTransform_float_3_3
Parameters: 1 -0.000888698 0.000812296 0.000898311 0.999933 -0.0115243 -0.000802701 0.0115247 0.999934 0.0478164 -0.395578 -0.61669
FixedParameters: 0 0 0

#Transform 61
Transform: AffineTransform_float_3_3
Parameters: 0.999999 -0.000139802 0.000811638 0.000148202 0.999935 -0.0113439 -0.000810371 0.0113441 0.999936 0.038201 -0.384407 -0.576795
FixedParameters: 0 0 0

#Transform 62
Transform: AffineTransform_float_3_3
Parameters: 0.999999 -0.000329602 0.000989868 0.0003404 0.999934 -0.0115367 -0.000986138 0.0115373 0.999933 0.0369409 -0.402533 -0.580827
FixedParameters: 0 0 0

#Transform 63
Transform: AffineTransform_float_3_3
Parameters: 1 -0.000400396 0.000577348 0.000407599 0.999913 -0.0132308 -0.000571657 0.0132312 0.999913 0.0236634 -0.424324 -0.558298
FixedParameters: 0 0 0

#Transform 64
Transform: AffineTransform_float_3_3
Parameters: 1 6.35249e-05 0.000626282 -5.54784e-05 0.999928 -0.012008 -0.000626711 0.012008 0.999927 0.0199079 -0.41171 -0.491033
FixedParameters: 0 0 0

#Transform 65
Transform: AffineTransform_float_3_3
Parameters: 1 0.000208973 0.00118362 -0.000195023 0.999931 -0.0117932 -0.00118638 0.0117928 0.99993 0.0202273 -0.406082 -0.530729
FixedParameters: 0 0 0

#Transform 66
Transform: AffineTransform_float_3_3
Parameters: 0.999999 -1.90544e-05 0.00126434 3.49413e-05 0.999921 -0.012613 -0.00126366 0.012613 0.999919 0.0143882 -0.386688 -0.511104
FixedParameters: 0 0 0

#Transform 67
Transform: AffineTransform_float_3_3
Parameters: 0.999999 0.000211894 0.000965053 -0.000198106 0.999896 -0.0143752 -0.000967947 0.0143748 0.999896 0.00165133 -0.446626 -0.564963
FixedParameters: 0 0 0

#Transform 68
Transform: AffineTransform_float_3_3
Parameters: 1 -0.000679767 -4.32881e-05 0.000679222 0.999876 -0.015766 5.47154e-05 0.015766 0.999875 0.040033 -0.440833 -0.509676
FixedParameters: 0 0 0

#Transform 69
Transform: AffineTransform_float_3_3
Parameters: 1 0.00078832 0.000827593 -0.000774674 0.999853 -0.0171627 -0.00084142 0.0171624 0.999853 0.0371343 -0.499336 -0.585667
FixedParameters: 0 0 0

#Transform 70
Transform: AffineTransform_float_3_3
Parameters: 1 1.50755e-05 0.000214753 -1.09388e-05 0.99982 -0.018965 -0.000214246 0.018965 0.99982 0.0345392 -0.507393 -0.661347
FixedParameters: 0 0 0

#Transform 71
Transform: AffineTransform_float_3_3
Parameters: 0.999999 -0.00080253 -0.00130471 0.000772462 0.999729 -0.023235 0.00132331 0.023234 0.999729 0.0321149 -0.571083 -0.717545
FixedParameters: 0 0 0

#Transform 72
Transform: AffineTransform_float_3_3
Parameters: 1 -0.000945327 -0.000535814 0.000932692 0.999745 -0.0225565 0.00055618 0.0225565 0.999746 0.0262756 -0.549878 -0.667764
FixedParameters: 0 0 0

#Transform 73
Transform: AffineTransform_float_3_3
Parameters: 1 -0.000616774 -0.000916441 0.000593213 0.999669 -0.0257186 0.000932565 0.0257184 0.999669 0.0159038 -0.590661 -0.716204
FixedParameters: 0 0 0

#Transform 74
Transform: AffineTransform_float_3_3
Parameters: 0.999996 -0.00164874 -0.00201012 0.00160427 0.999756 -0.0220573 0.00204588 0.0220537 0.999754 0.0597469 -0.53032 -0.665845
FixedParameters: 0 0 0

#Transform 75
Transform: AffineTransform_float_3_3
Parameters: 0.999999 -0.000570779 -0.000678645 0.000557213 0.999797 -0.0201344 0.000690359 0.0201336 0.999797 0.0203048 -0.509047 -0.56483
FixedParameters: 0 0 0

#Transform 76
Transform: AffineTransform_float_3_3
Parameters: 1 -0.000259585 -0.000263614 0.000254406 0.99978 -0.0209711 0.000269394 0.0209709 0.99978 0.0156609 -0.536383 -0.740355
FixedParameters: 0 0 0

#Transform 77
Transform: AffineTransform_float_3_3
Parameters: 0.999999 -0.00101666 -0.00107686 0.000995339 0.999818 -0.0190131 0.00109612 0.0190119 0.999818 0.0219121 -0.447543 -0.623943
FixedParameters: 0 0 0

#Transform 78
Transform: AffineTransform_float_3_3
Parameters: 0.999999 -0.000623128 -0.000620081 0.000610873 0.999781 -0.0209514 0.000632937 0.0209506 0.999781 0.0186692 -0.47885 -0.66334
FixedParameters: 0 0 0

#Transform 79
Transform: AffineTransform_float_3_3
Parameters: 1 -0.000683884 -0.000858046 0.000666117 0.999786 -0.0206726 0.000871956 0.0206714 0.999786 0.0122487 -0.480578 -0.702264
FixedParameters: 0 0 0

#Transform 80
Transform: AffineTransform_float_3_3
Parameters: 1 -0.000249427 -0.000108587 0.000246564 0.999762 -0.021806 0.000114404 0.021806 0.999762 0.00585313 -0.487496 -0.841604
FixedParameters: 0 0 0

#Transform 81
Transform: AffineTransform_float_3_3
Parameters: 1 -0.000858316 -0.000559485 0.000847694 0.999835 -0.0181845 0.00057451 0.0181835 0.999835 0.0199362 -0.428836 -0.680148
FixedParameters: 0 0 0

#Transform 82
Transform: AffineTransform_float_3_3
Parameters: 0.999999 -0.00035597 -0.000932699 0.000339024 0.999835 -0.0181323 0.000939301 0.0181317 0.999835 0.0282337 -0.442517 -0.71989
FixedParameters: 0 0 0

#Transform 83
Transform: AffineTransform_float_3_3
Parameters: 0.999999 -0.000388393 -0.000803741 0.000373602 0.999818 -0.0190643 0.000811269 0.0190637 0.999818 0.027935 -0.459057 -0.778147
FixedParameters: 0 0 0

#Transform 84
Transform: AffineTransform_float_3_3
Parameters: 1 -0.000243411 -0.000176386 0.000239597 0.999818 -0.019086 0.000180606 0.019086 0.999818 0.0134346 -0.473668 -0.72875
FixedParameters: 0 0 0

#Transform 85
Transform: AffineTransform_float_3_3
Parameters: 1 -0.000284023 0.000290957 0.000289957 0.999784 -0.0207519 -0.000284044 0.0207521 0.999784 0.0205475 -0.502173 -0.790741
FixedParameters: 0 0 0

#Transform 86
Transform: AffineTransform_float_3_3
Parameters: 1 7.52035e-06 0.000295906 -1.47777e-06 0.999758 -0.022028 -0.000296104 0.022029 0.999758 0.00456795 -0.540613 -0.830031
FixedParameters: 0 0 0

#Transform 87
Transform: AffineTransform_float_3_3
Parameters: 1 -0.000364043 -4.64532e-05 0.000362967 0.999785 -0.020758 5.3546e-05 0.020758 0.999784 0.011146 -0.492824 -0.770221
FixedParameters: 0 0 0

#Transform 88
Transform: AffineTransform_float_3_3
Parameters: 1 -0.000348215 -6.81081e-06 0.000347781 0.999786 -0.02065 1.41847e-05 0.02065 0.999787 0.0255606 -0.496692 -0.763498
FixedParameters: 0 0 0

#Transform 89
Transform: AffineTransform_float_3_3
Parameters: 1 -0.000286893 0.000204876 0.000290109 0.999793 -0.020334 -0.000199142 0.0203341 0.999793 0.0168482 -0.480493 -0.752413
FixedParameters: 0 0 0

#Transform 90
Transform: AffineTransform_float_3_3
Parameters: 1 -0.000286854 0.000204931 0.000290148 0.99979 -0.020527 -0.000199086 0.0205271 0.99979 0.00686303 -0.469739 -0.782618
FixedParameters: 0 0 0

#Transform 91
Transform: AffineTransform_float_3_3
Parameters: 1 -0.000294057 -0.000141829 0.000290939 0.999778 -0.0210941 0.00014817 0.021094 0.999778 -0.00605245 -0.48615 -0.78384
FixedParameters: 0 0 0

#Transform 92
Transform: AffineTransform_float_3_3
Parameters: 0.999999 -0.000852739 -0.000287751 0.000845255 0.999743 -0.0226593 0.000307232 0.0226597 0.999743 0.00702203 -0.510916 -0.839882
FixedParameters: 0 0 0

#Transform 93
Transform: AffineTransform_float_3_3
Parameters: 0.999999 -0.000291213 0.000934409 0.000313778 0.999701 -0.0244807 -0.000926596 0.0244803 0.9997 0.00205638 -0.578369 -0.882714
FixedParameters: 0 0 0

#Transform 94
Transform: AffineTransform_float_3_3
Parameters: 1 -0.000581671 0.000943099 0.000607326 0.999633 -0.0270824 -0.000926892 0.0270835 0.999633 0.016648 -0.607924 -0.856123
FixedParameters: 0 0 0

#Transform 95
Transform: AffineTransform_float_3_3
Parameters: 1 -0.000488931 8.3233e-05 0.000491063 0.999635 -0.027003 -6.97653e-05 0.0270031 0.999636 0.0175445 -0.613876 -0.871252
FixedParameters: 0 0 0

#Transform 96
Transform: AffineTransform_float_3_3
Parameters: 1 -0.000293124 0.000502358 0.000306866 0.999612 -0.0278479 -0.000493646 0.0278482 0.999612 0.01556 -0.663967 -0.901137
FixedParameters: 0 0 0

#Transform 97
Transform: AffineTransform_float_3_3
Parameters: 1 -0.000340069 0.000503691 0.000353939 0.99961 -0.0279198 -0.000494311 0.0279202 0.99961 0.0092008 -0.66122 -0.887305
FixedParameters: 0 0 0

#Transform 98
Transform: AffineTransform_float_3_3
Parameters: 0.999999 -0.000226126 0.000775713 0.000247882 0.999599 -0.0283148 -0.000769289 0.0283152 0.999599 -0.000429726 -0.652484 -0.849341
FixedParameters: 0 0 0

#Transform 99
Transform: AffineTransform_float_3_3
Parameters: 1 -0.000570705 8.83698e-05 0.000573313 0.99959 -0.02862 -7.26221e-05 0.0286191 0.999591 -0.00127429 -0.655567 -0.870302
FixedParameters: 0 0 0

#Transform 100
Transform: AffineTransform_float_3_3
Parameters: 1 -0.000584119 -0.00034798 0.00057288 0.999515 -0.0311392 0.000366016 0.0311388 0.999515 -0.00689363 -0.716341 -0.866617
FixedParameters: 0 0 0

#Transform 101
Transform: AffineTransform_float_3_3
Parameters: 1 -0.000274843 0.000405511 0.000286142 0.999541 -0.0302899 -0.000396515 0.0302901 0.999541 -0.00141836 -0.718939 -0.852565
FixedParameters: 0 0 0

#Transform 102
Transform: AffineTransform_float_3_3
Parameters: 0.999999 -0.000289563 0.000771794 0.000312413 0.999572 -0.0292308 -0.000762194 0.0292312 0.999573 -0.00418297 -0.683557 -0.844871
FixedParameters: 0 0 0

#Transform 103
Transform: AffineTransform_float_3_3
Parameters: 1 -0.000224068 -0.000102545 0.000220948 0.99958 -0.029002 0.000108454 0.029002 0.99958 -0.00672834 -0.655568 -0.820684
FixedParameters: 0 0 0

#Transform 104
Transform: AffineTransform_float_3_3
Parameters: 1 -0.00024936 5.93659e-05 0.000250658 0.999566 -0.029436 -5.26444e-05 0.029436 0.999566 0.00228515 -0.662073 -0.809761
FixedParameters: 0 0 0

#Transform 105
Transform: AffineTransform_float_3_3
Parameters: 0.999999 7.82744e-05 0.00100014 -4.87296e-05 0.999572 -0.029237 -0.00100185 0.0292369 0.999572 0.00146067 -0.686461 -0.843584
FixedParameters: 0 0 0

#Transform 106
Transform: AffineTransform_float_3_3
Parameters: 1 -8.95442e-05 0.000423824 0.000102461 0.999566 -0.029481 -0.000421162 0.0294811 0.999566 0.00624891 -0.697398 -0.841744
FixedParameters: 0 0 0

#Transform 107
Transform: AffineTransform_float_3_3
Parameters: 1 3.8896e-05 0.000294963 -3.01028e-05 0.999547 -0.0301 -0.00029604 0.0301 0.999547 -0.00530562 -0.709563 -0.880344
FixedParameters: 0 0 0

#Transform 108
Transform: AffineTransform_float_3_3
Parameters: 1 -4.51788e-05 0.000325685 5.58318e-05 0.999446 -0.033303 -0.000324321 0.033303 0.999445 -0.0126545 -0.743734 -1.01945
FixedParameters: 0 0 0

#Transform 109
Transform: AffineTransform_float_3_3
Parameters: 1 8.35986e-06 0.000478978 7.36037e-06 0.999486 -0.032059 -0.00047901 0.032059 0.999486 -0.0026804 -0.721396 -0.962886
FixedParameters: 0 0 0

#Transform 110
Transform: AffineTransform_float_3_3
Parameters: 1 0.000132391 0.00118257 -9.65965e-05 0.999553 -0.0298771 -0.00118642 0.0298768 0.999553 -0.0145401 -0.711858 -0.867487
FixedParameters: 0 0 0

#Transform 111
Transform: AffineTransform_float_3_3
Parameters: 1 -9.1939e-05 0.00069627 0.000114052 0.999496 -0.0317509 -0.000692728 0.0317511 0.999495 -0.00957782 -0.735266 -0.897098
FixedParameters: 0 0 0

#Transform 112
Transform: AffineTransform_float_3_3
Parameters: 1 -0.000386636 -1.71006e-05 0.000385367 0.999602 -0.028208 2.78815e-05 0.028208 0.999602 -0.0172104 -0.654763 -0.727348
FixedParameters: 0 0 0

#Transform 113
Transform: AffineTransform_float_3_3
Parameters: 0.999999 0.000200396 0.000743321 -0.000177613 0.999549 -0.0300091 -0.000748667 0.0300089 0.99955 -0.0144263 -0.706138 -0.788718
FixedParameters: 0 0 0

#Transform 114
Transform: AffineTransform_float_3_3
Parameters: 0.999999 -0.000902856 -0.000294085 0.000894145 0.999583 -0.0288393 0.000319919 0.0288387 0.999584 -0.00181464 -0.667382 -0.80678
FixedParameters: 0 0 0

#Transform 115
Transform: AffineTransform_float_3_3
Parameters: 0.999999 -0.000774239 -0.000132207 0.000770767 0.999564 -0.0295131 0.000154815 0.0295129 0.999565 -0.012988 -0.682497 -0.840469
FixedParameters: 0 0 0

#Transform 116
Transform: AffineTransform_float_3_3
Parameters: 1 -0.000769204 0.000716014 0.000789797 0.999564 -0.0295125 -0.000692994 0.0295126 0.999564 -0.00388579 -0.730753 -0.842222
FixedParameters: 0 0 0

#Transform 117
Transform: AffineTransform_float_3_3
Parameters: 1 -0.000774821 0.000574908 0.000791184 0.999534 -0.0305106 -0.000551118 0.0305105 0.999535 -0.0159875 -0.736474 -0.853011
FixedParameters: 0 0 0

#Transform 118
Transform: AffineTransform_float_3_3
Parameters: 0.999999 3.34379e-06 0.000712195 1.73381e-05 0.999592 -0.028563 -0.000711795 0.028563 0.999591 -0.0208428 -0.739254 -0.788434
FixedParameters: 0 0 0

#Transform 119
Transform: AffineTransform_float_3_3
Parameters: 0.999999 -0.000395879 -0.00135393 0.000352117 0.999479 -0.0322575 0.00136607 0.0322565 0.999478 -0.013953 -0.767879 -0.911067
FixedParameters: 0 0 0

#Transform 120
Transform: AffineTransform_float_3_3
Parameters: 1 -0.000654966 0.000104271 0.000658025 0.999475 -0.0323929 -8.2728e-05 0.0323931 0.999475 -0.016588 -0.778976 -0.920783
FixedParameters: 0 0 0

#Transform 121
Transform: AffineTransform_float_3_3
Parameters: 0.999999 -0.00170875 -0.000697949 0.00168725 0.999546 -0.0300612 0.000749058 0.0300598 0.999548 0.000236616 -0.698764 -0.748153
FixedParameters: 0 0 0

#Transform 122
Transform: AffineTransform_float_3_3
Parameters: 0.999999 -0.000873783 8.44197e-05 0.000875234 0.999508 -0.0313329 -5.76045e-05 0.0313331 0.999509 -0.00749141 -0.745521 -0.810289
FixedParameters: 0 0 0

#Transform 123
Transform: AffineTransform_float_3_3
Parameters: 1 -0.00109154 -0.000502534 0.00107545 0.999494 -0.0318086 0.00053748 0.0318074 0.999494 -0.0202434 -0.752214 -0.801268
FixedParameters: 0 0 0

#Transform 124
Transform: AffineTransform_float_3_3
Parameters: 0.999999 -0.000731528 -0.000507988 0.000715471 0.999493 -0.0318084 0.000531026 0.0318076 0.999494 -0.0332257 -0.74666 -0.801378
FixedParameters: 0 0 0

#Transform 125
Transform: AffineTransform_float_3_3
Parameters: 0.999999 -0.00117835 -0.000520365 0.00116063 0.999482 -0.0321676 0.000558623 0.0321664 0.999483 -0.0385908 -0.765557 -0.816851
FixedParameters: 0 0 0

#Transform 126
Transform: AffineTransform_float_3_3
Parameters: 1 -0.000825498 -0.000755061 0.000801505 0.999491 -0.0318886 0.000780956 0.0318884 0.999491 -0.0338801 -0.773843 -0.802085
FixedParameters: 0 0 0

#Transform 127
Transform: AffineTransform_float_3_3
Parameters: 0.999999 -0.000920534 -0.00098778 0.000886458 0.99944 -0.0334289 0.0010182 0.0334281 0.99944 -0.0596032 -0.780535 -0.826037
FixedParameters: 0 0 0

#Transform 128
Transform: AffineTransform_float_3_3
Parameters: 1 -0.000382213 -0.00104817 0.000344794 0.999377 -0.0352754 0.00106082 0.0352756 0.999377 -0.0564018 -0.821992 -0.88053
FixedParameters: 0 0 0

#Transform 129
Transform: AffineTransform_float_3_3
Parameters: 0.999999 9.34999e-05 -0.000785917 -0.000121503 0.99934 -0.0363419 0.000782101 0.0363421 0.999339 -0.0772556 -0.844969 -0.943932
FixedParameters: 0 0 0

#Transform 130
Transform: AffineTransform_float_3_3
Parameters: 0.999999 0.000386931 -0.00132005 -0.000435067 0.99933 -0.0366105 0.00130495 0.0366115 0.999328 -0.0855555 -0.830058 -0.986748
FixedParameters: 0 0 0

#Transform 131
Transform: AffineTransform_float_3_3
Parameters: 0.999999 -0.000258079 -0.00143661 0.000205907 0.999347 -0.0361343 0.00144538 0.0361337 0.999346 -0.0678999 -0.829558 -0.949825
FixedParameters: 0 0 0

#Transform 132
Transform: AffineTransform_float_3_3
Parameters: 0.999998 -0.000297605 -0.00159231 0.000239405 0.999349 -0.0360564 0.00160167 0.0360556 0.999349 -0.0649288 -0.829378 -0.959666
FixedParameters: 0 0 0

#Transform 133
Transform: AffineTransform_float_3_3
Parameters: 0.999999 2.29422e-05 -0.00157812 -8.50528e-05 0.999226 -0.0393349 0.00157587 0.0393351 0.999225 -0.0682784 -0.912877 -1.03905
FixedParameters: 0 0 0

#Transform 134
Transform: AffineTransform_float_3_3
Parameters: 1 0.000208883 -0.00118683 -0.000254124 0.999273 -0.0381427 0.00117816 0.0381433 0.999271 -0.0774182 -0.886809 -1.00416
FixedParameters: 0 0 0

#Transform 135
Transform: AffineTransform_float_3_3
Parameters: 0.999999 0.000799914 -0.00101714 -0.000838081 0.999277 -0.0380122 0.000985855 0.0380128 0.999277 -0.0308763 -0.715626 0.0304922
FixedParameters: 0 0 0

#Transform 136
Transform: AffineTransform_float_3_3
Parameters: 0.999993 0.0015112 0.00343135 -0.00157379 0.99983 0.0183737 -0.00340266 -0.0183783 0.999826 0.034876 0.183544 3.15681
FixedParameters: 0 0 0

#Transform 137
Transform: AffineTransform_float_3_3
Parameters: 0.999994 -0.00221361 0.00291126 0.00217838 0.999924 0.0121784 -0.00293874 -0.0121726 0.999921 0.0515379 -0.0093503 1.58086
FixedParameters: 0 0 0

#Transform 138
Transform: AffineTransform_float_3_3
Parameters: 0.999998 -0.00185717 0.000715013 0.00186384 0.999952 -0.00968069 -0.000696989 0.00968132 0.999953 0.0810533 -0.432446 0.358154
FixedParameters: 0 0 0

#Transform 139
Transform: AffineTransform_float_3_3
Parameters: 0.999996 -0.00243706 -0.00103731 0.00242193 0.999895 -0.0142806 0.00107269 0.0142774 0.999898 0.114132 -0.522305 0.429116
FixedParameters: 0 0 0

#Transform 140
Transform: AffineTransform_float_3_3
Parameters: 0.999996 -0.00266893 -0.00146807 0.00264607 0.999878 -0.015405 0.00150894 0.015401 0.999881 0.123936 -0.585237 0.405105
FixedParameters: 0 0 0

#Transform 141
Transform: AffineTransform_float_3_3
Parameters: 0.999996 -0.00255729 6.61443e-05 0.00255871 0.999879 -0.0153039 -2.68444e-05 0.0153041 0.999883 0.112663 -0.589762 0.437792
FixedParameters: 0 0 0

#Transform 142
Transform: AffineTransform_float_3_3
Parameters: 0.999995 -0.00227794 0.00189741 0.00231105 0.999843 -0.0176087 -0.00185659 0.0176133 0.999843 0.131082 -0.617479 0.377134
FixedParameters: 0 0 0

#Transform 143
Transform: AffineTransform_float_3_3
Parameters: 0.999996 -0.00247059 0.00150053 0.0025004 0.999799 -0.0199263 -0.00145046 0.0199307 0.999801 0.138558 -0.672034 0.425102
FixedParameters: 0 0 0

#Transform 144
Transform: AffineTransform_float_3_3
Parameters: 0.999996 -0.00273877 0.000671917 0.00275223 0.99975 -0.0221812 -0.0006111 0.0221828 0.999753 0.160602 -0.723525 0.47564
FixedParameters: 0 0 0

#Transform 145
Transform: AffineTransform_float_3_3
Parameters: 0.999996 -0.00232636 0.00192146 0.00237466 0.999666 -0.0257145 -0.00186155 0.0257184 0.999667 0.150304 -0.752194 0.427031
FixedParameters: 0 0 0

#Transform 146
Transform: AffineTransform_float_3_3
Parameters: 0.999996 -0.00257018 0.00159965 0.0026138 0.999604 -0.0280209 -0.00152635 0.0280251 0.999606 0.158419 -0.807216 0.38042
FixedParameters: 0 0 0

#Transform 147
Transform: AffineTransform_float_3_3
Parameters: 0.999996 -0.00213603 0.00152458 0.00217798 0.999604 -0.0280768 -0.00146442 0.0280802 0.999604 0.172474 -0.81033 0.402348
FixedParameters: 0 0 0

#Transform 148
Transform: AffineTransform_float_3_3
Parameters: 0.999997 -0.00233753 0.0013786 0.00237548 0.999609 -0.0278358 -0.00131338 0.0278392 0.999611 0.156342 -0.827692 0.3906
FixedParameters: 0 0 0

#Transform 149
Transform: AffineTransform_float_3_3
Parameters: 0.999995 -0.002321 0.00185178 0.002375 0.999555 -0.0297107 -0.00178222 0.0297143 0.999557 0.152862 -0.826773 0.342532
FixedParameters: 0 0 0

#Transform 150
Transform: AffineTransform_float_3_3
Parameters: 0.999995 -0.00262565 0.00172995 0.00267635 0.999553 -0.0297735 -0.00165104 0.0297785 0.999555 0.156056 -0.831374 0.364182
FixedParameters: 0 0 0

#Transform 151
Transform: AffineTransform_float_3_3
Parameters: 0.999994 -0.00229468 0.00266142 0.0023753 0.999529 -0.0305788 -0.00258957 0.0305851 0.999529 0.160086 -0.848858 0.251915
FixedParameters: 0 0 0

#Transform 152
Transform: AffineTransform_float_3_3
Parameters: 0.999992 -0.00256326 0.00285045 0.00264976 0.999521 -0.0308547 -0.00277055 0.0308623 0.99952 0.152123 -0.859098 0.210586
FixedParameters: 0 0 0

#Transform 153
Transform: AffineTransform_float_3_3
Parameters: 0.999993 -0.00274161 0.00225827 0.00281238 0.999491 -0.0317779 -0.00216972 0.0317842 0.999493 0.160977 -0.868544 0.145488
FixedParameters: 0 0 0

#Transform 154
Transform: AffineTransform_float_3_3
Parameters: 0.999995 -0.00289257 0.00141629 0.00294042 0.999393 -0.034719 -0.0013147 0.034723 0.999396 0.155743 -0.902271 0.0324406
FixedParameters: 0 0 0

#Transform 155
Transform: AffineTransform_float_3_3
Parameters: 0.999994 -0.00287981 0.00161089 0.00293519 0.99937 -0.0353745 -0.0015081 0.0353795 0.999373 0.16525 -0.953019 -0.035198
FixedParameters: 0 0 0
