# transform file /out/sourcedata/freesurfer/sub-v1s3x0050824_ses-1/mri/transforms/cc_up.lta
# created by oesteban on Tue Mar 10 03:30:20 2026

type      = 0 # LINEAR_VOX_TO_VOX
nxforms   = 1
mean      = 129.0000 133.0000 126.0000
sigma     = 10000.0000
1 4 4
9.989903569221497e-01 -4.387804493308067e-02 -9.643538855016232e-03 6.289568424224854e+00 
4.387600347399712e-02 9.990369081497192e-01 -4.235475789755583e-04 8.500613212585449e+00 
9.652836248278618e-03 0.000000000000000e+00 9.999533891677856e-01 6.760369777679443e+00 
0.000000000000000e+00 0.000000000000000e+00 0.000000000000000e+00 1.000000000000000e+00 
src volume info
valid = 1  # volume info valid
filename = /out/sourcedata/freesurfer/sub-v1s3x0050824_ses-1/mri/norm.mgz
volume = 256 256 256
voxelsize = 1.000000000000000e+00 1.000000000000000e+00 1.000000000000000e+00
xras   = -1.000000000000000e+00 0.000000000000000e+00 0.000000000000000e+00
yras   = 0.000000000000000e+00 0.000000000000000e+00 -1.000000000000000e+00
zras   = 0.000000000000000e+00 1.000000000000000e+00 0.000000000000000e+00
cras   = -2.903343200683594e+00 -2.045357513427734e+01 1.029516601562500e+01
dst volume info
valid = 1  # volume info valid
filename = /out/sourcedata/freesurfer/sub-v1s3x0050824_ses-1/mri/norm.mgz
volume = 256 256 256
voxelsize = 1.000000000000000e+00 1.000000000000000e+00 1.000000000000000e+00
xras   = -1.000000000000000e+00 0.000000000000000e+00 0.000000000000000e+00
yras   = 0.000000000000000e+00 0.000000000000000e+00 -1.000000000000000e+00
zras   = 0.000000000000000e+00 1.000000000000000e+00 0.000000000000000e+00
cras   = -2.903343200683594e+00 -2.045357513427734e+01 1.029516601562500e+01
