# transform file /out/sourcedata/freesurfer/sub-v1s3x0050802_ses-1/mri/transforms/cc_up.lta
# created by oesteban on Tue Mar 10 02:32:10 2026

type      = 0 # LINEAR_VOX_TO_VOX
nxforms   = 1
mean      = 129.0000 129.0000 125.0000
sigma     = 10000.0000
1 4 4
9.999155998229980e-01 9.863656945526600e-03 -8.459026925265789e-03 -1.615916728973389e+00 
-9.863303974270821e-03 9.999514222145081e-01 8.344100206159055e-05 1.727309417724609e+01 
8.459438569843769e-03 -7.275957614183426e-12 9.999642372131348e-01 5.908448696136475e+00 
0.000000000000000e+00 0.000000000000000e+00 0.000000000000000e+00 1.000000000000000e+00 
src volume info
valid = 1  # volume info valid
filename = /out/sourcedata/freesurfer/sub-v1s3x0050802_ses-1/mri/norm.mgz
volume = 256 256 256
voxelsize = 1.000000000000000e+00 1.000000000000000e+00 1.000000000000000e+00
xras   = -1.000000000000000e+00 0.000000000000000e+00 0.000000000000000e+00
yras   = 0.000000000000000e+00 0.000000000000000e+00 -1.000000000000000e+00
zras   = 0.000000000000000e+00 1.000000000000000e+00 0.000000000000000e+00
cras   = 2.302764892578125e+00 -1.474933624267578e+01 5.757011413574219e+00
dst volume info
valid = 1  # volume info valid
filename = /out/sourcedata/freesurfer/sub-v1s3x0050802_ses-1/mri/norm.mgz
volume = 256 256 256
voxelsize = 1.000000000000000e+00 1.000000000000000e+00 1.000000000000000e+00
xras   = -1.000000000000000e+00 0.000000000000000e+00 0.000000000000000e+00
yras   = 0.000000000000000e+00 0.000000000000000e+00 -1.000000000000000e+00
zras   = 0.000000000000000e+00 1.000000000000000e+00 0.000000000000000e+00
cras   = 2.302764892578125e+00 -1.474933624267578e+01 5.757011413574219e+00
