# transform file /out/sourcedata/freesurfer/sub-v1s3x0050804_ses-1/mri/transforms/cc_up.lta
# created by oesteban on Tue Mar 10 02:32:03 2026

type      = 0 # LINEAR_VOX_TO_VOX
nxforms   = 1
mean      = 128.0000 159.0000 122.0000
sigma     = 10000.0000
1 4 4
9.998857378959656e-01 1.020049676299095e-02 -1.116437371820211e-02 6.416796445846558e-01 
-1.019986160099506e-02 9.999480247497559e-01 1.138880907092243e-04 -1.670841789245605e+01 
1.116495393216610e-02 -7.275958481545164e-12 9.999377727508545e-01 2.658828735351562e+01 
0.000000000000000e+00 0.000000000000000e+00 0.000000000000000e+00 1.000000000000000e+00 
src volume info
valid = 1  # volume info valid
filename = /out/sourcedata/freesurfer/sub-v1s3x0050804_ses-1/mri/norm.mgz
volume = 256 256 256
voxelsize = 1.000000000000000e+00 1.000000000000000e+00 1.000000000000000e+00
xras   = -1.000000000000000e+00 0.000000000000000e+00 0.000000000000000e+00
yras   = 0.000000000000000e+00 0.000000000000000e+00 -1.000000000000000e+00
zras   = 0.000000000000000e+00 1.000000000000000e+00 0.000000000000000e+00
cras   = -2.435531616210938e+00 -3.696490478515625e+01 6.247686767578125e+01
dst volume info
valid = 1  # volume info valid
filename = /out/sourcedata/freesurfer/sub-v1s3x0050804_ses-1/mri/norm.mgz
volume = 256 256 256
voxelsize = 1.000000000000000e+00 1.000000000000000e+00 1.000000000000000e+00
xras   = -1.000000000000000e+00 0.000000000000000e+00 0.000000000000000e+00
yras   = 0.000000000000000e+00 0.000000000000000e+00 -1.000000000000000e+00
zras   = 0.000000000000000e+00 1.000000000000000e+00 0.000000000000000e+00
cras   = -2.435531616210938e+00 -3.696490478515625e+01 6.247686767578125e+01
