# transform file /out/sourcedata/freesurfer/sub-v1s3x0050783_ses-1/mri/transforms/cc_up.lta
# created by oesteban on Thu Mar 12 18:05:30 2026

type      = 0 # LINEAR_VOX_TO_VOX
nxforms   = 1
mean      = 128.0000 131.0000 124.0000
sigma     = 10000.0000
1 4 4
9.995235204696655e-01 2.965119853615761e-02 8.573884144425392e-03 -4.322391986846924e+00 
-2.965010702610016e-02 9.995602965354919e-01 -2.543377631809562e-04 1.787509918212891e+01 
-8.577656000852585e-03 0.000000000000000e+00 9.999632239341736e-01 1.210224723815918e+01 
0.000000000000000e+00 0.000000000000000e+00 0.000000000000000e+00 1.000000000000000e+00 
src volume info
valid = 1  # volume info valid
filename = /out/sourcedata/freesurfer/sub-v1s3x0050783_ses-1/mri/norm.mgz
volume = 256 256 256
voxelsize = 1.000000000000000e+00 1.000000000000000e+00 1.000000000000000e+00
xras   = -1.000000000000000e+00 0.000000000000000e+00 0.000000000000000e+00
yras   = 0.000000000000000e+00 0.000000000000000e+00 -1.000000000000000e+00
zras   = 0.000000000000000e+00 1.000000000000000e+00 0.000000000000000e+00
cras   = 1.932128906250000e+00 -1.447410583496094e+00 7.341613769531250e+00
dst volume info
valid = 1  # volume info valid
filename = /out/sourcedata/freesurfer/sub-v1s3x0050783_ses-1/mri/norm.mgz
volume = 256 256 256
voxelsize = 1.000000000000000e+00 1.000000000000000e+00 1.000000000000000e+00
xras   = -1.000000000000000e+00 0.000000000000000e+00 0.000000000000000e+00
yras   = 0.000000000000000e+00 0.000000000000000e+00 -1.000000000000000e+00
zras   = 0.000000000000000e+00 1.000000000000000e+00 0.000000000000000e+00
cras   = 1.932128906250000e+00 -1.447410583496094e+00 7.341613769531250e+00
