#Insight Transform File V1.0
#Transform 0
Transform: AffineTransform_float_3_3
Parameters: 1 -0.000558705 -0.000242679 0.000558295 0.999999 0.00121487 0.000242322 -0.00121514 0.999999 0.00496074 0.041196 0.121539
FixedParameters: 0 0 0

#Transform 1
Transform: AffineTransform_float_3_3
Parameters: 1 -0.00041987 -9.06026e-05 0.00042013 0.999999 0.00143496 9.03972e-05 -0.00143504 0.999999 0.00332586 0.0128705 0.0804569
FixedParameters: 0 0 0

#Transform 2
Transform: AffineTransform_float_3_3
Parameters: 1 -9.08801e-08 3.99999e-05 -9.08801e-08 0.999998 0.002272 -3.99999e-05 -0.002272 0.999998 -8.712e-05 -0.0030213 0.122
FixedParameters: 0 0 0

#Transform 3
Transform: AffineTransform_float_3_3
Parameters: 1 -0.000259211 0.000144623 0.000258789 0.999999 0.00145404 -0.000145377 -0.00145496 0.999999 -0.00873848 -0.00657496 0.0147606
FixedParameters: 0 0 0

#Transform 4
Transform: AffineTransform_float_3_3
Parameters: 0.999999 -0.000566563 -0.000520664 0.000568438 0.999989 0.0046917 0.000518338 -0.00469229 0.999989 0.00604686 -0.0166626 0.0618768
FixedParameters: 0 0 0

#Transform 5
Transform: AffineTransform_float_3_3
Parameters: 0.999997 -0.0021924 -0.00127576 0.0021936 0.999997 0.00125521 0.00127325 -0.0012578 0.999999 0.0589235 0.0461456 0.0447864
FixedParameters: 0 0 0

#Transform 6
Transform: AffineTransform_float_3_3
Parameters: 0.999998 -0.00104285 -0.00131491 0.00104315 0.999999 0.000874629 0.00131409 -0.000876371 0.999999 0.0201782 0.0333883 0.0335751
FixedParameters: 0 0 0

#Transform 7
Transform: AffineTransform_float_3_3
Parameters: 1 -0.000472352 -0.000470651 0.000472648 0.999999 0.00137678 0.000470349 -0.00137722 0.999999 0.00518607 0.0318747 0.0171962
FixedParameters: 0 0 0

#Transform 8
Transform: AffineTransform_float_3_3
Parameters: 0.999999 -0.000472069 -0.000626702 0.000472931 0.999999 0.0014857 0.000626297 -0.0014863 0.999998 -0.00422553 0.00314533 0.0179959
FixedParameters: 0 0 0

#Transform 9
Transform: AffineTransform_float_3_3
Parameters: 0.999999 -0.000470626 -0.00115997 0.000473374 0.999998 0.00204745 0.00115903 -0.00204755 0.999997 0.00481552 0.0153265 0.0269961
FixedParameters: 0 0 0

#Transform 10
Transform: AffineTransform_float_3_3
Parameters: 0.999999 -0.000221339 -0.000714516 0.000222662 0.999998 0.00232484 0.000714484 -0.00232516 0.999997 0.00422736 0.0115992 0.0672693
FixedParameters: 0 0 0

#Transform 11
Transform: AffineTransform_float_3_3
Parameters: 0.999999 -0.000471313 -0.000715114 0.000472687 0.999997 0.00236066 0.000713886 -0.00236034 0.999997 0.00223311 0.0205393 0.0495892
FixedParameters: 0 0 0

#Transform 12
Transform: AffineTransform_float_3_3
Parameters: 1 -0.000122923 -0.000564236 0.000124077 0.999998 0.00190993 0.000563764 -0.00191007 0.999998 -0.0110212 0.0101522 0.0464595
FixedParameters: 0 0 0

#Transform 13
Transform: AffineTransform_float_3_3
Parameters: 1 -0.000159444 -0.000291305 0.000159556 0.999998 0.00190995 0.000290696 -0.00191005 0.999998 -0.00486697 0.0214697 0.0465255
FixedParameters: 0 0 0

#Transform 14
Transform: AffineTransform_float_3_3
Parameters: 1 -0.000201996 -1.80501e-05 0.000202004 1 0.000247996 1.79499e-05 -0.000248004 1 0.00152408 0.0280203 0.106376
FixedParameters: 0 0 0

#Transform 15
Transform: AffineTransform_float_3_3
Parameters: 1 -0.000273981 -0.00017603 0.000274019 1 0.000108952 0.00017597 -0.000109048 1 0.00863114 0.0342012 0.0712659
FixedParameters: 0 0 0

#Transform 16
Transform: AffineTransform_float_3_3
Parameters: 1 -0.000312739 -0.000520157 0.000313261 1 0.000501837 0.000520843 -0.000502163 0.999999 0.00422813 0.0266623 0.0533758
FixedParameters: 0 0 0

#Transform 17
Transform: AffineTransform_float_3_3
Parameters: 1 -0.000221921 -0.0001761 0.000221079 1 0.000449961 0.000175901 -0.000450039 1 -0.00428334 0.0178744 0.0199907
FixedParameters: 0 0 0

#Transform 18
Transform: AffineTransform_float_3_3
Parameters: 1 -5.90726e-05 0.000119964 5.89274e-05 1 0.000605007 -0.000120036 -0.000604993 1 -0.0100407 0.00282802 0.0395636
FixedParameters: 0 0 0

#Transform 19
Transform: AffineTransform_float_3_3
Parameters: 1 2.39766e-05 5.00112e-05 -2.40233e-05 1 0.000466999 -4.99888e-05 -0.000467001 1 -0.00532647 0.0135297 0.020171
FixedParameters: 0 0 0

#Transform 20
Transform: AffineTransform_float_3_3
Parameters: 1 -4.0128e-08 6.6e-05 -4.0128e-08 1 0.000608 -6.6e-05 -0.000608 1 -0.0113337 0.0168656 0.00433265
FixedParameters: 0 0 0

#Transform 21
Transform: AffineTransform_float_3_3
Parameters: 1 -0.0002638 -0.000254208 0.0002642 0.999999 0.000788932 0.000253792 -0.000788066 0.999999 -0.0125763 0.0203837 0.0738364
FixedParameters: 0 0 0

#Transform 22
Transform: AffineTransform_float_3_3
Parameters: 1 -0.000329009 -0.000440994 0.000328992 1 -1.91451e-05 0.000441006 1.98549e-05 1 -0.00665578 0.0190625 -0.0114872
FixedParameters: 0 0 0

#Transform 23
Transform: AffineTransform_float_3_3
Parameters: 1 -0.000267969 -0.000373022 0.000268031 1 8.39e-05 0.000372977 -8.40999e-05 1 -0.00798112 0.00030702 0.024499
FixedParameters: 0 0 0

#Transform 24
Transform: AffineTransform_float_3_3
Parameters: 1 -0.00016303 -0.00012196 0.00016297 1 -0.00024302 0.00012204 0.00024298 1 -0.00836055 -0.00482449 0.023066
FixedParameters: 0 0 0

#Transform 25
Transform: AffineTransform_float_3_3
Parameters: 1 -0.000210965 0.000128058 0.000211035 1 -0.000274973 -0.000128942 0.000275027 1 -0.00597605 0.00348677 0.0438094
FixedParameters: 0 0 0

#Transform 26
Transform: AffineTransform_float_3_3
Parameters: 1 -0.000340389 -0.00045671 0.00033961 0.999999 -0.000852154 0.000457289 0.000851844 0.999999 0.0041932 0.00319439 -0.00171524
FixedParameters: 0 0 0

#Transform 27
Transform: AffineTransform_float_3_3
Parameters: 0.999999 -0.00036113 -0.000877946 0.00036087 1 -0.000148317 0.000878053 0.000147683 0.999999 0.0187261 0.0620049 0.159851
FixedParameters: 0 0 0

#Transform 28
Transform: AffineTransform_float_3_3
Parameters: 1 0.00022442 0.000160414 -0.000223581 0.999996 -0.00261503 -0.000160585 0.00261496 0.999996 -0.00465346 -0.014277 0.0778983
FixedParameters: 0 0 0

#Transform 29
Transform: AffineTransform_float_3_3
Parameters: 0.999999 0.000582636 0.000687617 -0.000580363 0.999997 -0.0023764 -0.000689381 0.0023766 0.999997 -0.00951655 0.00496406 0.0491879
FixedParameters: 0 0 0

#Transform 30
Transform: AffineTransform_float_3_3
Parameters: 1 0.000171324 0.000275799 -0.000170675 1 -0.00117605 -0.000276201 0.00117595 1 -0.00987573 0.000344833 0.0807443
FixedParameters: 0 0 0

#Transform 31
Transform: AffineTransform_float_3_3
Parameters: 1 -3.7501e-05 0.000454042 3.84989e-05 1 -0.00109898 -0.000453958 0.00109902 1 -0.00129003 -0.0104724 0.101812
FixedParameters: 0 0 0

#Transform 32
Transform: AffineTransform_float_3_3
Parameters: 1 3.84427e-05 0.000261935 -3.75571e-05 0.999998 -0.00169001 -0.000262064 0.00168999 0.999998 0.0112956 -0.014043 0.108529
FixedParameters: 0 0 0

#Transform 33
Transform: AffineTransform_float_3_3
Parameters: 0.999999 0.000438146 0.000688272 -0.000436852 0.999998 -0.0016643 -0.000689728 0.0016647 0.999999 0.00211428 -0.0216551 0.0889286
FixedParameters: 0 0 0

#Transform 34
Transform: AffineTransform_float_3_3
Parameters: 0.999999 0.000198866 0.000892807 -0.000198133 0.999999 -0.000970177 -0.000893192 0.000969822 0.999999 -0.0146092 -0.00968054 0.0940908
FixedParameters: 0 0 0

#Transform 35
Transform: AffineTransform_float_3_3
Parameters: 1 0.000150991 0.000688783 -0.000150009 0.999999 -0.0014381 -0.000689216 0.0014379 0.999998 -0.00356998 -0.0162355 0.0859364
FixedParameters: 0 0 0

#Transform 36
Transform: AffineTransform_float_3_3
Parameters: 0.999999 0.000437716 0.000814615 -0.000437282 0.999999 -0.000880356 -0.000815385 0.000879643 1 -0.00608011 -0.000591836 0.11494
FixedParameters: 0 0 0

#Transform 37
Transform: AffineTransform_float_3_3
Parameters: 0.999999 0.000199832 0.000969829 -0.000199168 0.999999 -0.000857193 -0.000970171 0.000857806 0.999999 -0.00480555 -0.000642497 0.126554
FixedParameters: 0 0 0

#Transform 38
Transform: AffineTransform_float_3_3
Parameters: 1 0.000338026 0.000969644 -0.000336976 1 -0.00105733 -0.000969357 0.00105767 0.999999 -0.0157927 -0.0163737 0.129909
FixedParameters: 0 0 0

#Transform 39
Transform: AffineTransform_float_3_3
Parameters: 1 0.000438332 0.00107446 -0.000436668 0.999999 -0.00123947 -0.00107554 0.00123853 0.999998 -0.00692015 -0.0361857 0.123133
FixedParameters: 0 0 0

#Transform 40
Transform: AffineTransform_float_3_3
Parameters: 0.999999 0.00041376 0.00127743 -0.00041224 0.999999 -0.00137853 -0.00127757 0.00137747 0.999998 -0.013352 -0.0250404 0.11143
FixedParameters: 0 0 0

#Transform 41
Transform: AffineTransform_float_3_3
Parameters: 0.999999 0.000383403 0.00149739 -0.000381598 0.999998 -0.00160457 -0.00149761 0.00160443 0.999997 -0.0180808 -0.0210767 0.0966243
FixedParameters: 0 0 0

#Transform 42
Transform: AffineTransform_float_3_3
Parameters: 0.999999 0.000146435 0.00150376 -0.000144565 0.999998 -0.00161922 -0.00150424 0.00161878 0.999997 -0.0198721 -0.0241022 0.109301
FixedParameters: 0 0 0

#Transform 43
Transform: AffineTransform_float_3_3
Parameters: 0.999999 0.000261072 0.00150364 -0.000258927 0.999999 -0.00137839 -0.00150436 0.00137761 0.999998 -0.00995433 -0.0251023 0.129674
FixedParameters: 0 0 0

#Transform 44
Transform: AffineTransform_float_3_3
Parameters: 0.999999 0.000382727 0.00125347 -0.000381271 0.999999 -0.00137848 -0.00125453 0.00137752 0.999999 -0.0204511 -0.0250129 0.145065
FixedParameters: 0 0 0

#Transform 45
Transform: AffineTransform_float_3_3
Parameters: 0.999999 0.000382932 0.00150351 -0.000381069 0.999999 -0.00128457 -0.00150349 0.00128443 0.999998 -0.0237362 -0.025334 0.166892
FixedParameters: 0 0 0

#Transform 46
Transform: AffineTransform_float_3_3
Parameters: 0.999999 0.000383232 0.00150343 -0.000381769 0.999999 -0.00148458 -0.00150357 0.00148442 0.999998 -0.0269639 -0.0531536 0.1309
FixedParameters: 0 0 0

#Transform 47
Transform: AffineTransform_float_3_3
Parameters: 0.999999 0.000274521 0.00150354 -0.000271478 0.999998 -0.00167641 -0.00150446 0.00167659 0.999998 -0.0303292 -0.0523434 0.117425
FixedParameters: 0 0 0

#Transform 48
Transform: AffineTransform_float_3_3
Parameters: 0.999999 0.000384389 0.00150314 -0.000381612 0.999998 -0.00225358 -0.00150386 0.00225343 0.999997 -0.0258825 -0.0596337 0.108905
FixedParameters: 0 0 0

#Transform 49
Transform: AffineTransform_float_3_3
Parameters: 0.999999 0.00036345 0.00150317 -0.000359551 0.999998 -0.00229454 -0.00150383 0.00229446 0.999996 -0.0285431 -0.0587122 0.0939292
FixedParameters: 0 0 0

#Transform 50
Transform: AffineTransform_float_3_3
Parameters: 0.999999 0.00043645 0.001503 -0.00043255 0.999998 -0.00229465 -0.001504 0.00229435 0.999996 -0.0183654 -0.0500947 0.0995707
FixedParameters: 0 0 0

#Transform 51
Transform: AffineTransform_float_3_3
Parameters: 0.999999 0.000244034 0.00125642 -0.000240967 0.999997 -0.00241431 -0.00125659 0.0024137 0.999997 -0.0061748 -0.0448074 0.14002
FixedParameters: 0 0 0

#Transform 52
Transform: AffineTransform_float_3_3
Parameters: 0.999999 0.000218454 0.00101948 -0.000215546 0.999997 -0.00240722 -0.00101952 0.00240678 0.999996 -0.0151767 -0.0498326 0.127721
FixedParameters: 0 0 0

#Transform 53
Transform: AffineTransform_float_3_3
Parameters: 0.999999 0.00101437 0.00115392 -0.00101163 0.999998 -0.00204917 -0.00115607 0.00204783 0.999997 -0.0340225 -0.045081 0.194015
FixedParameters: 0 0 0

#Transform 54
Transform: AffineTransform_float_3_3
Parameters: 0.999999 0.000906518 0.00109775 -0.000905481 0.999998 -0.001383 -0.00109925 0.00138201 0.999999 -0.0281315 -0.0536701 0.263753
FixedParameters: 0 0 0

#Transform 55
Transform: AffineTransform_float_3_3
Parameters: 0.999998 0.000949611 0.00142059 -0.000949388 1 -0.000431349 -0.00142041 0.000429652 0.999999 -0.0197323 -0.057327 0.281619
FixedParameters: 0 0 0

#Transform 56
Transform: AffineTransform_float_3_3
Parameters: 0.999998 0.000398915 0.00164178 -0.000398085 1 -0.000557654 -0.00164222 0.000557345 0.999998 -0.00859306 -0.0528026 0.24756
FixedParameters: 0 0 0

#Transform 57
Transform: AffineTransform_float_3_3
Parameters: 0.999998 0.000745131 0.00150294 -0.000742868 0.999998 -0.00141812 -0.00150405 0.00141688 0.999998 -0.0107037 -0.0733334 0.196106
FixedParameters: 0 0 0

#Transform 58
Transform: AffineTransform_float_3_3
Parameters: 0.999998 0.000835704 0.00150305 -0.000833295 0.999999 -0.00113425 -0.00150395 0.00113275 0.999998 -0.0113807 -0.0743652 0.211802
FixedParameters: 0 0 0

#Transform 59
Transform: AffineTransform_float_3_3
Parameters: 0.999998 0.000801647 0.00171923 -0.000800353 0.999999 -0.000958378 -0.00172077 0.000956623 0.999998 -0.0218594 -0.0582456 0.178278
FixedParameters: 0 0 0

#Transform 60
Transform: AffineTransform_float_3_3
Parameters: 1 9.7787e-05 0.00108867 -9.42118e-05 0.999994 -0.00347811 -0.00108934 0.0034779 0.999994 -0.00434514 -0.0423818 0.0923572
FixedParameters: 0 0 0

#Transform 61
Transform: AffineTransform_float_3_3
Parameters: 0.999998 0.000352692 0.00165464 -0.000351309 1 -0.00102258 -0.00165436 0.00102242 0.999998 -0.00221094 -0.0741207 0.174518
FixedParameters: 0 0 0

#Transform 62
Transform: AffineTransform_float_3_3
Parameters: 0.999998 0.000352553 0.00163167 -0.000351448 1 -0.000951575 -0.00163133 0.000951427 0.999998 -0.00285571 -0.0520016 0.180327
FixedParameters: 0 0 0

#Transform 63
Transform: AffineTransform_float_3_3
Parameters: 0.999998 0.000479952 0.00189476 -0.000479048 1 -0.000502909 -0.00189424 0.000502092 0.999998 -0.0100485 -0.0479129 0.176786
FixedParameters: 0 0 0

#Transform 64
Transform: AffineTransform_float_3_3
Parameters: 0.999998 0.00051514 0.00187796 -0.00051486 1 -7.4967e-05 -0.00187804 7.40327e-05 0.999998 -0.0101764 -0.0457207 0.20363
FixedParameters: 0 0 0

#Transform 65
Transform: AffineTransform_float_3_3
Parameters: 0.999998 0.000452785 0.00224905 -0.000453215 1 9.4981e-05 -0.00224896 -9.60186e-05 0.999998 -0.0110142 -0.0388286 0.240836
FixedParameters: 0 0 0

#Transform 66
Transform: AffineTransform_float_3_3
Parameters: 0.999997 0.000748285 0.00227624 -0.000748713 0.999999 0.000312297 -0.00227577 -0.000314704 0.999998 -0.0132636 -0.0556041 0.252004
FixedParameters: 0 0 0

#Transform 67
Transform: AffineTransform_float_3_3
Parameters: 0.999997 0.000627392 0.00202743 -0.000631611 0.999997 0.00227372 -0.00202657 -0.00227428 0.999995 -0.0114487 -0.0467902 0.308788
FixedParameters: 0 0 0

#Transform 68
Transform: AffineTransform_float_3_3
Parameters: 0.999998 0.000539671 0.00189467 -0.00054233 0.999999 0.00122898 -0.00189434 -0.00123003 0.999998 -0.0023195 -0.0637583 0.281187
FixedParameters: 0 0 0

#Transform 69
Transform: AffineTransform_float_3_3
Parameters: 0.999998 0.000418569 0.00163237 -0.000419429 0.999999 0.000875316 -0.00163163 -0.000876684 0.999999 -0.00868122 -0.0755509 0.211519
FixedParameters: 0 0 0

#Transform 70
Transform: AffineTransform_float_3_3
Parameters: 0.999998 0.000408445 0.00166138 -0.000409556 1 0.000936322 -0.00166062 -0.00093668 0.999998 -0.0087394 -0.0631595 0.220306
FixedParameters: 0 0 0

#Transform 71
Transform: AffineTransform_float_3_3
Parameters: 0.999998 0.000484759 0.00227648 -0.000487241 1 0.000983894 -0.00227552 -0.000985106 0.999997 -0.0113053 -0.0612645 0.257867
FixedParameters: 0 0 0

#Transform 72
Transform: AffineTransform_float_3_3
Parameters: 0.999998 0.00030795 0.00227614 -0.000309051 1 0.000461298 -0.00227586 -0.000461702 0.999998 -0.0100901 -0.0721421 0.252926
FixedParameters: 0 0 0

#Transform 73
Transform: AffineTransform_float_3_3
Parameters: 0.999996 0.000769551 0.00246377 -0.000772449 0.999999 0.000993101 -0.00246323 -0.0009949 0.999997 -0.0141901 -0.0833413 0.266239
FixedParameters: 0 0 0

#Transform 74
Transform: AffineTransform_float_3_3
Parameters: 0.999997 0.0004226 0.00233107 -0.0004234 1 0.000171014 -0.00233093 -0.000171986 0.999998 -0.030738 -0.0840133 0.25403
FixedParameters: 0 0 0

#Transform 75
Transform: AffineTransform_float_3_3
Parameters: 0.999998 0.000423307 0.00226594 -0.000422691 1 -0.000136958 -0.00226606 0.000135041 0.999998 -0.0209819 -0.099453 0.21967
FixedParameters: 0 0 0

#Transform 76
Transform: AffineTransform_float_3_3
Parameters: 0.999997 0.000423314 0.00231694 -0.000422684 1 -0.00013698 -0.00231706 0.00013502 0.999998 -0.0111311 -0.0877652 0.220334
FixedParameters: 0 0 0

#Transform 77
Transform: AffineTransform_float_3_3
Parameters: 0.999997 0.000423187 0.00238497 -0.000422813 1 -7.90086e-05 -0.00238503 7.79909e-05 0.999997 -0.021403 -0.0908856 0.226829
FixedParameters: 0 0 0

#Transform 78
Transform: AffineTransform_float_3_3
Parameters: 0.999998 0.000487522 0.00201112 -0.000487477 1 0.00023702 -0.00201088 -0.000237981 0.999998 -0.0136448 -0.100785 0.219959
FixedParameters: 0 0 0

#Transform 79
Transform: AffineTransform_float_3_3
Parameters: 0.999998 0.000439715 0.00194406 -0.000440285 1 0.000146144 -0.00194394 -0.000146855 0.999998 -0.00984561 -0.111117 0.237475
FixedParameters: 0 0 0

#Transform 80
Transform: AffineTransform_float_3_3
Parameters: 0.999998 0.000436694 0.00217906 -0.000437306 1 0.000140047 -0.00217894 -0.000140952 0.999997 -0.0105905 -0.100487 0.243
FixedParameters: 0 0 0

#Transform 81
Transform: AffineTransform_float_3_3
Parameters: 0.999998 0.000485755 0.00199606 -0.000486244 1 0.00012203 -0.00199594 -0.00012297 0.999998 -0.0162278 -0.100379 0.233125
FixedParameters: 0 0 0

#Transform 82
Transform: AffineTransform_float_3_3
Parameters: 0.999997 0.000388796 0.00239436 -0.000391203 0.999999 0.000920065 -0.00239364 -0.000920933 0.999996 -0.0110687 -0.103361 0.279812
FixedParameters: 0 0 0

#Transform 83
Transform: AffineTransform_float_3_3
Parameters: 0.999997 0.000321544 0.00239447 -0.000325456 0.999999 0.00144322 -0.00239353 -0.00144377 0.999996 -0.0239625 -0.0819667 0.300687
FixedParameters: 0 0 0

#Transform 84
Transform: AffineTransform_float_3_3
Parameters: 0.999998 0.000379441 0.00220044 -0.000382561 1 0.00116316 -0.00220056 -0.00116384 0.999997 -0.0305288 -0.0876333 0.301089
FixedParameters: 0 0 0

#Transform 85
Transform: AffineTransform_float_3_3
Parameters: 0.999996 0.000683243 0.00265797 -0.000686757 0.999999 0.00141318 -0.00265603 -0.00141482 0.999996 -0.0348884 -0.0878557 0.341955
FixedParameters: 0 0 0

#Transform 86
Transform: AffineTransform_float_3_3
Parameters: 0.999996 0.000521787 0.00250394 -0.000531214 0.999993 0.00368068 -0.00250206 -0.00368132 0.99999 -0.0119543 -0.0517136 0.389995
FixedParameters: 0 0 0

#Transform 87
Transform: AffineTransform_float_3_3
Parameters: 0.999997 0.000742861 0.00209554 -0.000750141 0.999994 0.00340844 -0.00209345 -0.00340956 0.999992 -0.0153445 -0.0962108 0.354916
FixedParameters: 0 0 0

#Transform 88
Transform: AffineTransform_float_3_3
Parameters: 0.999997 0.000611618 0.00230224 -0.000620383 0.999993 0.00364258 -0.00229976 -0.00364342 0.99999 -0.00809348 -0.0909719 0.340423
FixedParameters: 0 0 0

#Transform 89
Transform: AffineTransform_float_3_3
Parameters: 0.999998 0.000530629 0.00218156 -0.000537369 0.999995 0.00292083 -0.00217944 -0.00292216 0.999994 -0.0117712 -0.107099 0.286648
FixedParameters: 0 0 0

#Transform 90
Transform: AffineTransform_float_3_3
Parameters: 0.999997 0.000318834 0.00211094 -0.000325166 0.999995 0.00292132 -0.00211006 -0.00292168 0.999993 -0.000698688 -0.0612325 0.319285
FixedParameters: 0 0 0

#Transform 91
Transform: AffineTransform_float_3_3
Parameters: 0.999997 0.000230832 0.00211168 -0.00023617 0.999995 0.00292151 -0.00211132 -0.00292149 0.999993 -0.0027962 -0.090313 0.304163
FixedParameters: 0 0 0

#Transform 92
Transform: AffineTransform_float_3_3
Parameters: 0.999997 0.00042634 0.00210116 -0.00043166 0.999997 0.0026941 -0.00209984 -0.0026949 0.999994 -0.0103485 -0.131754 0.238672
FixedParameters: 0 0 0

#Transform 93
Transform: AffineTransform_float_3_3
Parameters: 0.999997 0.000928745 0.00255102 -0.000937255 0.999995 0.00323662 -0.00254798 -0.00323938 0.999991 -0.0153336 -0.113677 0.29031
FixedParameters: 0 0 0

#Transform 94
Transform: AffineTransform_float_3_3
Parameters: 0.999995 0.00077309 0.00305127 -0.000781911 0.999996 0.00291963 -0.00304973 -0.00292237 0.999991 -0.0160849 -0.112431 0.290954
FixedParameters: 0 0 0

#Transform 95
Transform: AffineTransform_float_3_3
Parameters: 0.999996 0.000653347 0.00296537 -0.000664653 0.999994 0.00359305 -0.00296263 -0.00359495 0.999989 -0.0148562 -0.114997 0.277049
FixedParameters: 0 0 0

#Transform 96
Transform: AffineTransform_float_3_3
Parameters: 0.999996 0.000802256 0.00296456 -0.000807745 0.999998 0.00193761 -0.00296244 -0.00193938 0.999993 -0.0161535 -0.108959 0.215678
FixedParameters: 0 0 0

#Transform 97
Transform: AffineTransform_float_3_3
Parameters: 0.999996 0.000600841 0.00296467 -0.000609158 0.999996 0.00275221 -0.00296233 -0.00275379 0.999992 -0.0147586 -0.150861 0.20103
FixedParameters: 0 0 0

#Transform 98
Transform: AffineTransform_float_3_3
Parameters: 0.999997 0.000837368 0.0025472 -0.000840631 0.999998 0.00142486 -0.0025458 -0.00142714 0.999995 -0.0272928 -0.145806 0.220154
FixedParameters: 0 0 0

#Transform 99
Transform: AffineTransform_float_3_3
Parameters: 0.999995 0.000879049 0.00296537 -0.000886948 0.999996 0.00268038 -0.00296263 -0.00268362 0.999992 -0.0240696 -0.150463 0.248935
FixedParameters: 0 0 0

#Transform 100
Transform: AffineTransform_float_3_3
Parameters: 0.999994 0.000804791 0.00337297 -0.000813209 0.999996 0.00243327 -0.00337103 -0.00243573 0.999992 -0.0334899 -0.160829 0.219773
FixedParameters: 0 0 0

#Transform 101
Transform: AffineTransform_float_3_3
Parameters: 0.999996 0.000854138 0.00292202 -0.000861861 0.999997 0.00234749 -0.00291998 -0.0023505 0.999993 -0.0262777 -0.134686 0.243715
FixedParameters: 0 0 0

#Transform 102
Transform: AffineTransform_float_3_3
Parameters: 0.999996 0.000647513 0.00298863 -0.000655486 0.999996 0.00250505 -0.00298637 -0.00250695 0.999993 -0.0299976 -0.12083 0.246387
FixedParameters: 0 0 0

#Transform 103
Transform: AffineTransform_float_3_3
Parameters: 0.999995 0.00111823 0.00289601 -0.00112577 0.999996 0.00268275 -0.00289299 -0.00268625 0.999992 -0.0182728 -0.15043 0.238678
FixedParameters: 0 0 0

#Transform 104
Transform: AffineTransform_float_3_3
Parameters: 0.999996 0.000713318 0.00273628 -0.00072168 0.999994 0.00317304 -0.00273372 -0.00317496 0.999991 -0.044024 -0.122437 0.295499
FixedParameters: 0 0 0

#Transform 105
Transform: AffineTransform_float_3_3
Parameters: 0.999996 0.000494715 0.00282064 -0.000503281 0.999994 0.00329159 -0.00281836 -0.0032934 0.99999 -0.034352 -0.132736 0.30704
FixedParameters: 0 0 0

#Transform 106
Transform: AffineTransform_float_3_3
Parameters: 0.999998 0.000351233 0.00193979 -0.000361769 0.999987 0.00503731 -0.0019382 -0.00503769 0.999986 -0.0125035 -0.135553 0.429127
FixedParameters: 0 0 0

#Transform 107
Transform: AffineTransform_float_3_3
Parameters: 0.999999 0.000522082 0.00160959 -0.000529914 0.999987 0.00492215 -0.00160641 -0.00492384 0.999986 -0.0221812 -0.129423 0.372166
FixedParameters: 0 0 0

#Transform 108
Transform: AffineTransform_float_3_3
Parameters: 0.999998 0.000584902 0.00188716 -0.0005951 0.999986 0.00535589 -0.00188384 -0.00535611 0.999984 -0.0326341 -0.115744 0.374755
FixedParameters: 0 0 0

#Transform 109
Transform: AffineTransform_float_3_3
Parameters: 0.999997 0.000483922 0.002141 -0.000497078 0.999981 0.00611195 -0.002138 -0.00611305 0.999979 -0.0374625 -0.111677 0.387009
FixedParameters: 0 0 0

#Transform 110
Transform: AffineTransform_float_3_3
Parameters: 0.999998 0.000572609 0.0019414 -0.000584394 0.999982 0.00587187 -0.0019386 -0.00587312 0.999981 -0.0372873 -0.127685 0.396015
FixedParameters: 0 0 0

#Transform 111
Transform: AffineTransform_float_3_3
Parameters: 0.999998 0.000807111 0.00194256 -0.00081789 0.999984 0.00561043 -0.00193844 -0.00561258 0.999983 -0.039085 -0.133687 0.386316
FixedParameters: 0 0 0

#Transform 112
Transform: AffineTransform_float_3_3
Parameters: 0.999997 0.00066434 0.00214197 -0.000677661 0.999983 0.00591557 -0.00213803 -0.00591644 0.99998 -0.0387567 -0.13909 0.378587
FixedParameters: 0 0 0

#Transform 113
Transform: AffineTransform_float_3_3
Parameters: 0.999996 0.000224333 0.00298685 -0.000292668 0.999743 0.0226732 -0.00298113 -0.0226748 0.999738 -0.0625195 0.00707471 0.884426
FixedParameters: 0 0 0

#Transform 114
Transform: AffineTransform_float_3_3
Parameters: 0.999996 -0.000172021 0.00297792 0.000105976 0.999754 0.0221564 -0.00298108 -0.0221556 0.99975 -0.0587465 -0.0383903 0.802464
FixedParameters: 0 0 0

#Transform 115
Transform: AffineTransform_float_3_3
Parameters: 0.99998 -0.00305952 -0.00541618 0.00316147 0.999814 0.0190142 0.00535683 -0.0190308 0.999804 0.034327 -0.0343998 1.08414
FixedParameters: 0 0 0

#Transform 116
Transform: AffineTransform_float_3_3
Parameters: 0.999985 -0.00265539 -0.00464446 0.00273061 0.999866 0.0161336 0.00460053 -0.0161455 0.999859 0.0839234 -0.0339616 1.10005
FixedParameters: 0 0 0

#Transform 117
Transform: AffineTransform_float_3_3
Parameters: 0.999999 -0.000308226 -0.00149001 0.000326775 0.999921 0.0126165 0.001486 -0.0126165 0.99992 0.0121808 -0.0329187 0.955942
FixedParameters: 0 0 0

#Transform 118
Transform: AffineTransform_float_3_3
Parameters: 0.999999 0.000111506 -0.00148466 -9.25038e-05 0.999914 0.0131311 0.00148534 -0.0131318 0.999912 0.0173131 -0.0848133 0.864769
FixedParameters: 0 0 0

#Transform 119
Transform: AffineTransform_float_3_3
Parameters: 0.999999 0.000866137 0.000525481 -0.000872868 0.999912 0.0132025 -0.00051452 -0.0132034 0.999912 -0.0101005 -0.111555 0.735655
FixedParameters: 0 0 0

#Transform 120
Transform: AffineTransform_float_3_3
Parameters: 0.999999 0.000570571 0.000521127 -0.000577427 0.999922 0.0124207 -0.000513867 -0.0124213 0.999922 0.00400639 -0.0679463 0.73857
FixedParameters: 0 0 0

#Transform 121
Transform: AffineTransform_float_3_3
Parameters: 0.999998 0.00046414 0.00161424 -0.000481857 0.999939 0.0110812 -0.00160876 -0.0110818 0.999938 -0.0110603 -0.0683819 0.664693
FixedParameters: 0 0 0

#Transform 122
Transform: AffineTransform_float_3_3
Parameters: 0.999998 0.000596352 0.00194142 -0.000619655 0.999926 0.0122028 -0.00193458 -0.0122042 0.999923 -0.0289742 -0.0713387 0.740904
FixedParameters: 0 0 0

#Transform 123
Transform: AffineTransform_float_3_3
Parameters: 0.999997 0.000581467 0.00216673 -0.000606534 0.999935 0.0113387 -0.00216026 -0.0113403 0.999934 -0.0305004 -0.0959425 0.654661
FixedParameters: 0 0 0

#Transform 124
Transform: AffineTransform_float_3_3
Parameters: 0.999996 0.00083183 0.00243463 -0.000851171 0.999968 0.00788295 -0.00242836 -0.00788504 0.999966 -0.0311622 -0.145539 0.482843
FixedParameters: 0 0 0

#Transform 125
Transform: AffineTransform_float_3_3
Parameters: 0.999998 0.000685442 0.00200568 -0.000698553 0.999977 0.00676661 -0.00200032 -0.00676839 0.999975 -0.0358691 -0.151383 0.480688
FixedParameters: 0 0 0

#Transform 126
Transform: AffineTransform_float_3_3
Parameters: 0.999998 0.000407611 0.00185232 -0.000418388 0.999984 0.00561223 -0.00184968 -0.00561276 0.999982 -0.0310143 -0.168907 0.387857
FixedParameters: 0 0 0

#Transform 127
Transform: AffineTransform_float_3_3
Parameters: 0.999995 0.000295081 0.00311445 -0.000309922 0.999989 0.00479106 -0.00311355 -0.00479194 0.999983 -0.047175 -0.24408 0.176841
FixedParameters: 0 0 0

#Transform 128
Transform: AffineTransform_float_3_3
Parameters: 0.999997 0.000819302 0.00199958 -0.000827698 0.99999 0.00435235 -0.00199641 -0.00435464 0.999988 -0.0259762 -0.1785 0.379806
FixedParameters: 0 0 0

#Transform 129
Transform: AffineTransform_float_3_3
Parameters: 0.999998 -0.000461199 0.00206973 0.0004598 0.999999 0.000579953 -0.00207027 -0.000579046 0.999997 0.0161331 -0.29694 0.209802
FixedParameters: 0 0 0

#Transform 130
Transform: AffineTransform_float_3_3
Parameters: 0.999984 -3.03474e-05 0.00562707 4.16514e-05 0.999998 -0.0018928 -0.00562693 0.0018932 0.999983 -0.0274494 -0.333077 0.105622
FixedParameters: 0 0 0

#Transform 131
Transform: AffineTransform_float_3_3
Parameters: 0.999974 0.00139299 0.00708171 -0.00132902 0.999959 -0.00903165 -0.00709329 0.00902236 0.999934 -0.145968 -0.430822 -0.195702
FixedParameters: 0 0 0

#Transform 132
Transform: AffineTransform_float_3_3
Parameters: 1 0.000243693 4.86485e-05 -0.000243302 0.999905 -0.013772 -5.23557e-05 0.013772 0.999905 -0.00119012 -0.449049 -0.279287
FixedParameters: 0 0 0

#Transform 133
Transform: AffineTransform_float_3_3
Parameters: 0.999999 7.07568e-05 0.00133238 -5.82468e-05 0.999954 -0.00957209 -0.00133262 0.00957192 0.999954 -0.0216053 -0.368322 -0.0434197
FixedParameters: 0 0 0

#Transform 134
Transform: AffineTransform_float_3_3
Parameters: 0.999999 0.000347602 0.00183493 -0.000331399 0.999959 -0.00903962 -0.00183807 0.00903937 0.999957 -0.0348708 -0.348866 0.000107318
FixedParameters: 0 0 0

#Transform 135
Transform: AffineTransform_float_3_3
Parameters: 0.999999 0.000285538 0.0018355 -0.000268466 0.99996 -0.00900451 -0.00183749 0.00900349 0.999958 -0.0340441 -0.341138 0.000553661
FixedParameters: 0 0 0

#Transform 136
Transform: AffineTransform_float_3_3
Parameters: 0.999999 0.000282685 0.00183565 -0.000267322 0.999964 -0.00853851 -0.00183735 0.0085385 0.999962 -0.028664 -0.346276 -0.0445125
FixedParameters: 0 0 0

#Transform 137
Transform: AffineTransform_float_3_3
Parameters: 0.999998 0.000345564 0.00158389 -0.000331436 0.999958 -0.00918553 -0.00158711 0.00918546 0.999956 -0.0292069 -0.358527 -0.0138121
FixedParameters: 0 0 0

#Transform 138
Transform: AffineTransform_float_3_3
Parameters: 0.999999 0.000230256 0.00127284 -0.000217742 0.999953 -0.00962128 -0.00127515 0.00962071 0.999953 -0.00530797 -0.366844 -0.0203632
FixedParameters: 0 0 0

#Transform 139
Transform: AffineTransform_float_3_3
Parameters: 1 0.000453423 0.000965632 -0.000443575 0.999953 -0.00973544 -0.000970365 0.00973557 0.999952 -0.0170085 -0.376882 -0.0553517
FixedParameters: 0 0 0

#Transform 140
Transform: AffineTransform_float_3_3
Parameters: 0.999999 0.000245384 0.000790147 -0.000236605 0.999929 -0.0118552 -0.000793861 0.0118548 0.99993 -0.0180619 -0.41616 -0.158926
FixedParameters: 0 0 0

#Transform 141
Transform: AffineTransform_float_3_3
Parameters: 1 -4.68471e-05 0.000613677 5.41572e-05 0.999911 -0.013292 -0.000613334 0.013292 0.999912 -0.00131438 -0.411619 -0.193142
FixedParameters: 0 0 0

#Transform 142
Transform: AffineTransform_float_3_3
Parameters: 0.999999 -0.000657374 -0.000358083 0.000652626 0.999927 -0.0120832 0.000365912 0.0120828 0.999927 0.00661476 -0.425514 -0.2819
FixedParameters: 0 0 0

#Transform 143
Transform: AffineTransform_float_3_3
Parameters: 1 0.000321993 0.000446741 -0.000316004 0.999911 -0.0133501 -0.000451259 0.0133499 0.999911 -0.0238979 -0.445346 -0.289307
FixedParameters: 0 0 0

#Transform 144
Transform: AffineTransform_float_3_3
Parameters: 0.999999 -0.000400271 -0.000733487 0.000389721 0.999902 -0.0139513 0.000739509 0.0139507 0.999903 -0.00391504 -0.418816 -0.277223
FixedParameters: 0 0 0

#Transform 145
Transform: AffineTransform_float_3_3
Parameters: 0.999999 -0.000781289 -1.97407e-05 0.000780708 0.99993 -0.011853 2.92558e-05 0.011853 0.99993 0.0014341 -0.414921 -0.162752
FixedParameters: 0 0 0

#Transform 146
Transform: AffineTransform_float_3_3
Parameters: 0.999999 3.61958e-06 0.000768007 4.61951e-06 0.999937 -0.011223 -0.000767996 0.011223 0.999936 -0.0281977 -0.423211 -0.128777
FixedParameters: 0 0 0

#Transform 147
Transform: AffineTransform_float_3_3
Parameters: 0.999999 0.000173252 0.000981916 -0.000160747 0.999923 -0.0124642 -0.000984079 0.0124638 0.999922 -0.0300245 -0.446378 -0.168511
FixedParameters: 0 0 0

#Transform 148
Transform: AffineTransform_float_3_3
Parameters: 0.999999 0.00021955 0.000753282 -0.000210454 0.99992 -0.0126542 -0.000755723 0.0126548 0.999919 -0.0300355 -0.433393 -0.161691
FixedParameters: 0 0 0

#Transform 149
Transform: AffineTransform_float_3_3
Parameters: 0.999999 -4.09856e-05 0.000768533 5.00198e-05 0.999931 -0.011733 -0.000768466 0.011733 0.999931 -0.0311918 -0.403609 -0.127857
FixedParameters: 0 0 0

#Transform 150
Transform: AffineTransform_float_3_3
Parameters: 1 0.000152619 0.00102907 -0.000139383 0.999912 -0.0132201 -0.00103093 0.0132208 0.999912 -0.0341145 -0.419341 -0.144873
FixedParameters: 0 0 0

#Transform 151
Transform: AffineTransform_float_3_3
Parameters: 1 0.000160412 0.00119904 -0.000144588 0.999917 -0.0128432 -0.00120096 0.0128428 0.999917 -0.0537978 -0.433276 -0.164113
FixedParameters: 0 0 0

#Transform 152
Transform: AffineTransform_float_3_3
Parameters: 0.999999 0.000102914 0.000911635 -9.00944e-05 0.9999 -0.0141551 -0.000912367 0.0141549 0.9999 -0.0480176 -0.451115 -0.157397
FixedParameters: 0 0 0

#Transform 153
Transform: AffineTransform_float_3_3
Parameters: 0.999999 3.77155e-05 0.00149965 -1.92925e-05 0.999922 -0.012478 -0.00149936 0.012478 0.999921 -0.0439568 -0.401141 -0.00819128
FixedParameters: 0 0 0

#Transform 154
Transform: AffineTransform_float_3_3
Parameters: 0.999999 0.000359272 0.00147498 -0.000337727 0.999897 -0.0143975 -0.00148002 0.0143965 0.999896 -0.0351063 -0.429791 0.00477511
FixedParameters: 0 0 0

#Transform 155
Transform: AffineTransform_float_3_3
Parameters: 0.999998 0.000382993 0.00158485 -0.000361004 0.999904 -0.0138546 -0.00159015 0.0138534 0.999903 -0.0437224 -0.449732 -0.101238
FixedParameters: 0 0 0
