# transform file /out/sourcedata/freesurfer/sub-v1s3x0050774_ses-1/mri/transforms/cc_up.lta
# created by oesteban on Tue Mar 10 00:36:45 2026

type      = 0 # LINEAR_VOX_TO_VOX
nxforms   = 1
mean      = 131.0000 109.0000 127.0000
sigma     = 10000.0000
1 4 4
9.994292855262756e-01 -2.053341083228588e-02 2.681910060346127e-02 -7.996038198471069e-01 
2.052602171897888e-02 9.997890591621399e-01 5.508037866093218e-04 2.833429336547852e+01 
-2.682475745677948e-02 0.000000000000000e+00 9.996400475502014e-01 1.046689510345459e+01 
0.000000000000000e+00 0.000000000000000e+00 0.000000000000000e+00 1.000000000000000e+00 
src volume info
valid = 1  # volume info valid
filename = /out/sourcedata/freesurfer/sub-v1s3x0050774_ses-1/mri/norm.mgz
volume = 256 256 256
voxelsize = 1.000000000000000e+00 1.000000000000000e+00 1.000000000000000e+00
xras   = -9.999999403953552e-01 0.000000000000000e+00 0.000000000000000e+00
yras   = 0.000000000000000e+00 0.000000000000000e+00 -1.000000000000000e+00
zras   = 0.000000000000000e+00 9.999999403953552e-01 0.000000000000000e+00
cras   = 4.212257385253906e+00 3.140922546386719e+00 -1.329023742675781e+01
dst volume info
valid = 1  # volume info valid
filename = /out/sourcedata/freesurfer/sub-v1s3x0050774_ses-1/mri/norm.mgz
volume = 256 256 256
voxelsize = 1.000000000000000e+00 1.000000000000000e+00 1.000000000000000e+00
xras   = -9.999999403953552e-01 0.000000000000000e+00 0.000000000000000e+00
yras   = 0.000000000000000e+00 0.000000000000000e+00 -1.000000000000000e+00
zras   = 0.000000000000000e+00 9.999999403953552e-01 0.000000000000000e+00
cras   = 4.212257385253906e+00 3.140922546386719e+00 -1.329023742675781e+01
