#Insight Transform File V1.0
#Transform 0
Transform: AffineTransform_float_3_3
Parameters: 1 6.66156e-07 0.000516 -3.33843e-07 0.999999 -0.001291 -0.000516001 0.001291 0.999999 -0.0143506 0.0568449 0.0530641
FixedParameters: 0 0 0

#Transform 1
Transform: AffineTransform_float_3_3
Parameters: 1 0.000292688 0.000564644 -0.000292312 0.999999 -0.00121817 -0.000565356 0.00121784 0.999999 -0.00907989 0.0558372 0.0401922
FixedParameters: 0 0 0

#Transform 2
Transform: AffineTransform_float_3_3
Parameters: 1 0.000316205 0.000144552 -0.000315796 0.999999 -0.00141605 -0.000144447 0.00141595 0.999999 0.00401718 0.029434 0.0178201
FixedParameters: 0 0 0

#Transform 3
Transform: AffineTransform_float_3_3
Parameters: 1 0.000316668 0.000438518 -0.000315332 0.999999 -0.00152314 -0.000438481 0.00152286 0.999998 -0.0085836 0.0299898 -0.0167924
FixedParameters: 0 0 0

#Transform 4
Transform: AffineTransform_float_3_3
Parameters: 1 0.000316464 0.000280477 -0.000315535 0.999999 -0.00165309 -0.000281522 0.00165291 0.999998 -0.0139654 0.0314763 -0.0164496
FixedParameters: 0 0 0

#Transform 5
Transform: AffineTransform_float_3_3
Parameters: 1 0.000139422 0.000371842 -0.000138579 1 -0.00113505 -0.000371158 0.00113495 1 -0.00609424 0.0498858 0.00671743
FixedParameters: 0 0 0

#Transform 6
Transform: AffineTransform_float_3_3
Parameters: 1 0.000316152 0.000144668 -0.000315849 1 -0.00104905 -0.000144331 0.00104896 1 -0.00193421 0.0435765 0.0463728
FixedParameters: 0 0 0

#Transform 7
Transform: AffineTransform_float_3_3
Parameters: 1 0.000316149 0.000144674 -0.000315852 1 -0.00103005 -0.000144325 0.00102996 1 0.00552319 0.0268346 0.0234963
FixedParameters: 0 0 0

#Transform 8
Transform: AffineTransform_float_3_3
Parameters: 1 -0.000153302 -0.000283837 0.000152698 1 -0.00106204 0.000284162 0.00106196 1 -0.00622455 0.0558612 0.102914
FixedParameters: 0 0 0

#Transform 9
Transform: AffineTransform_float_3_3
Parameters: 1 -9.01363e-05 -0.000283957 8.98637e-05 1 -0.000480025 0.000284043 0.000479974 1 -0.00621603 0.0168783 0.0237946
FixedParameters: 0 0 0

#Transform 10
Transform: AffineTransform_float_3_3
Parameters: 1 -0.000181133 -0.000139828 0.000181867 0.999999 -0.000952025 0.000140173 0.000951974 0.999999 -0.0167205 0.0227777 -0.00898456
FixedParameters: 0 0 0

#Transform 11
Transform: AffineTransform_float_3_3
Parameters: 1 -0.000113148 -0.0001679 0.000113851 0.999999 -0.000884018 0.000168101 0.00088398 0.999999 -0.0117861 0.0174187 0.0260517
FixedParameters: 0 0 0

#Transform 12
Transform: AffineTransform_float_3_3
Parameters: 1 9.89711e-05 -5.00571e-05 -9.90288e-05 1 -0.000576995 4.99429e-05 0.000577005 1 -0.00696994 0.0200137 0.0248744
FixedParameters: 0 0 0

#Transform 13
Transform: AffineTransform_float_3_3
Parameters: 1 -5.49987e-05 9.00764e-06 5.50012e-05 1 -0.000139 -8.99235e-06 0.000139 1 0.000556072 0.0336589 0.0609166
FixedParameters: 0 0 0

#Transform 14
Transform: AffineTransform_float_3_3
Parameters: 1 -4.70022e-05 -1.49929e-05 4.69977e-05 1 -0.000150001 1.5007e-05 0.000149999 1 -0.00673648 0.0294327 0.0582779
FixedParameters: 0 0 0

#Transform 15
Transform: AffineTransform_float_3_3
Parameters: 1 -5.60225e-05 -5.79783e-05 5.59775e-05 1 -0.000388003 5.80217e-05 0.000387997 1 -0.0186948 -0.00198215 0.0368669
FixedParameters: 0 0 0

#Transform 16
Transform: AffineTransform_float_3_3
Parameters: 1 0.000183996 -8.08832e-06 -0.000184004 1 -0.000479998 7.91168e-06 0.000480001 1 -0.016198 -0.0112798 0.0144511
FixedParameters: 0 0 0

#Transform 17
Transform: AffineTransform_float_3_3
Parameters: 1 7.99524e-05 -5.80656e-05 -8.00475e-05 0.999999 -0.000819995 5.79344e-05 0.000820004 0.999999 -0.0140906 -4.86259e-05 -0.00761851
FixedParameters: 0 0 0

#Transform 18
Transform: AffineTransform_float_3_3
Parameters: 1 7.9976e-05 -5.8033e-05 -8.00239e-05 1 -0.000412995 5.79669e-05 0.000413005 1 -0.0123351 0.00761691 -0.00466345
FixedParameters: 0 0 0

#Transform 19
Transform: AffineTransform_float_3_3
Parameters: 1 8.30005e-05 -5.79993e-05 -8.29995e-05 1 9.00481e-06 5.80007e-05 -8.99519e-06 1 0.0136822 0.0188397 0.0333419
FixedParameters: 0 0 0

#Transform 20
Transform: AffineTransform_float_3_3
Parameters: 1 8.00089e-05 3.19777e-05 -7.99911e-05 1 -0.000279003 -3.20223e-05 0.000278997 1 0.00223783 0.0069674 0.0086803
FixedParameters: 0 0 0

#Transform 21
Transform: AffineTransform_float_3_3
Parameters: 1 0.000103983 -5.80306e-05 -0.000104017 1 -0.000293994 5.79694e-05 0.000294006 1 -0.016831 0.00693011 0.0164684
FixedParameters: 0 0 0

#Transform 22
Transform: AffineTransform_float_3_3
Parameters: 1 1.69722e-05 -5.80081e-05 -1.70278e-05 1 -0.000479999 5.79918e-05 0.000480001 1 -0.0126721 0.00798082 -0.0138191
FixedParameters: 0 0 0

#Transform 23
Transform: AffineTransform_float_3_3
Parameters: 1 6.09721e-05 -5.80293e-05 -6.10278e-05 1 -0.000479996 5.79707e-05 0.000480003 1 -0.00315707 0.00790824 -0.0132735
FixedParameters: 0 0 0

#Transform 24
Transform: AffineTransform_float_3_3
Parameters: 1 0.000206006 -5.79792e-05 -0.000205994 1 0.000101012 5.80208e-05 -0.000100988 1 -0.0399786 -0.0014436 -0.028588
FixedParameters: 0 0 0

#Transform 25
Transform: AffineTransform_float_3_3
Parameters: 1 0.000484226 -0.000316654 -0.000483773 0.999999 0.000715153 0.000317346 -0.000714846 0.999999 -0.0396466 -0.0120162 -0.00153357
FixedParameters: 0 0 0

#Transform 26
Transform: AffineTransform_float_3_3
Parameters: 1 0.000175026 -0.000128964 -0.000174974 1 0.000204023 0.000129036 -0.000203977 1 -0.0350052 -0.0157361 0.000833421
FixedParameters: 0 0 0

#Transform 27
Transform: AffineTransform_float_3_3
Parameters: 1 0.000157004 1.49549e-05 -0.000156996 1 -0.000287002 -1.50451e-05 0.000286998 1 -0.0270787 -0.0175238 -0.0293658
FixedParameters: 0 0 0

#Transform 28
Transform: AffineTransform_float_3_3
Parameters: 1 1.29834e-05 -5.80037e-05 -1.30166e-05 1 -0.000286999 5.79963e-05 0.000287001 1 -0.0229711 -0.0169981 -0.0497471
FixedParameters: 0 0 0

#Transform 29
Transform: AffineTransform_float_3_3
Parameters: 1 8.80223e-05 -5.79661e-05 -8.79777e-05 1 0.000385005 5.80339e-05 -0.000384995 1 -0.023879 0.00183041 -0.0417926
FixedParameters: 0 0 0

#Transform 30
Transform: AffineTransform_float_3_3
Parameters: 1 0.000112042 -5.79188e-05 -0.000111958 0.999999 0.000725006 5.80812e-05 -0.000724993 0.999999 -0.030276 -0.000370437 -0.0254175
FixedParameters: 0 0 0

#Transform 31
Transform: AffineTransform_float_3_3
Parameters: 1 1.30484e-05 -5.79891e-05 -1.29516e-05 0.999999 0.000835 5.80108e-05 -0.000834999 0.999999 -0.0302624 0.00717346 -0.00383902
FixedParameters: 0 0 0

#Transform 32
Transform: AffineTransform_float_3_3
Parameters: 1 1.3148e-05 -0.000370995 -1.2852e-05 1 0.000399005 0.000371005 -0.000398995 1 -0.0351175 -0.00178843 0.0371969
FixedParameters: 0 0 0

#Transform 33
Transform: AffineTransform_float_3_3
Parameters: 0.999999 0.000720973 -0.00013015 -0.000721027 0.999999 -0.000207906 0.00013085 0.000208094 1 -0.0341861 0.0167338 0.0336745
FixedParameters: 0 0 0

#Transform 34
Transform: AffineTransform_float_3_3
Parameters: 1 0.000200636 0.00031823 -0.000200365 1 0.00114394 -0.000318771 -0.00114406 1 -0.0201017 0.0191587 0.0292832
FixedParameters: 0 0 0

#Transform 35
Transform: AffineTransform_float_3_3
Parameters: 1 7.35795e-05 0.000295105 -7.44203e-05 0.999999 0.00142498 -0.000294894 -0.00142502 0.999999 -0.0275522 0.00562862 0.0185604
FixedParameters: 0 0 0

#Transform 36
Transform: AffineTransform_float_3_3
Parameters: 1 0.000267207 -0.000148628 -0.000266792 0.999999 0.00139204 0.000149372 -0.00139196 0.999999 -0.0314764 -0.014328 0.0084196
FixedParameters: 0 0 0

#Transform 37
Transform: AffineTransform_float_3_3
Parameters: 1 0.000384062 -6.5639e-05 -0.000383938 0.999999 0.000940024 6.63609e-05 -0.000939974 0.999999 -0.0344603 -0.0162144 -0.0115711
FixedParameters: 0 0 0

#Transform 38
Transform: AffineTransform_float_3_3
Parameters: 1 0.000475171 -0.000144438 -0.000474829 0.999999 0.00118407 0.000144562 -0.00118393 1 -0.0295927 -0.0116908 -0.0254318
FixedParameters: 0 0 0

#Transform 39
Transform: AffineTransform_float_3_3
Parameters: 1 0.000439511 -0.000322304 -0.000439487 0.999998 0.00158514 0.000323697 -0.00158486 0.999998 -0.0340872 -0.00715273 -0.0251686
FixedParameters: 0 0 0

#Transform 40
Transform: AffineTransform_float_3_3
Parameters: 0.999999 0.000803799 0.000115407 -0.000804202 0.999998 0.00174991 -0.000114593 -0.00175009 0.999999 -0.0263715 -0.00882887 -0.00919845
FixedParameters: 0 0 0

#Transform 41
Transform: AffineTransform_float_3_3
Parameters: 1 0.00104982 0.000128448 -0.00105018 0.999998 0.00137887 -0.000126552 -0.00137913 0.999999 -0.0191269 -0.00755296 0.01961
FixedParameters: 0 0 0

#Transform 42
Transform: AffineTransform_float_3_3
Parameters: 1 0.000605963 2.20387e-05 -0.000606037 0.999999 0.00171399 -2.09613e-05 -0.00171401 0.999999 -0.00614749 -0.00816425 0.0196261
FixedParameters: 0 0 0

#Transform 43
Transform: AffineTransform_float_3_3
Parameters: 1 0.000614769 0.000154919 -0.000615231 0.999998 0.0014939 -0.000154081 -0.00149409 0.999999 -0.0195499 -0.0150792 -0.00806277
FixedParameters: 0 0 0

#Transform 44
Transform: AffineTransform_float_3_3
Parameters: 1 0.000583697 0.000229771 -0.000583303 0.999999 0.00131987 -0.00022923 -0.00132013 0.999999 -0.0200886 -0.0405004 -0.0532037
FixedParameters: 0 0 0

#Transform 45
Transform: AffineTransform_float_3_3
Parameters: 1 0.000678804 0.000179741 -0.000679196 0.999999 0.00109188 -0.000179258 -0.00109212 1 -0.021391 -0.0415717 -0.0477954
FixedParameters: 0 0 0

#Transform 46
Transform: AffineTransform_float_3_3
Parameters: 0.999999 0.000923978 1.44525e-05 -0.000924022 0.999999 0.00157199 -1.35474e-05 -0.00157201 0.999999 -0.0232003 -0.0235586 -0.0171801
FixedParameters: 0 0 0

#Transform 47
Transform: AffineTransform_float_3_3
Parameters: 1 0.00064199 6.12541e-06 -0.00064201 0.999999 0.001753 -4.87456e-06 -0.001753 0.999998 -0.0299929 -0.0190597 -0.00203413
FixedParameters: 0 0 0

#Transform 48
Transform: AffineTransform_float_3_3
Parameters: 0.999999 0.000739172 -0.000121957 -0.000739827 0.999998 0.00141109 0.000123044 -0.00141091 0.999999 -0.0440454 -0.0505773 -0.0456943
FixedParameters: 0 0 0

#Transform 49
Transform: AffineTransform_float_3_3
Parameters: 0.999999 0.000870792 0.000177024 -0.000871207 0.999999 0.00117585 -0.000175975 -0.00117615 1 -0.0366769 -0.0647832 -0.0448352
FixedParameters: 0 0 0

#Transform 50
Transform: AffineTransform_float_3_3
Parameters: 0.999999 0.000859009 -5.69431e-06 -0.000858989 0.999998 0.00152 7.30567e-06 -0.00151999 0.999999 -0.0422379 -0.0472209 -0.0418376
FixedParameters: 0 0 0

#Transform 51
Transform: AffineTransform_float_3_3
Parameters: 1 0.00106726 -0.000164295 -0.00106674 0.999998 0.00159818 0.000165705 -0.00159782 0.999998 -0.0455162 -0.0484227 -0.0420745
FixedParameters: 0 0 0

#Transform 52
Transform: AffineTransform_float_3_3
Parameters: 0.999999 0.000985933 3.49285e-05 -0.000986064 0.999997 0.00195597 -3.20713e-05 -0.00195603 0.999998 -0.0539991 -0.0498252 -0.0451341
FixedParameters: 0 0 0

#Transform 53
Transform: AffineTransform_float_3_3
Parameters: 0.999999 0.000989264 -0.000113722 -0.000989734 0.999997 0.00230311 0.00011628 -0.00230289 0.999998 -0.0575145 -0.0565318 -0.0370464
FixedParameters: 0 0 0

#Transform 54
Transform: AffineTransform_float_3_3
Parameters: 1 0.00105211 -4.76297e-05 -0.00105189 0.999997 0.00225305 5.03701e-05 -0.00225295 0.999998 -0.0585772 -0.0620625 -0.0437328
FixedParameters: 0 0 0

#Transform 55
Transform: AffineTransform_float_3_3
Parameters: 1 0.00115553 0.00017906 -0.00115647 0.999996 0.0026478 -0.000175938 -0.00264821 0.999997 -0.0538436 -0.066102 -0.0698517
FixedParameters: 0 0 0

#Transform 56
Transform: AffineTransform_float_3_3
Parameters: 1 0.00115651 -0.000223395 -0.00115649 0.999997 0.00225326 0.000225607 -0.00225374 0.999998 -0.0534575 -0.0890682 -0.112217
FixedParameters: 0 0 0

#Transform 57
Transform: AffineTransform_float_3_3
Parameters: 1 0.0011563 -0.000100661 -0.0011567 0.999995 0.00288812 0.000104341 -0.00288788 0.999996 -0.0403378 -0.0658045 -0.0880284
FixedParameters: 0 0 0

#Transform 58
Transform: AffineTransform_float_3_3
Parameters: 1 0.0011037 -0.000227654 -0.0011033 0.999995 0.00303325 0.000231347 -0.00303275 0.999996 -0.0496533 -0.0741674 -0.0635983
FixedParameters: 0 0 0

#Transform 59
Transform: AffineTransform_float_3_3
Parameters: 1 0.00115663 -0.000227827 -0.00115637 0.999995 0.00274426 0.000231174 -0.00274373 0.999996 -0.0630397 -0.0950939 -0.108841
FixedParameters: 0 0 0

#Transform 60
Transform: AffineTransform_float_3_3
Parameters: 1 0.00115645 -0.000228761 -0.00115656 0.999998 0.00193627 0.000231239 -0.00193574 0.999998 -0.0599984 -0.102514 -0.108501
FixedParameters: 0 0 0

#Transform 61
Transform: AffineTransform_float_3_3
Parameters: 1 0.00115616 -6.7356e-05 -0.00115584 0.999996 0.00228708 7.06448e-05 -0.00228792 0.999998 -0.0544865 -0.0830255 -0.10542
FixedParameters: 0 0 0

#Transform 62
Transform: AffineTransform_float_3_3
Parameters: 0.999999 0.00069254 -0.000229374 -0.000692458 0.999997 0.00234816 0.000231626 -0.00234784 0.999997 -0.0445418 -0.0654745 -0.118801
FixedParameters: 0 0 0

#Transform 63
Transform: AffineTransform_float_3_3
Parameters: 1 0.000391519 0.000179056 -0.000392481 0.999997 0.00269493 -0.000177943 -0.00269507 0.999997 -0.0381365 -0.0625358 -0.109776
FixedParameters: 0 0 0

#Transform 64
Transform: AffineTransform_float_3_3
Parameters: 1 0.000277585 0.000164701 -0.000277413 0.999997 0.00252195 -0.000163301 -0.00252204 0.999997 -0.0352754 -0.0892743 -0.11727
FixedParameters: 0 0 0

#Transform 65
Transform: AffineTransform_float_3_3
Parameters: 1 0.000506876 5.41731e-05 -0.000507124 0.999997 0.00231397 -5.28267e-05 -0.00231403 0.999998 -0.0281243 -0.0982267 -0.136935
FixedParameters: 0 0 0

#Transform 66
Transform: AffineTransform_float_3_3
Parameters: 1 0.00052197 1.50612e-05 -0.000522029 0.999998 0.00203299 -1.39387e-05 -0.00203301 0.999998 -0.0313401 -0.111901 -0.148882
FixedParameters: 0 0 0

#Transform 67
Transform: AffineTransform_float_3_3
Parameters: 1 0.000459064 -3.72251e-05 -0.000458937 0.999999 0.00168802 3.77747e-05 -0.00168798 0.999998 -0.0311682 -0.118426 -0.153091
FixedParameters: 0 0 0

#Transform 68
Transform: AffineTransform_float_3_3
Parameters: 1 0.000669874 5.94437e-05 -0.000670126 0.999998 0.00215496 -5.7556e-05 -0.00215504 0.999997 -0.0285795 -0.0822354 -0.132265
FixedParameters: 0 0 0

#Transform 69
Transform: AffineTransform_float_3_3
Parameters: 0.999999 0.000775129 -5.5215e-05 -0.000774869 0.999997 0.00230304 5.77854e-05 -0.00230396 0.999998 -0.0313968 -0.0760346 -0.0798448
FixedParameters: 0 0 0

#Transform 70
Transform: AffineTransform_float_3_3
Parameters: 0.999999 0.000761269 -0.000118281 -0.000760729 0.999997 0.00225809 0.000120718 -0.00225791 0.999998 -0.0366028 -0.0986995 -0.10088
FixedParameters: 0 0 0

#Transform 71
Transform: AffineTransform_float_3_3
Parameters: 1 0.000496183 -7.98704e-05 -0.000495817 0.999998 0.00227704 8.11292e-05 -0.00227696 0.999998 -0.0368566 -0.0981379 -0.0901312
FixedParameters: 0 0 0

#Transform 72
Transform: AffineTransform_float_3_3
Parameters: 1 0.000563186 -8.98417e-05 -0.000562813 0.999997 0.00205705 9.11579e-05 -0.00205695 0.999998 -0.04255 -0.128713 -0.141829
FixedParameters: 0 0 0

#Transform 73
Transform: AffineTransform_float_3_3
Parameters: 0.999999 0.000791146 -8.66804e-05 -0.000790855 0.999999 0.00166807 8.73192e-05 -0.00166793 0.999998 -0.0331695 -0.139067 -0.137544
FixedParameters: 0 0 0

#Transform 74
Transform: AffineTransform_float_3_3
Parameters: 0.999999 0.000801702 0.00016545 -0.000801297 0.999998 0.00180787 -0.000163551 -0.00180813 0.999999 -0.0404491 -0.132342 -0.0992218
FixedParameters: 0 0 0

#Transform 75
Transform: AffineTransform_float_3_3
Parameters: 1 0.000504442 0.00029396 -0.000504558 0.999998 0.00190185 -0.000293041 -0.00190215 0.999998 -0.0348508 -0.130745 -0.0996327
FixedParameters: 0 0 0

#Transform 76
Transform: AffineTransform_float_3_3
Parameters: 1 0.000500725 0.000164836 -0.000501275 0.999998 0.00166992 -0.000164163 -0.00167008 0.999998 -0.040495 -0.163925 -0.155999
FixedParameters: 0 0 0

#Transform 77
Transform: AffineTransform_float_3_3
Parameters: 1 0.000521734 0.000164842 -0.000521265 0.999998 0.00161391 -0.000164159 -0.00161308 0.999998 -0.0484127 -0.157853 -0.156278
FixedParameters: 0 0 0

#Transform 78
Transform: AffineTransform_float_3_3
Parameters: 1 0.000522067 -7.05092e-05 -0.000521933 1 0.000940037 7.14906e-05 -0.000939963 0.999999 -0.0471437 -0.163528 -0.172943
FixedParameters: 0 0 0

#Transform 79
Transform: AffineTransform_float_3_3
Parameters: 1 0.000414998 4.16268e-06 -0.000415001 1 0.000391998 -3.83732e-06 -0.000392002 1 -0.0565288 -0.149597 -0.082183
FixedParameters: 0 0 0

#Transform 80
Transform: AffineTransform_float_3_3
Parameters: 1 0.000522009 -6.27389e-06 -0.000521991 0.999999 0.001391 6.72609e-06 -0.001391 0.999999 -0.0434604 -0.175758 -0.142324
FixedParameters: 0 0 0

#Transform 81
Transform: AffineTransform_float_3_3
Parameters: 1 0.000521837 0.0001068 -0.000521162 0.999998 0.00153294 -0.000105201 -0.00153305 0.999999 -0.0466458 -0.174091 -0.172222
FixedParameters: 0 0 0

#Transform 82
Transform: AffineTransform_float_3_3
Parameters: 1 0.000521677 0.000165025 -0.000521323 0.999998 0.00196391 -0.000163976 -0.00196409 0.999998 -0.0491949 -0.175941 -0.155136
FixedParameters: 0 0 0

#Transform 83
Transform: AffineTransform_float_3_3
Parameters: 1 0.000600598 0.000165465 -0.0006014 0.999997 0.0024379 -0.000163534 -0.0024381 0.999997 -0.0571744 -0.164731 -0.112996
FixedParameters: 0 0 0

#Transform 84
Transform: AffineTransform_float_3_3
Parameters: 1 0.000463091 -3.78989e-05 -0.000462908 0.999997 0.00237802 3.91009e-05 -0.00237798 0.999997 -0.0766302 -0.175242 -0.126991
FixedParameters: 0 0 0

#Transform 85
Transform: AffineTransform_float_3_3
Parameters: 1 0.000483514 -0.000256032 -0.000483486 0.999998 0.00200312 0.000256969 -0.00200288 0.999998 -0.0705992 -0.197883 -0.178246
FixedParameters: 0 0 0

#Transform 86
Transform: AffineTransform_float_3_3
Parameters: 0.999999 0.000759374 -0.000229767 -0.000758626 0.999999 0.00162417 0.000231232 -0.00162382 0.999998 -0.0718335 -0.202876 -0.180415
FixedParameters: 0 0 0

#Transform 87
Transform: AffineTransform_float_3_3
Parameters: 1 0.000496503 -0.000264057 -0.000496497 0.999998 0.00190013 0.000264944 -0.00189987 0.999998 -0.071605 -0.203399 -0.192834
FixedParameters: 0 0 0

#Transform 88
Transform: AffineTransform_float_3_3
Parameters: 1 0.000391767 -0.000268885 -0.000390232 0.999996 0.0028481 0.000270112 -0.00284789 0.999996 -0.064476 -0.183142 -0.178619
FixedParameters: 0 0 0

#Transform 89
Transform: AffineTransform_float_3_3
Parameters: 1 0.000236542 -0.00018531 -0.000235459 0.999995 0.00292004 0.000185688 -0.00291995 0.999995 -0.0722174 -0.201147 -0.171011
FixedParameters: 0 0 0

#Transform 90
Transform: AffineTransform_float_3_3
Parameters: 1 0.000461815 7.41631e-05 -0.000462185 0.999996 0.00251796 -7.28364e-05 -0.00251803 0.999997 -0.0731902 -0.231182 -0.181121
FixedParameters: 0 0 0

#Transform 91
Transform: AffineTransform_float_3_3
Parameters: 0.999999 0.00062295 -0.000356344 -0.00062205 0.999997 0.00266122 0.000357657 -0.00266078 0.999997 -0.0712759 -0.238806 -0.178136
FixedParameters: 0 0 0

#Transform 92
Transform: AffineTransform_float_3_3
Parameters: 1 0.000459788 -0.000356988 -0.000459213 0.999998 0.00220316 0.000358012 -0.00220284 0.999997 -0.0712756 -0.245097 -0.188794
FixedParameters: 0 0 0

#Transform 93
Transform: AffineTransform_float_3_3
Parameters: 1 0.000504747 -0.000356946 -0.000503252 0.999997 0.00209018 0.000358052 -0.00208982 0.999998 -0.071297 -0.230108 -0.20333
FixedParameters: 0 0 0

#Transform 94
Transform: AffineTransform_float_3_3
Parameters: 0.999999 0.000741692 -0.000259029 -0.000741306 0.999996 0.00265919 0.000261973 -0.00265981 0.999997 -0.0716137 -0.230188 -0.161837
FixedParameters: 0 0 0

#Transform 95
Transform: AffineTransform_float_3_3
Parameters: 0.999999 0.000685912 -0.000359263 -0.000685088 0.999996 0.00253325 0.000360737 -0.00253375 0.999996 -0.0818623 -0.247844 -0.154108
FixedParameters: 0 0 0

#Transform 96
Transform: AffineTransform_float_3_3
Parameters: 0.999999 0.000796369 -0.000173312 -0.000795629 0.999998 0.00212014 0.000175687 -0.00211986 0.999997 -0.0600697 -0.281983 -0.231227
FixedParameters: 0 0 0

#Transform 97
Transform: AffineTransform_float_3_3
Parameters: 0.999999 0.000751732 -0.000356459 -0.000750268 0.999997 0.00205127 0.00035754 -0.00205173 0.999998 -0.0712659 -0.261526 -0.209821
FixedParameters: 0 0 0

#Transform 98
Transform: AffineTransform_float_3_3
Parameters: 0.999999 0.000852968 -0.000355686 -0.00085203 0.999996 0.0027143 0.000358314 -0.0027137 0.999997 -0.0711358 -0.257545 -0.194344
FixedParameters: 0 0 0

#Transform 99
Transform: AffineTransform_float_3_3
Parameters: 0.999999 0.000940012 -0.000355331 -0.000938987 0.999995 0.00284033 0.000357668 -0.00283966 0.999996 -0.0710763 -0.263775 -0.178843
FixedParameters: 0 0 0

#Transform 100
Transform: AffineTransform_float_3_3
Parameters: 0.999999 0.000758465 -0.000158794 -0.000757534 0.999996 0.00290912 0.000161204 -0.00290888 0.999996 -0.089773 -0.259744 -0.200257
FixedParameters: 0 0 0

#Transform 101
Transform: AffineTransform_float_3_3
Parameters: 0.999999 0.000746235 -9.72093e-05 -0.000745765 0.999997 0.00240007 9.87901e-05 -0.00239993 0.999997 -0.0961135 -0.28611 -0.236029
FixedParameters: 0 0 0

#Transform 102
Transform: AffineTransform_float_3_3
Parameters: 0.999999 0.000780769 -0.000356319 -0.000779231 0.999998 0.00215428 0.000357679 -0.00215372 0.999997 -0.0945564 -0.310708 -0.22763
FixedParameters: 0 0 0

#Transform 103
Transform: AffineTransform_float_3_3
Parameters: 0.999999 0.000853452 -0.000211183 -0.000852549 0.999998 0.00212918 0.000212815 -0.00212882 0.999997 -0.0950978 -0.273693 -0.222536
FixedParameters: 0 0 0

#Transform 104
Transform: AffineTransform_float_3_3
Parameters: 0.999999 0.000799721 9.53731e-05 -0.000799281 0.999996 0.00296692 -9.36288e-05 -0.00296708 0.999995 -0.0896576 -0.280959 -0.212806
FixedParameters: 0 0 0

#Transform 105
Transform: AffineTransform_float_3_3
Parameters: 0.999999 0.000865117 -0.00035529 -0.000863883 0.999994 0.00313431 0.00035771 -0.00313469 0.999995 -0.098034 -0.285798 -0.189322
FixedParameters: 0 0 0

#Transform 106
Transform: AffineTransform_float_3_3
Parameters: 0.999999 0.000701025 -0.000355987 -0.000699974 0.999995 0.00287325 0.000358013 -0.00287375 0.999996 -0.0989644 -0.316598 -0.194768
FixedParameters: 0 0 0

#Transform 107
Transform: AffineTransform_float_3_3
Parameters: 0.999999 0.000700011 -0.000356019 -0.000698989 0.999995 0.00283125 0.000357981 -0.00283175 0.999996 -0.101884 -0.32652 -0.206902
FixedParameters: 0 0 0

#Transform 108
Transform: AffineTransform_float_3_3
Parameters: 0.999999 0.00074385 -0.000356229 -0.00074315 0.999997 0.00238227 0.000357771 -0.00238173 0.999997 -0.0931853 -0.341001 -0.229086
FixedParameters: 0 0 0

#Transform 109
Transform: AffineTransform_float_3_3
Parameters: 1 0.00102326 -0.000142151 -0.00102274 0.999998 0.00180715 0.000143848 -0.00180685 0.999999 -0.0856942 -0.345162 -0.209289
FixedParameters: 0 0 0

#Transform 110
Transform: AffineTransform_float_3_3
Parameters: 1 0.00105899 6.418e-06 -0.00105901 0.999998 0.00133899 -5.58199e-06 -0.00133901 0.999999 -0.0778516 -0.350019 -0.195674
FixedParameters: 0 0 0

#Transform 111
Transform: AffineTransform_float_3_3
Parameters: 1 0.00115795 6.39703e-05 -0.00115805 0.999999 0.000837926 -6.30295e-05 -0.000838073 0.999999 -0.072954 -0.358429 -0.195692
FixedParameters: 0 0 0

#Transform 112
Transform: AffineTransform_float_3_3
Parameters: 0.999999 0.00115736 0.000401859 -0.00115864 0.999998 0.00160554 -0.000400141 -0.00160546 0.999998 -0.0775976 -0.354284 -0.196729
FixedParameters: 0 0 0

#Transform 113
Transform: AffineTransform_float_3_3
Parameters: 1 0.00115731 0.000335393 -0.00115869 0.999997 0.00206661 -0.000332607 -0.00206639 0.999998 -0.074164 -0.338976 -0.176794
FixedParameters: 0 0 0

#Transform 114
Transform: AffineTransform_float_3_3
Parameters: 1 0.00115733 0.000335317 -0.00115867 0.999998 0.00200161 -0.000332681 -0.00200239 0.999998 -0.0741918 -0.358763 -0.152461
FixedParameters: 0 0 0

#Transform 115
Transform: AffineTransform_float_3_3
Parameters: 1 0.00115747 0.00033485 -0.00115853 0.999998 0.00159761 -0.000332149 -0.00159839 0.999998 -0.0742334 -0.376431 -0.215824
FixedParameters: 0 0 0

#Transform 116
Transform: AffineTransform_float_3_3
Parameters: 0.999999 0.00145355 0.000334967 -0.00145345 0.999998 0.00135251 -0.000333033 -0.00135349 0.999999 -0.0742309 -0.375691 -0.206637
FixedParameters: 0 0 0

#Transform 117
Transform: AffineTransform_float_3_3
Parameters: 0.999999 0.0016138 0.00062311 -0.0016152 0.999997 0.001926 -0.00062089 -0.001927 0.999998 -0.0844118 -0.383039 -0.189116
FixedParameters: 0 0 0

#Transform 118
Transform: AffineTransform_float_3_3
Parameters: 0.999999 0.00128016 0.00042356 -0.00128184 0.999997 0.00199846 -0.000420438 -0.00199954 0.999998 -0.0743992 -0.372007 -0.177109
FixedParameters: 0 0 0

#Transform 119
Transform: AffineTransform_float_3_3
Parameters: 1 0.00103137 0.000334954 -0.00103263 0.999997 0.00189365 -0.000333045 -0.00189434 0.999998 -0.0740374 -0.382137 -0.163374
FixedParameters: 0 0 0

#Transform 120
Transform: AffineTransform_float_3_3
Parameters: 0.999999 0.00127039 0.000335324 -0.00127061 0.999998 0.00182858 -0.000332678 -0.00182843 0.999999 -0.0775983 -0.394862 -0.202881
FixedParameters: 0 0 0

#Transform 121
Transform: AffineTransform_float_3_3
Parameters: 0.999999 0.00130144 0.000335186 -0.00130156 0.999997 0.00167956 -0.000332813 -0.00168043 0.999998 -0.0862045 -0.404121 -0.221862
FixedParameters: 0 0 0

#Transform 122
Transform: AffineTransform_float_3_3
Parameters: 0.999999 0.00131669 0.000169453 -0.00131732 0.999998 0.00186278 -0.000167546 -0.00186322 0.999999 -0.0956186 -0.391831 -0.190023
FixedParameters: 0 0 0

#Transform 123
Transform: AffineTransform_float_3_3
Parameters: 0.999999 0.0012317 0.000138732 -0.0012323 0.999997 0.00221783 -0.000135267 -0.00221817 0.999997 -0.106822 -0.40472 -0.175041
FixedParameters: 0 0 0

#Transform 124
Transform: AffineTransform_float_3_3
Parameters: 1 0.00117439 0.000335161 -0.00117461 0.999997 0.00183961 -0.00033284 -0.00183939 0.999999 -0.10817 -0.427445 -0.215345
FixedParameters: 0 0 0

#Transform 125
Transform: AffineTransform_float_3_3
Parameters: 0.999999 0.00134946 0.000335187 -0.00134954 0.999998 0.00162055 -0.000332814 -0.00162045 0.999998 -0.107914 -0.431584 -0.258485
FixedParameters: 0 0 0

#Transform 126
Transform: AffineTransform_float_3_3
Parameters: 0.999999 0.0013817 0.00018524 -0.0013813 0.999997 0.00162074 -0.000182762 -0.00162025 0.999998 -0.106344 -0.426466 -0.243071
FixedParameters: 0 0 0

#Transform 127
Transform: AffineTransform_float_3_3
Parameters: 0.999999 0.00151129 0.000336218 -0.00151171 0.999996 0.00212849 -0.000332783 -0.0021285 0.999997 -0.104723 -0.431102 -0.219334
FixedParameters: 0 0 0

#Transform 128
Transform: AffineTransform_float_3_3
Parameters: 0.999999 0.00139932 0.000335859 -0.00140068 0.999997 0.00204253 -0.000332139 -0.00204347 0.999998 -0.102157 -0.425679 -0.202
FixedParameters: 0 0 0

#Transform 129
Transform: AffineTransform_float_3_3
Parameters: 0.999999 0.00137858 0.00021173 -0.00137842 0.999997 0.00197971 -0.000208271 -0.00198029 0.999998 -0.107061 -0.439109 -0.21174
FixedParameters: 0 0 0

#Transform 130
Transform: AffineTransform_float_3_3
Parameters: 0.999999 0.00125449 0.00027535 -0.00125551 0.999998 0.00187266 -0.00027265 -0.00187234 0.999998 -0.101617 -0.446803 -0.237672
FixedParameters: 0 0 0

#Transform 131
Transform: AffineTransform_float_3_3
Parameters: 0.999999 0.00144375 0.000164173 -0.00144324 0.999998 0.00150476 -0.000161829 -0.00150423 0.999999 -0.0966537 -0.454056 -0.237236
FixedParameters: 0 0 0

#Transform 132
Transform: AffineTransform_float_3_3
Parameters: 0.999999 0.00136533 0.000296124 -0.00136667 0.999997 0.0022876 -0.000292875 -0.0022874 0.999998 -0.0947463 -0.442914 -0.198112
FixedParameters: 0 0 0

#Transform 133
Transform: AffineTransform_float_3_3
Parameters: 0.999999 0.00134535 0.000307834 -0.00134565 0.999997 0.00210559 -0.000305168 -0.00210541 0.999997 -0.0936557 -0.450665 -0.165263
FixedParameters: 0 0 0

#Transform 134
Transform: AffineTransform_float_3_3
Parameters: 0.999999 0.00137069 0.000176463 -0.00137132 0.999998 0.00179676 -0.000174537 -0.00179624 0.999999 -0.101287 -0.478011 -0.182235
FixedParameters: 0 0 0

#Transform 135
Transform: AffineTransform_float_3_3
Parameters: 0.999999 0.0012558 0.000109315 -0.0012562 0.999998 0.00184287 -0.000107685 -0.00184314 0.999999 -0.107558 -0.487931 -0.190636
FixedParameters: 0 0 0

#Transform 136
Transform: AffineTransform_float_3_3
Parameters: 0.999999 0.0014865 0.000241117 -0.0014865 0.999996 0.00209664 -0.000237883 -0.00209735 0.999998 -0.114303 -0.486871 -0.22825
FixedParameters: 0 0 0

#Transform 137
Transform: AffineTransform_float_3_3
Parameters: 0.999998 0.00160089 0.000411354 -0.00160211 0.999995 0.00271835 -0.000406646 -0.00271866 0.999996 -0.128128 -0.480559 -0.246734
FixedParameters: 0 0 0

#Transform 138
Transform: AffineTransform_float_3_3
Parameters: 0.999999 0.00138079 0.000411087 -0.00138121 0.999994 0.00295843 -0.000406914 -0.00295956 0.999995 -0.120541 -0.461971 -0.239223
FixedParameters: 0 0 0

#Transform 139
Transform: AffineTransform_float_3_3
Parameters: 0.999999 0.00128977 0.000353537 -0.00129023 0.999993 0.00351555 -0.000348467 -0.00351545 0.999994 -0.114782 -0.462785 -0.187118
FixedParameters: 0 0 0

#Transform 140
Transform: AffineTransform_float_3_3
Parameters: 0.999999 0.00144851 0.000412289 -0.00144949 0.999993 0.00364941 -0.000406713 -0.0036496 0.999994 -0.115053 -0.483935 -0.21123
FixedParameters: 0 0 0

#Transform 141
Transform: AffineTransform_float_3_3
Parameters: 0.999999 0.00179158 0.000413194 -0.00179242 0.999993 0.00345527 -0.000406809 -0.00345574 0.999994 -0.114891 -0.494866 -0.211094
FixedParameters: 0 0 0

#Transform 142
Transform: AffineTransform_float_3_3
Parameters: 0.999999 0.00137418 0.000230932 -0.00137482 0.999992 0.00358768 -0.000226068 -0.00358831 0.999993 -0.114245 -0.489511 -0.25069
FixedParameters: 0 0 0

#Transform 143
Transform: AffineTransform_float_3_3
Parameters: 0.999998 0.00160138 0.000146911 -0.00160162 0.99999 0.00431477 -0.000140092 -0.00431423 0.99999 -0.113796 -0.479376 -0.254482
FixedParameters: 0 0 0

#Transform 144
Transform: AffineTransform_float_3_3
Parameters: 0.999999 0.001792 0.000233802 -0.001793 0.999989 0.00435259 -0.000226197 -0.00435341 0.99999 -0.113999 -0.472073 -0.251951
FixedParameters: 0 0 0

#Transform 145
Transform: AffineTransform_float_3_3
Parameters: 0.999999 0.00153024 0.00015659 -0.00153076 0.999987 0.00495877 -0.000148411 -0.00495923 0.999987 -0.113739 -0.461353 -0.214189
FixedParameters: 0 0 0

#Transform 146
Transform: AffineTransform_float_3_3
Parameters: 0.999998 0.00163131 0.000369543 -0.00163269 0.999988 0.0046214 -0.000361459 -0.0046216 0.99999 -0.119834 -0.490683 -0.213572
FixedParameters: 0 0 0

#Transform 147
Transform: AffineTransform_float_3_3
Parameters: 0.999999 0.00127735 0.000584815 -0.00127965 0.999989 0.00454726 -0.000579187 -0.00454775 0.99999 -0.101307 -0.502344 -0.237764
FixedParameters: 0 0 0

#Transform 148
Transform: AffineTransform_float_3_3
Parameters: 0.999999 0.0013411 0.000455643 -0.00134291 0.999991 0.00420439 -0.000450357 -0.00420561 0.999991 -0.101345 -0.521979 -0.243169
FixedParameters: 0 0 0

#Transform 149
Transform: AffineTransform_float_3_3
Parameters: 0.999999 0.00144904 -8.07056e-06 -0.00144895 0.99999 0.00409201 1.39292e-05 -0.00409198 0.999991 -0.118462 -0.504986 -0.248143
FixedParameters: 0 0 0

#Transform 150
Transform: AffineTransform_float_3_3
Parameters: 0.999998 0.00158204 0.000222896 -0.00158296 0.99999 0.00435765 -0.000216103 -0.00435835 0.99999 -0.0952407 -0.496368 -0.225562
FixedParameters: 0 0 0

#Transform 151
Transform: AffineTransform_float_3_3
Parameters: 0.999998 0.00158231 0.000390899 -0.00158469 0.99999 0.00435738 -0.000384097 -0.00435861 0.99999 -0.096082 -0.51469 -0.196922
FixedParameters: 0 0 0

#Transform 152
Transform: AffineTransform_float_3_3
Parameters: 0.999998 0.00160371 0.000321502 -0.00160529 0.999991 0.00405249 -0.000314497 -0.00405251 0.999991 -0.113321 -0.547993 -0.242812
FixedParameters: 0 0 0

#Transform 153
Transform: AffineTransform_float_3_3
Parameters: 0.999999 0.00179199 0.000269829 -0.00179302 0.999991 0.00380952 -0.000263172 -0.00380948 0.999992 -0.109646 -0.545413 -0.270401
FixedParameters: 0 0 0

#Transform 154
Transform: AffineTransform_float_3_3
Parameters: 0.999998 0.00200259 0.000641577 -0.00200441 0.999991 0.00378072 -0.000634424 -0.00378228 0.999992 -0.0971412 -0.540878 -0.22409
FixedParameters: 0 0 0

#Transform 155
Transform: AffineTransform_float_3_3
Parameters: 0.999999 0.00173624 0.000405605 -0.00173776 0.999989 0.0043773 -0.000398396 -0.0043787 0.999991 -0.109396 -0.552417 -0.216795
FixedParameters: 0 0 0
