# transform file /out/sourcedata/freesurfer/sub-v1s3x0050775_ses-1/mri/transforms/cc_up.lta
# created by oesteban on Tue Mar 10 00:49:48 2026

type      = 0 # LINEAR_VOX_TO_VOX
nxforms   = 1
mean      = 123.0000 141.0000 126.0000
sigma     = 10000.0000
1 4 4
9.996261000633240e-01 2.236320078372955e-02 -1.574124582111835e-02 2.729117393493652e+00 
-2.236042916774750e-02 9.997500181198120e-01 3.521126636769623e-04 4.770637035369873e+00 
1.574518345296383e-02 0.000000000000000e+00 9.998761415481567e-01 7.056476116180420e+00 
0.000000000000000e+00 0.000000000000000e+00 0.000000000000000e+00 1.000000000000000e+00 
src volume info
valid = 1  # volume info valid
filename = /out/sourcedata/freesurfer/sub-v1s3x0050775_ses-1/mri/norm.mgz
volume = 256 256 256
voxelsize = 1.000000000000000e+00 1.000000000000000e+00 1.000000000000000e+00
xras   = -1.000000000000000e+00 0.000000000000000e+00 0.000000000000000e+00
yras   = 0.000000000000000e+00 0.000000000000000e+00 -1.000000000000000e+00
zras   = 0.000000000000000e+00 1.000000000000000e+00 0.000000000000000e+00
cras   = 9.185241699218750e+00 -1.762879943847656e+01 1.752130126953125e+01
dst volume info
valid = 1  # volume info valid
filename = /out/sourcedata/freesurfer/sub-v1s3x0050775_ses-1/mri/norm.mgz
volume = 256 256 256
voxelsize = 1.000000000000000e+00 1.000000000000000e+00 1.000000000000000e+00
xras   = -1.000000000000000e+00 0.000000000000000e+00 0.000000000000000e+00
yras   = 0.000000000000000e+00 0.000000000000000e+00 -1.000000000000000e+00
zras   = 0.000000000000000e+00 1.000000000000000e+00 0.000000000000000e+00
cras   = 9.185241699218750e+00 -1.762879943847656e+01 1.752130126953125e+01
