# transform file /out/sourcedata/freesurfer/sub-v1s3x0050793_ses-1/mri/transforms/cc_up.lta
# created by oesteban on Tue Mar 10 02:05:51 2026

type      = 0 # LINEAR_VOX_TO_VOX
nxforms   = 1
mean      = 129.0000 128.0000 128.0000
sigma     = 10000.0000
1 4 4
9.989551305770874e-01 -4.334732517600060e-02 1.448064204305410e-02 2.606131792068481e+00 
4.334276914596558e-02 9.990600943565369e-01 6.282876129262149e-04 1.245590782165527e+01 
-1.449426542967558e-02 0.000000000000000e+00 9.998949170112610e-01 1.387639427185059e+01 
0.000000000000000e+00 0.000000000000000e+00 0.000000000000000e+00 1.000000000000000e+00 
src volume info
valid = 1  # volume info valid
filename = /out/sourcedata/freesurfer/sub-v1s3x0050793_ses-1/mri/norm.mgz
volume = 256 256 256
voxelsize = 1.000000000000000e+00 1.000000000000000e+00 1.000000000000000e+00
xras   = -1.000000000000000e+00 0.000000000000000e+00 0.000000000000000e+00
yras   = 0.000000000000000e+00 0.000000000000000e+00 -1.000000000000000e+00
zras   = 0.000000000000000e+00 1.000000000000000e+00 0.000000000000000e+00
cras   = 8.476104736328125e+00 -1.584520721435547e+01 4.471588134765625e-01
dst volume info
valid = 1  # volume info valid
filename = /out/sourcedata/freesurfer/sub-v1s3x0050793_ses-1/mri/norm.mgz
volume = 256 256 256
voxelsize = 1.000000000000000e+00 1.000000000000000e+00 1.000000000000000e+00
xras   = -1.000000000000000e+00 0.000000000000000e+00 0.000000000000000e+00
yras   = 0.000000000000000e+00 0.000000000000000e+00 -1.000000000000000e+00
zras   = 0.000000000000000e+00 1.000000000000000e+00 0.000000000000000e+00
cras   = 8.476104736328125e+00 -1.584520721435547e+01 4.471588134765625e-01
