# transform file /out/sourcedata/freesurfer/sub-v1s3x0050796_ses-1/mri/transforms/cc_up.lta
# created by oesteban on Tue Mar 10 02:03:00 2026

type      = 0 # LINEAR_VOX_TO_VOX
nxforms   = 1
mean      = 131.0000 129.0000 123.0000
sigma     = 10000.0000
1 4 4
9.956953525543213e-01 2.623162290547043e-04 9.268677979707718e-02 -1.330798435211182e+01 
-2.611870586406440e-04 1.000000000000000e+00 -2.431325083307456e-05 2.303706169128418e+01 
-9.268677979707718e-02 1.818989620386291e-12 9.956953525543213e-01 2.364562034606934e+01 
0.000000000000000e+00 0.000000000000000e+00 0.000000000000000e+00 1.000000000000000e+00 
src volume info
valid = 1  # volume info valid
filename = /out/sourcedata/freesurfer/sub-v1s3x0050796_ses-1/mri/norm.mgz
volume = 256 256 256
voxelsize = 1.000000000000000e+00 1.000000000000000e+00 1.000000000000000e+00
xras   = -1.000000000000000e+00 0.000000000000000e+00 0.000000000000000e+00
yras   = 0.000000000000000e+00 0.000000000000000e+00 -1.000000000000000e+00
zras   = 0.000000000000000e+00 1.000000000000000e+00 0.000000000000000e+00
cras   = 6.485382080078125e+00 -3.441677093505859e+01 1.569755554199219e+01
dst volume info
valid = 1  # volume info valid
filename = /out/sourcedata/freesurfer/sub-v1s3x0050796_ses-1/mri/norm.mgz
volume = 256 256 256
voxelsize = 1.000000000000000e+00 1.000000000000000e+00 1.000000000000000e+00
xras   = -1.000000000000000e+00 0.000000000000000e+00 0.000000000000000e+00
yras   = 0.000000000000000e+00 0.000000000000000e+00 -1.000000000000000e+00
zras   = 0.000000000000000e+00 1.000000000000000e+00 0.000000000000000e+00
cras   = 6.485382080078125e+00 -3.441677093505859e+01 1.569755554199219e+01
