#Insight Transform File V1.0
#Transform 0
Transform: AffineTransform_float_3_3
Parameters: 0.999504 -0.0289848 0.0123111 0.0288082 0.999484 0.0142217 -0.0127169 -0.0138603 0.999823 -3.26585 0.132361 0.821679
FixedParameters: 0 0 0

#Transform 1
Transform: AffineTransform_float_3_3
Parameters: 0.999997 -0.00100463 -0.0021959 0.00102637 0.999952 0.00975077 0.00218609 -0.00975322 0.99995 0.018559 0.130907 0.681078
FixedParameters: 0 0 0

#Transform 2
Transform: AffineTransform_float_3_3
Parameters: 0.999998 -0.000887677 -0.00206243 0.000906319 0.999955 0.00938715 0.00205358 -0.00938884 0.999954 0.0086771 0.101832 0.653317
FixedParameters: 0 0 0

#Transform 3
Transform: AffineTransform_float_3_3
Parameters: 0.999997 -0.000850718 -0.00203161 0.000870285 0.999949 0.0100033 0.00202339 -0.0100047 0.999948 0.00571345 0.0756363 0.662431
FixedParameters: 0 0 0

#Transform 4
Transform: AffineTransform_float_3_3
Parameters: 0.999998 -0.000936018 -0.00181486 0.000952982 0.999955 0.00937829 0.00180614 -0.00938071 0.999955 0.00422776 0.107816 0.617258
FixedParameters: 0 0 0

#Transform 5
Transform: AffineTransform_float_3_3
Parameters: 0.999997 -0.00127904 -0.00203731 0.00129996 0.999946 0.0103194 0.00202369 -0.0103216 0.999944 0.0246764 0.0686739 0.693369
FixedParameters: 0 0 0

#Transform 6
Transform: AffineTransform_float_3_3
Parameters: 0.999999 -0.000647515 -0.00162245 0.00066149 0.999965 0.00832494 0.00161755 -0.00832606 0.999964 0.00342784 0.095361 0.573346
FixedParameters: 0 0 0

#Transform 7
Transform: AffineTransform_float_3_3
Parameters: 0.999998 -0.00089991 -0.00142038 0.000913087 0.999957 0.00924272 0.00141162 -0.00924328 0.999957 0.00181788 0.0657449 0.626307
FixedParameters: 0 0 0

#Transform 8
Transform: AffineTransform_float_3_3
Parameters: 0.999999 -0.000716989 -0.00070212 0.00072101 0.999984 0.0057295 0.00069788 -0.00572951 0.999984 -0.00694873 0.0375291 0.400998
FixedParameters: 0 0 0

#Transform 9
Transform: AffineTransform_float_3_3
Parameters: 0.999999 -0.000842975 -0.000350903 0.000845019 0.999983 0.0058097 0.000345097 -0.00580929 0.999983 -0.000769968 0.0352093 0.374395
FixedParameters: 0 0 0

#Transform 10
Transform: AffineTransform_float_3_3
Parameters: 1 -0.000858043 -0.000641973 0.000860958 0.999989 0.00462145 0.000638028 -0.00462155 0.999989 -0.00368377 0.0339507 0.296998
FixedParameters: 0 0 0

#Transform 11
Transform: AffineTransform_float_3_3
Parameters: 0.999999 -0.00114333 -0.000932515 0.00114667 0.999991 0.00394193 0.000928486 -0.00394306 0.999992 -0.00192128 0.00631085 0.248643
FixedParameters: 0 0 0

#Transform 12
Transform: AffineTransform_float_3_3
Parameters: 0.999999 -0.000758745 -0.000586926 0.000761255 0.999993 0.00385056 0.000584073 -0.00385145 0.999993 -0.0149312 0.0121656 0.245446
FixedParameters: 0 0 0

#Transform 13
Transform: AffineTransform_float_3_3
Parameters: 0.999999 -0.000887386 -0.000162392 0.000887612 0.999993 0.00382086 0.000158609 -0.00382114 0.999992 0.00565697 0.0864667 0.289612
FixedParameters: 0 0 0

#Transform 14
Transform: AffineTransform_float_3_3
Parameters: 0.999999 -0.000806671 -0.000211258 0.000806327 0.999998 0.00155983 0.000209742 -0.00156017 0.999999 0.00448048 0.117912 0.165422
FixedParameters: 0 0 0

#Transform 15
Transform: AffineTransform_float_3_3
Parameters: 1 -0.000420984 -1.15898e-05 0.000421015 0.999999 0.001401 1.04102e-05 -0.001401 0.999999 -0.00656258 0.0471153 0.0971469
FixedParameters: 0 0 0

#Transform 16
Transform: AffineTransform_float_3_3
Parameters: 1 -0.000122491 -0.000363172 0.000122508 0.999999 0.00140096 0.000362829 -0.00140104 0.999999 -0.00782826 0.0329944 0.0790081
FixedParameters: 0 0 0

#Transform 17
Transform: AffineTransform_float_3_3
Parameters: 1 -0.000126136 0.000134873 0.000125864 1 0.00100802 -0.000135127 -0.00100798 1 -0.014635 0.0325417 0.0619007
FixedParameters: 0 0 0

#Transform 18
Transform: AffineTransform_float_3_3
Parameters: 1 3.89321e-05 6.70395e-05 -3.90679e-05 1 0.001014 -6.69605e-05 -0.001014 1 -0.0180319 0.0341301 0.0528231
FixedParameters: 0 0 0

#Transform 19
Transform: AffineTransform_float_3_3
Parameters: 1 -6.67293e-06 -0.000345007 7.32705e-06 0.999999 0.000947998 0.000344993 -0.000948002 1 -0.0163285 0.00858345 0.0227752
FixedParameters: 0 0 0

#Transform 20
Transform: AffineTransform_float_3_3
Parameters: 1 4.21414e-05 -0.000344983 -4.28585e-05 1 0.000410015 0.000345018 -0.000409985 1 -0.0110851 0.0135177 0.00701751
FixedParameters: 0 0 0

#Transform 21
Transform: AffineTransform_float_3_3
Parameters: 1 0.000100123 -0.000344964 -9.98768e-05 1 0.000357034 0.000345036 -0.000356965 1 -0.0122782 0.0134654 0.00593571
FixedParameters: 0 0 0

#Transform 22
Transform: AffineTransform_float_3_3
Parameters: 1 -0.000185988 -0.000124018 0.000186012 1 9.59769e-05 0.000123982 -9.60231e-05 1 -0.0080254 0.00483471 -0.0359006
FixedParameters: 0 0 0

#Transform 23
Transform: AffineTransform_float_3_3
Parameters: 1 2.09992e-05 1.20015e-05 -2.10008e-05 1 6.99997e-05 -1.19985e-05 -7.00003e-05 1 -0.0178373 -0.00902681 -0.0494831
FixedParameters: 0 0 0

#Transform 24
Transform: AffineTransform_float_3_3
Parameters: 1 -8.69782e-05 7.70246e-05 8.70218e-05 1 -0.000282993 -7.69754e-05 0.000283007 1 -0.0211003 -0.00496095 -0.048462
FixedParameters: 0 0 0

#Transform 25
Transform: AffineTransform_float_3_3
Parameters: 1 0.000127967 -4.20989e-05 -0.000128032 0.999999 -0.000772994 4.1901e-05 0.000773005 0.999999 -0.01459 -0.0309559 -0.0846532
FixedParameters: 0 0 0

#Transform 26
Transform: AffineTransform_float_3_3
Parameters: 1 0.000233812 -0.000160275 -0.000233188 1 -0.00117696 0.000159726 0.00117704 1 -0.0234446 -0.0337367 -0.0973254
FixedParameters: 0 0 0

#Transform 27
Transform: AffineTransform_float_3_3
Parameters: 1 0.000381116 6.02684e-05 -0.000380884 0.999998 -0.00192002 -6.07314e-05 0.00191998 0.999998 -0.0265404 -0.0356406 -0.139231
FixedParameters: 0 0 0

#Transform 28
Transform: AffineTransform_float_3_3
Parameters: 1 0.000167801 -0.000114292 -0.000168198 0.999998 -0.00173998 0.000113707 0.00174002 0.999998 -0.0235281 -0.0439405 -0.136235
FixedParameters: 0 0 0

#Transform 29
Transform: AffineTransform_float_3_3
Parameters: 1 0.000328735 -0.000113768 -0.000329263 0.999997 -0.00233396 0.000112232 0.00233404 0.999998 -0.0281663 -0.0593161 -0.197066
FixedParameters: 0 0 0

#Transform 30
Transform: AffineTransform_float_3_3
Parameters: 1 0.000380826 -8.08231e-05 -0.000381174 0.999997 -0.00216097 8.01764e-05 0.00216103 0.999997 -0.0244083 -0.0535077 -0.165605
FixedParameters: 0 0 0

#Transform 31
Transform: AffineTransform_float_3_3
Parameters: 1 0.000417194 7.9994e-05 -0.000417806 0.999997 -0.00241203 -8.1008e-05 0.00241197 0.999997 -0.0286371 -0.0426908 -0.166604
FixedParameters: 0 0 0

#Transform 32
Transform: AffineTransform_float_3_3
Parameters: 0.999999 0.000558106 0.000460663 -0.000556893 0.999997 -0.00239726 -0.000462336 0.00239674 0.999997 -0.0263051 -0.0277859 -0.160445
FixedParameters: 0 0 0

#Transform 33
Transform: AffineTransform_float_3_3
Parameters: 0.999999 0.000763627 -0.000160783 -0.000763373 0.999997 -0.00233388 0.000159219 0.00233412 0.999998 -0.0264991 -0.042187 -0.175091
FixedParameters: 0 0 0

#Transform 34
Transform: AffineTransform_float_3_3
Parameters: 1 0.000148947 0.000405653 -0.000147052 0.999998 -0.00233406 -0.000406344 0.00233394 0.999997 -0.00894903 -0.00241379 -0.123081
FixedParameters: 0 0 0

#Transform 35
Transform: AffineTransform_float_3_3
Parameters: 1 0.000435474 0.000136496 -0.000435524 0.999994 -0.00345606 -0.000138506 0.00345594 0.999994 -0.0217507 -0.0101117 -0.186794
FixedParameters: 0 0 0

#Transform 36
Transform: AffineTransform_float_3_3
Parameters: 0.999999 0.00137021 0.000135852 -0.00136978 0.999998 -0.00156819 -0.000138148 0.00156781 0.999999 -0.0501789 0.0115108 -0.159415
FixedParameters: 0 0 0

#Transform 37
Transform: AffineTransform_float_3_3
Parameters: 1 0.000620256 0.000110574 -0.000619743 0.999997 -0.00229907 -0.000112425 0.00229893 0.999998 -0.0254543 -0.0374481 -0.215646
FixedParameters: 0 0 0

#Transform 38
Transform: AffineTransform_float_3_3
Parameters: 0.999999 0.000514225 0.000512778 -0.000511773 0.99999 -0.00433126 -0.000515221 0.00433074 0.999991 -0.0258513 -0.092983 -0.271215
FixedParameters: 0 0 0

#Transform 39
Transform: AffineTransform_float_3_3
Parameters: 1 0.000355182 0.000430027 -0.000353818 0.999996 -0.00274515 -0.000430973 0.00274485 0.999996 -0.0223712 0.00103515 -0.181272
FixedParameters: 0 0 0

#Transform 40
Transform: AffineTransform_float_3_3
Parameters: 0.999999 0.000440038 0.000671669 -0.000437963 0.999996 -0.0030323 -0.000672331 0.00303171 0.999995 -0.0255363 -0.0452894 -0.166661
FixedParameters: 0 0 0

#Transform 41
Transform: AffineTransform_float_3_3
Parameters: 0.999999 0.000425808 0.000753419 -0.00042219 0.999993 -0.00372332 -0.000755577 0.00372368 0.999993 -0.0177062 -0.019548 -0.206027
FixedParameters: 0 0 0

#Transform 42
Transform: AffineTransform_float_3_3
Parameters: 1 0.000545419 0.000869866 -0.00054158 0.999992 -0.00392647 -0.000872133 0.00392553 0.999992 -0.0286262 -0.0211971 -0.23712
FixedParameters: 0 0 0

#Transform 43
Transform: AffineTransform_float_3_3
Parameters: 0.999999 9.18614e-05 0.000734648 -8.91372e-05 0.999993 -0.00389407 -0.000735353 0.00389394 0.999992 -0.0102475 -0.0205827 -0.196046
FixedParameters: 0 0 0

#Transform 44
Transform: AffineTransform_float_3_3
Parameters: 0.999999 9.25926e-05 0.000806595 -8.94055e-05 0.99999 -0.00445307 -0.000807406 0.00445293 0.99999 -0.00711192 -0.0294527 -0.239504
FixedParameters: 0 0 0

#Transform 45
Transform: AffineTransform_float_3_3
Parameters: 0.999999 0.000226902 0.000787887 -0.000222098 0.999987 -0.00494818 -0.000789109 0.00494882 0.999988 -0.0110946 -0.0376619 -0.273812
FixedParameters: 0 0 0

#Transform 46
Transform: AffineTransform_float_3_3
Parameters: 1 0.000373065 0.000591076 -0.000369934 0.999986 -0.00517822 -0.000592924 0.00517778 0.999987 -0.0109081 -0.0402653 -0.300822
FixedParameters: 0 0 0

#Transform 47
Transform: AffineTransform_float_3_3
Parameters: 0.999999 0.000539061 0.000739054 -0.000534939 0.999985 -0.00548439 -0.000741945 0.0054846 0.999984 -0.0166056 -0.0478081 -0.317016
FixedParameters: 0 0 0

#Transform 48
Transform: AffineTransform_float_3_3
Parameters: 0.999999 0.00057287 0.000634527 -0.000569127 0.999982 -0.00608237 -0.000638473 0.00608164 0.999982 -0.0277774 -0.0696114 -0.353572
FixedParameters: 0 0 0

#Transform 49
Transform: AffineTransform_float_3_3
Parameters: 0.999999 0.00058681 0.000607341 -0.000583192 0.999981 -0.00625536 -0.00061066 0.00625465 0.999981 -0.0278143 -0.0627684 -0.368522
FixedParameters: 0 0 0

#Transform 50
Transform: AffineTransform_float_3_3
Parameters: 1 0.000353611 0.00038059 -0.000351386 0.999976 -0.00683913 -0.000383412 0.00683886 0.999976 -0.0218839 -0.0821554 -0.399757
FixedParameters: 0 0 0

#Transform 51
Transform: AffineTransform_float_3_3
Parameters: 1 0.000353979 0.00043459 -0.000351024 0.999976 -0.00683715 -0.00043641 0.00683684 0.999976 -0.0035785 -0.0796072 -0.397684
FixedParameters: 0 0 0

#Transform 52
Transform: AffineTransform_float_3_3
Parameters: 0.999999 0.000683216 0.00047642 -0.000679786 0.999977 -0.00671933 -0.000480578 0.00671868 0.999978 -0.0174971 -0.0706081 -0.398848
FixedParameters: 0 0 0

#Transform 53
Transform: AffineTransform_float_3_3
Parameters: 1 0.000487911 0.000416614 -0.000485093 0.999975 -0.0069602 -0.000419386 0.00695979 0.999975 -0.0137112 -0.0754003 -0.417906
FixedParameters: 0 0 0

#Transform 54
Transform: AffineTransform_float_3_3
Parameters: 1 0.000353044 0.000287508 -0.000350953 0.999975 -0.0070781 -0.000290491 0.0070779 0.999975 -0.0100782 -0.0553882 -0.414968
FixedParameters: 0 0 0

#Transform 55
Transform: AffineTransform_float_3_3
Parameters: 1 0.000353035 0.000321781 -0.000350963 0.99998 -0.00630411 -0.000324219 0.00630389 0.99998 -0.0097963 -0.0654077 -0.392491
FixedParameters: 0 0 0

#Transform 56
Transform: AffineTransform_float_3_3
Parameters: 0.999999 0.000521578 0.000518425 -0.000518425 0.999976 -0.00687827 -0.000521578 0.00687773 0.999976 -0.0124965 -0.0703169 -0.419479
FixedParameters: 0 0 0

#Transform 57
Transform: AffineTransform_float_3_3
Parameters: 0.999999 0.000591619 0.000632712 -0.000586386 0.999974 -0.00727638 -0.000636283 0.00727563 0.999974 -0.0151742 -0.0672024 -0.416725
FixedParameters: 0 0 0

#Transform 58
Transform: AffineTransform_float_3_3
Parameters: 0.999999 0.000503358 0.000589305 -0.000498644 0.999972 -0.00737229 -0.000592692 0.0073727 0.999972 -0.0152569 -0.0727194 -0.431984
FixedParameters: 0 0 0

#Transform 59
Transform: AffineTransform_float_3_3
Parameters: 0.999999 0.000593514 0.000663992 -0.000589485 0.999977 -0.00677839 -0.00066801 0.0067776 0.999977 -0.0195702 -0.117244 -0.407878
FixedParameters: 0 0 0

#Transform 60
Transform: AffineTransform_float_3_3
Parameters: 0.999999 0.000607188 0.000584682 -0.00060281 0.999975 -0.00713636 -0.000589317 0.00713665 0.999975 -0.0196734 -0.136358 -0.43544
FixedParameters: 0 0 0

#Transform 61
Transform: AffineTransform_float_3_3
Parameters: 0.999999 0.000602103 0.000526342 -0.000597891 0.999969 -0.00776231 -0.000531656 0.00776168 0.999969 -0.0207773 -0.13668 -0.464444
FixedParameters: 0 0 0

#Transform 62
Transform: AffineTransform_float_3_3
Parameters: 1 0.000356373 0.000575709 -0.000350633 0.999956 -0.00930621 -0.000578288 0.0093058 0.999957 -0.0147763 -0.157656 -0.547081
FixedParameters: 0 0 0

#Transform 63
Transform: AffineTransform_float_3_3
Parameters: 1 0.000354407 0.000375816 -0.000350591 0.999959 -0.00902714 -0.00037918 0.00902687 0.999959 -0.0121616 -0.137697 -0.541196
FixedParameters: 0 0 0

#Transform 64
Transform: AffineTransform_float_3_3
Parameters: 1 0.000354761 0.000399693 -0.000351236 0.999956 -0.00937114 -0.000403309 0.00937086 0.999956 -0.00677795 -0.156777 -0.550743
FixedParameters: 0 0 0

#Transform 65
Transform: AffineTransform_float_3_3
Parameters: 1 0.000355798 0.000481491 -0.000351197 0.99995 -0.00992816 -0.00048551 0.00992782 0.99995 -0.0142063 -0.158385 -0.582069
FixedParameters: 0 0 0

#Transform 66
Transform: AffineTransform_float_3_3
Parameters: 1 0.000356258 0.00047006 -0.000350731 0.999938 -0.0111402 -0.000474936 0.0111398 0.999938 -0.0170904 -0.176162 -0.631649
FixedParameters: 0 0 0

#Transform 67
Transform: AffineTransform_float_3_3
Parameters: 1 0.000356959 0.000519959 -0.00035104 0.999935 -0.0114162 -0.000524041 0.0114158 0.999934 -0.0144444 -0.166572 -0.636852
FixedParameters: 0 0 0

#Transform 68
Transform: AffineTransform_float_3_3
Parameters: 0.999999 0.000359333 0.000693747 -0.000350664 0.999928 -0.0119743 -0.000698249 0.0119738 0.999928 -0.0240789 -0.180056 -0.67292
FixedParameters: 0 0 0

#Transform 69
Transform: AffineTransform_float_3_3
Parameters: 1 0.000358557 0.000600552 -0.00035145 0.999922 -0.0125372 -0.000604454 0.0125368 0.999921 -0.0200836 -0.188817 -0.704096
FixedParameters: 0 0 0

#Transform 70
Transform: AffineTransform_float_3_3
Parameters: 1 0.000358278 0.000579563 -0.000350717 0.999921 -0.0125092 -0.000584432 0.0125088 0.999921 -0.0146615 -0.194614 -0.703811
FixedParameters: 0 0 0

#Transform 71
Transform: AffineTransform_float_3_3
Parameters: 0.999999 0.000359336 0.000665566 -0.000350671 0.999922 -0.0124822 -0.000669429 0.0124828 0.999922 -0.0189738 -0.189123 -0.66419
FixedParameters: 0 0 0

#Transform 72
Transform: AffineTransform_float_3_3
Parameters: 0.999999 0.000359971 0.000692409 -0.000351034 0.999916 -0.0129132 -0.000696591 0.0129128 0.999917 -0.0146529 -0.183354 -0.711235
FixedParameters: 0 0 0

#Transform 73
Transform: AffineTransform_float_3_3
Parameters: 0.999999 0.000538692 0.000851716 -0.000527317 0.999906 -0.0136695 -0.000858288 0.0136685 0.999906 -0.0228784 -0.169657 -0.737816
FixedParameters: 0 0 0

#Transform 74
Transform: AffineTransform_float_3_3
Parameters: 0.999999 0.000208114 0.000694333 -0.000198891 0.999914 -0.0130991 -0.000696665 0.0130999 0.999914 -0.0210278 -0.205849 -0.687332
FixedParameters: 0 0 0

#Transform 75
Transform: AffineTransform_float_3_3
Parameters: 0.999999 0.00036079 0.000691983 -0.000351209 0.9999 -0.0140972 -0.00069702 0.0140968 0.999901 -0.0171209 -0.192425 -0.731162
FixedParameters: 0 0 0

#Transform 76
Transform: AffineTransform_float_3_3
Parameters: 0.999999 0.000545534 0.00078713 -0.000534467 0.999893 -0.0145804 -0.000794877 0.0145806 0.999894 -0.0283211 -0.184716 -0.805885
FixedParameters: 0 0 0

#Transform 77
Transform: AffineTransform_float_3_3
Parameters: 0.999999 0.000405162 0.000842798 -0.000391835 0.999879 -0.0155583 -0.000849199 0.0155587 0.999878 -0.0299827 -0.206306 -0.863427
FixedParameters: 0 0 0

#Transform 78
Transform: AffineTransform_float_3_3
Parameters: 1 0.000576066 0.00104127 -0.000559924 0.999882 -0.0153636 -0.00105073 0.0153634 0.999882 -0.0305155 -0.210629 -0.847351
FixedParameters: 0 0 0

#Transform 79
Transform: AffineTransform_float_3_3
Parameters: 0.999999 0.000710551 0.00114953 -0.000695442 0.999909 -0.0134728 -0.00115947 0.0134712 0.999908 -0.0238969 -0.193806 -0.863866
FixedParameters: 0 0 0

#Transform 80
Transform: AffineTransform_float_3_3
Parameters: 0.999999 0.00082352 0.00130247 -0.000805487 0.9999 -0.0141561 -0.00131353 0.0141549 0.999899 -0.0371 -0.247494 -0.810508
FixedParameters: 0 0 0

#Transform 81
Transform: AffineTransform_float_3_3
Parameters: 0.999999 0.000886005 0.00105577 -0.000869992 0.999886 -0.0150649 -0.00106923 0.0150641 0.999886 -0.0367479 -0.221073 -0.874884
FixedParameters: 0 0 0

#Transform 82
Transform: AffineTransform_float_3_3
Parameters: 0.999999 0.000748473 0.00104742 -0.000731533 0.999878 -0.0156408 -0.00105857 0.0156392 0.999877 -0.0340626 -0.218087 -0.876182
FixedParameters: 0 0 0

#Transform 83
Transform: AffineTransform_float_3_3
Parameters: 0.999999 0.000932653 0.00090819 -0.000918333 0.999871 -0.0160038 -0.000923815 0.0160031 0.999871 -0.0297043 -0.251429 -0.904998
FixedParameters: 0 0 0

#Transform 84
Transform: AffineTransform_float_3_3
Parameters: 1 0.000607567 0.000854832 -0.000593431 0.999857 -0.0169385 -0.000865177 0.0169385 0.999856 -0.0235146 -0.245896 -0.957634
FixedParameters: 0 0 0

#Transform 85
Transform: AffineTransform_float_3_3
Parameters: 1 0.000809227 0.000845611 -0.000794784 0.999861 -0.0166917 -0.000858386 0.0166903 0.999861 -0.0231385 -0.250263 -0.946487
FixedParameters: 0 0 0

#Transform 86
Transform: AffineTransform_float_3_3
Parameters: 1 0.000889068 0.000788415 -0.000874922 0.999843 -0.0176677 -0.000804583 0.0176673 0.999843 -0.0225144 -0.266928 -0.981773
FixedParameters: 0 0 0

#Transform 87
Transform: AffineTransform_float_3_3
Parameters: 1 0.000676118 0.000878571 -0.000660892 0.999853 -0.0170946 -0.000889429 0.0170944 0.999854 -0.0214568 -0.270777 -0.951516
FixedParameters: 0 0 0

#Transform 88
Transform: AffineTransform_float_3_3
Parameters: 0.999999 0.00106704 0.000940007 -0.00104996 0.999839 -0.017942 -0.000958992 0.017941 0.999838 -0.0263741 -0.294264 -0.989817
FixedParameters: 0 0 0

#Transform 89
Transform: AffineTransform_float_3_3
Parameters: 1 0.000675787 0.000887195 -0.000659218 0.999844 -0.0176746 -0.000898793 0.0176744 0.999844 -0.0183627 -0.274861 -0.981346
FixedParameters: 0 0 0

#Transform 90
Transform: AffineTransform_float_3_3
Parameters: 0.999999 0.000649399 0.000756703 -0.000635595 0.999846 -0.0175755 -0.000768289 0.0175745 0.999846 -0.0146786 -0.256371 -0.974545
FixedParameters: 0 0 0

#Transform 91
Transform: AffineTransform_float_3_3
Parameters: 0.999999 0.000703982 0.000663512 -0.000692026 0.999839 -0.0178895 -0.000675487 0.0178885 0.99984 -0.012744 -0.272197 -0.988127
FixedParameters: 0 0 0

#Transform 92
Transform: AffineTransform_float_3_3
Parameters: 0.999999 0.000638441 0.000672402 -0.000626565 0.999831 -0.0183434 -0.000683609 0.0183436 0.999832 -0.0133371 -0.284944 -1.00834
FixedParameters: 0 0 0

#Transform 93
Transform: AffineTransform_float_3_3
Parameters: 0.999999 0.00054827 0.000532629 -0.000537743 0.999818 -0.0190923 -0.000542366 0.0190927 0.999817 -0.0169676 -0.289438 -1.0608
FixedParameters: 0 0 0

#Transform 94
Transform: AffineTransform_float_3_3
Parameters: 0.999999 0.000602097 0.000446999 -0.000592902 0.999798 -0.0200813 -0.000458999 0.0200807 0.999799 -0.0177492 -0.29179 -1.09527
FixedParameters: 0 0 0

#Transform 95
Transform: AffineTransform_float_3_3
Parameters: 1 0.000548994 0.000237787 -0.000544002 0.99979 -0.0205162 -0.000249213 0.0205159 0.99979 -0.0198738 -0.318278 -1.12803
FixedParameters: 0 0 0

#Transform 96
Transform: AffineTransform_float_3_3
Parameters: 1 0.000550594 0.000262578 -0.000544397 0.999783 -0.0208491 -0.00027441 0.0208489 0.999782 -0.0200542 -0.330786 -1.14042
FixedParameters: 0 0 0

#Transform 97
Transform: AffineTransform_float_3_3
Parameters: 0.999999 0.000670499 0.000260253 -0.000664485 0.999788 -0.0205842 -0.000274737 0.0205848 0.999788 -0.0181509 -0.320903 -1.11707
FixedParameters: 0 0 0

#Transform 98
Transform: AffineTransform_float_3_3
Parameters: 1 0.000577798 0.000131235 -0.000575206 0.999791 -0.0204091 -0.000142769 0.0204089 0.999791 -0.0164061 -0.327112 -1.07023
FixedParameters: 0 0 0

#Transform 99
Transform: AffineTransform_float_3_3
Parameters: 1 0.000554577 0.000262527 -0.000549412 0.999783 -0.0207891 -0.000274481 0.0207888 0.999784 -0.0091464 -0.329153 -1.07944
FixedParameters: 0 0 0

#Transform 100
Transform: AffineTransform_float_3_3
Parameters: 0.999999 0.000702702 0.000259025 -0.000697297 0.999771 -0.0213952 -0.000273981 0.0213948 0.999771 -0.0187421 -0.339616 -1.09832
FixedParameters: 0 0 0

#Transform 101
Transform: AffineTransform_float_3_3
Parameters: 1 0.000615174 0.000182477 -0.000610836 0.999756 -0.0220551 -0.000195519 0.0220549 0.999756 -0.0145094 -0.355904 -1.12153
FixedParameters: 0 0 0

#Transform 102
Transform: AffineTransform_float_3_3
Parameters: 1 0.000572236 -0.000179472 -0.000576753 0.999764 -0.0217219 0.000166511 0.0217221 0.999764 -0.0171013 -0.330526 -1.0998
FixedParameters: 0 0 0

#Transform 103
Transform: AffineTransform_float_3_3
Parameters: 0.999999 0.000734767 -0.000184736 -0.000738215 0.99971 -0.0240649 0.000166283 0.0240651 0.999711 -0.0226227 -0.347358 -1.19471
FixedParameters: 0 0 0

#Transform 104
Transform: AffineTransform_float_3_3
Parameters: 0.999999 0.000740098 8.30595e-05 -0.000737903 0.999737 -0.0229191 -9.99382e-05 0.0229189 0.999738 -0.0298746 -0.317449 -1.17096
FixedParameters: 0 0 0

#Transform 105
Transform: AffineTransform_float_3_3
Parameters: 1 0.000967446 0.000276356 -0.000960562 0.999747 -0.0224443 -0.000297634 0.0224437 0.999748 -0.0274376 -0.368475 -1.14597
FixedParameters: 0 0 0

#Transform 106
Transform: AffineTransform_float_3_3
Parameters: 1 0.000544234 0.000264542 -0.000538778 0.999735 -0.0230191 -0.000276475 0.0230189 0.999735 -0.0194336 -0.372156 -1.15421
FixedParameters: 0 0 0

#Transform 107
Transform: AffineTransform_float_3_3
Parameters: 1 0.000683616 6.10098e-05 -0.000682384 0.999725 -0.023415 -7.69991e-05 0.0234149 0.999726 -0.0243332 -0.385185 -1.1931
FixedParameters: 0 0 0

#Transform 108
Transform: AffineTransform_float_3_3
Parameters: 1 0.000443611 0.000104473 -0.000440376 0.999716 -0.023796 -0.000115512 0.0237959 0.999717 -0.0150526 -0.388949 -1.20417
FixedParameters: 0 0 0

#Transform 109
Transform: AffineTransform_float_3_3
Parameters: 1 0.000552481 0.000136622 -0.00054851 0.999705 -0.0242881 -0.000150367 0.0242879 0.999705 -0.0184328 -0.397091 -1.22471
FixedParameters: 0 0 0

#Transform 110
Transform: AffineTransform_float_3_3
Parameters: 0.999999 0.000511877 0.000568811 -0.000498117 0.999708 -0.0241363 -0.000581191 0.0241357 0.999708 -0.0202269 -0.388977 -1.21813
FixedParameters: 0 0 0

#Transform 111
Transform: AffineTransform_float_3_3
Parameters: 1 0.000495369 0.000130855 -0.000491628 0.999698 -0.0245971 -0.000143136 0.0245969 0.999697 -0.0188668 -0.390741 -1.23382
FixedParameters: 0 0 0

#Transform 112
Transform: AffineTransform_float_3_3
Parameters: 0.999999 0.000702761 0.00026683 -0.000696235 0.999699 -0.0245462 -0.000284175 0.0245458 0.999698 -0.0222515 -0.409725 -1.21675
FixedParameters: 0 0 0

#Transform 113
Transform: AffineTransform_float_3_3
Parameters: 1 0.000582341 0.000205443 -0.000576669 0.999684 -0.0251081 -0.000219548 0.0251079 0.999684 -0.0194069 -0.41602 -1.24212
FixedParameters: 0 0 0

#Transform 114
Transform: AffineTransform_float_3_3
Parameters: 1 0.000418249 0.000362598 -0.00040874 0.999684 -0.0251441 -0.000373395 0.0251438 0.999684 -0.0172659 -0.422122 -1.2252
FixedParameters: 0 0 0

#Transform 115
Transform: AffineTransform_float_3_3
Parameters: 0.999999 0.000515398 0.000559061 -0.000500603 0.999676 -0.0254563 -0.000571928 0.0254557 0.999676 -0.0180462 -0.401606 -1.20713
FixedParameters: 0 0 0

#Transform 116
Transform: AffineTransform_float_3_3
Parameters: 1 0.000403978 0.00046179 -0.000392042 0.999671 -0.0256502 -0.000471211 0.0256498 0.999671 -0.0197497 -0.414786 -1.21754
FixedParameters: 0 0 0

#Transform 117
Transform: AffineTransform_float_3_3
Parameters: 1 0.000511159 0.000384865 -0.000500863 0.999663 -0.0259502 -0.000397131 0.0259498 0.999663 -0.024831 -0.439984 -1.25091
FixedParameters: 0 0 0

#Transform 118
Transform: AffineTransform_float_3_3
Parameters: 1 0.000420464 0.000351994 -0.000410535 0.999649 -0.0264702 -0.000362994 0.0264699 0.99965 -0.0171947 -0.441645 -1.26924
FixedParameters: 0 0 0

#Transform 119
Transform: AffineTransform_float_3_3
Parameters: 1 0.000428634 0.000279634 -0.000421356 0.999642 -0.0267511 -0.000291376 0.0267509 0.999642 -0.01684 -0.441533 -1.30173
FixedParameters: 0 0 0

#Transform 120
Transform: AffineTransform_float_3_3
Parameters: 1 0.000211866 0.000175279 -0.000207114 0.999627 -0.027313 -0.000181725 0.027313 0.999627 -0.0245439 -0.471057 -1.31396
FixedParameters: 0 0 0

#Transform 121
Transform: AffineTransform_float_3_3
Parameters: 1 0.000243429 0.000304448 -0.000235556 0.999625 -0.0273851 -0.000311567 0.0273849 0.999625 -0.0197993 -0.478136 -1.3274
FixedParameters: 0 0 0

#Transform 122
Transform: AffineTransform_float_3_3
Parameters: 1 0.00034854 -5.76515e-05 -0.00034947 0.999618 -0.027628 4.83633e-05 0.027628 0.999619 -0.0280659 -0.476881 -1.31641
FixedParameters: 0 0 0

#Transform 123
Transform: AffineTransform_float_3_3
Parameters: 1 0.000286243 0.000151229 -0.000281764 0.999626 -0.027346 -0.000158764 0.027346 0.999626 -0.0195382 -0.501239 -1.31976
FixedParameters: 0 0 0

#Transform 124
Transform: AffineTransform_float_3_3
Parameters: 1 0.000511943 0.000389004 -0.000501057 0.999618 -0.0276282 -0.000402997 0.0276278 0.999618 -0.0265697 -0.503671 -1.34403
FixedParameters: 0 0 0

#Transform 125
Transform: AffineTransform_float_3_3
Parameters: 1 0.000336723 -5.0425e-05 -0.000338265 0.99961 -0.027932 4.05674e-05 0.027932 0.99961 -0.0229843 -0.527942 -1.3708
FixedParameters: 0 0 0

#Transform 126
Transform: AffineTransform_float_3_3
Parameters: 1 0.00050525 0.000141633 -0.00050074 0.999592 -0.0285501 -0.00015636 0.0285499 0.999593 -0.0265317 -0.547195 -1.39271
FixedParameters: 0 0 0

#Transform 127
Transform: AffineTransform_float_3_3
Parameters: 1 0.000289488 -5.64072e-05 -0.000291529 0.99958 -0.02896 4.85777e-05 0.02896 0.99958 -0.0223073 -0.531926 -1.39021
FixedParameters: 0 0 0
