# transform file /out/sourcedata/freesurfer/sub-v1s3x0050790_ses-1/mri/transforms/cc_up.lta
# created by oesteban on Tue Mar 10 01:43:17 2026

type      = 0 # LINEAR_VOX_TO_VOX
nxforms   = 1
mean      = 130.0000 126.0000 124.0000
sigma     = 10000.0000
1 4 4
9.990321993827820e-01 -4.397369548678398e-02 1.001555705443025e-03 5.813938617706299e+00 
4.397367313504219e-02 9.990327358245850e-01 4.408474705996923e-05 8.467429161071777e+00 
-1.002525445073843e-03 3.637978807091713e-12 9.999995231628418e-01 1.212858486175537e+01 
0.000000000000000e+00 0.000000000000000e+00 0.000000000000000e+00 1.000000000000000e+00 
src volume info
valid = 1  # volume info valid
filename = /out/sourcedata/freesurfer/sub-v1s3x0050790_ses-1/mri/norm.mgz
volume = 256 256 256
voxelsize = 1.000000000000000e+00 1.000000000000000e+00 1.000000000000000e+00
xras   = -1.000000000000000e+00 0.000000000000000e+00 0.000000000000000e+00
yras   = 0.000000000000000e+00 0.000000000000000e+00 -1.000000000000000e+00
zras   = -7.346839692639297e-40 1.000000000000000e+00 0.000000000000000e+00
cras   = 5.000000000000000e-01 5.000000000000000e-01 5.000000000000000e-01
dst volume info
valid = 1  # volume info valid
filename = /out/sourcedata/freesurfer/sub-v1s3x0050790_ses-1/mri/norm.mgz
volume = 256 256 256
voxelsize = 1.000000000000000e+00 1.000000000000000e+00 1.000000000000000e+00
xras   = -1.000000000000000e+00 0.000000000000000e+00 0.000000000000000e+00
yras   = 0.000000000000000e+00 0.000000000000000e+00 -1.000000000000000e+00
zras   = -7.346839692639297e-40 1.000000000000000e+00 0.000000000000000e+00
cras   = 5.000000000000000e-01 5.000000000000000e-01 5.000000000000000e-01
