#Insight Transform File V1.0
#Transform 0
Transform: AffineTransform_float_3_3
Parameters: 1 0.000582266 -8.92815e-05 -0.000582732 0.999996 0.00295205 9.17206e-05 -0.00295195 0.999995 -0.0410545 0.0865265 0.23855
FixedParameters: 0 0 0

#Transform 1
Transform: AffineTransform_float_3_3
Parameters: 0.999999 0.000835151 -0.00116976 -0.000831848 0.999996 0.00269198 0.00117224 -0.00269102 0.999995 -0.0688322 0.0383636 0.251265
FixedParameters: 0 0 0

#Transform 2
Transform: AffineTransform_float_3_3
Parameters: 1 0.000241667 0.000494148 -0.000244332 0.999989 0.00472688 -0.00049285 -0.00472712 0.999988 -0.0253217 0.0339464 0.276415
FixedParameters: 0 0 0

#Transform 3
Transform: AffineTransform_float_3_3
Parameters: 0.999999 0.000241099 0.000994707 -0.000243898 0.999995 0.00291676 -0.000993292 -0.00291724 0.999996 -0.0307194 0.0512067 0.200632
FixedParameters: 0 0 0

#Transform 4
Transform: AffineTransform_float_3_3
Parameters: 0.999999 0.000652833 0.00114823 -0.000655167 0.999998 0.00188825 -0.00114676 -0.00188875 0.999997 -0.0446133 0.0350471 0.102336
FixedParameters: 0 0 0

#Transform 5
Transform: AffineTransform_float_3_3
Parameters: 1 0.000371585 0.000911989 -0.000374417 0.999997 0.00265066 -0.000911011 -0.00265034 0.999996 -0.0223395 0.016376 0.105539
FixedParameters: 0 0 0

#Transform 6
Transform: AffineTransform_float_3_3
Parameters: 1 0.000684859 0.000810815 -0.000687143 0.999997 0.00264445 -0.000809186 -0.00264456 0.999996 -0.0263138 0.026364 0.115039
FixedParameters: 0 0 0

#Transform 7
Transform: AffineTransform_float_3_3
Parameters: 0.999999 0.000383017 0.000739031 -0.000384983 0.999997 0.00268472 -0.000737969 -0.00268528 0.999996 -0.0249923 -0.00157788 0.0405323
FixedParameters: 0 0 0

#Transform 8
Transform: AffineTransform_float_3_3
Parameters: 1 0.000349138 0.000523575 -0.000349862 0.999998 0.00164682 -0.000523424 -0.00164718 0.999998 -0.0235936 -0.00657698 0.0410097
FixedParameters: 0 0 0

#Transform 9
Transform: AffineTransform_float_3_3
Parameters: 1 -8.18168e-05 0.00044385 8.11829e-05 0.999999 0.00184004 -0.00044415 -0.00183996 0.999998 -0.00437722 0.00954642 0.0601942
FixedParameters: 0 0 0

#Transform 10
Transform: AffineTransform_float_3_3
Parameters: 1 -2.16154e-05 0.000484973 2.13845e-05 0.999999 0.00126901 -0.000485028 -0.00126899 0.999999 -0.00888452 0.0155053 0.0339845
FixedParameters: 0 0 0

#Transform 11
Transform: AffineTransform_float_3_3
Parameters: 1 0.000249723 0.000294236 -0.000250278 1 0.000943926 -0.000293764 -0.000943073 0.999999 -0.0150899 0.0124128 0.00437317
FixedParameters: 0 0 0

#Transform 12
Transform: AffineTransform_float_3_3
Parameters: 1 0.000464792 0.000513188 -0.000465208 1 0.000405761 -0.000512811 -0.000405238 1 -0.0192196 -0.00776531 -0.0532451
FixedParameters: 0 0 0

#Transform 13
Transform: AffineTransform_float_3_3
Parameters: 0.999999 0.000486573 0.000513405 -0.000487426 0.999999 0.000831749 -0.000512595 -0.000831249 0.999999 -0.0187097 -0.00011737 0.113336
FixedParameters: 0 0 0

#Transform 14
Transform: AffineTransform_float_3_3
Parameters: 1 0.000245918 9.02238e-05 -0.000246082 0.999999 0.000909977 -8.97761e-05 -0.000910021 0.999999 -0.00145563 0.0333872 0.167885
FixedParameters: 0 0 0

#Transform 15
Transform: AffineTransform_float_3_3
Parameters: 1 0.000429055 -4.04182e-05 -0.000428944 0.999999 0.00135602 4.15817e-05 -0.00135598 0.999999 -0.0233399 0.0167895 0.101168
FixedParameters: 0 0 0

#Transform 16
Transform: AffineTransform_float_3_3
Parameters: 1 0.000475888 7.86772e-05 -0.000476112 0.999999 0.00142296 -7.83226e-05 -0.00142304 0.999999 -0.0152606 -0.00731412 0.0710815
FixedParameters: 0 0 0

#Transform 17
Transform: AffineTransform_float_3_3
Parameters: 1 0.000358958 4.63284e-05 -0.000359043 0.999999 0.000914983 -4.66715e-05 -0.000915016 0.999999 -0.0225694 0.00484965 0.0226477
FixedParameters: 0 0 0

#Transform 18
Transform: AffineTransform_float_3_3
Parameters: 1 -5.1225e-05 -0.000321964 5.07749e-05 1 -0.000699016 0.000322035 0.000698983 0.999999 -0.00496892 0.0150245 -0.0210151
FixedParameters: 0 0 0

#Transform 19
Transform: AffineTransform_float_3_3
Parameters: 1 0.000327829 -0.00046612 -0.000328171 1 -0.000366847 0.000465879 0.000367153 1 -0.00804397 -0.00202801 -0.0135088
FixedParameters: 0 0 0

#Transform 20
Transform: AffineTransform_float_3_3
Parameters: 1 0.000199063 -0.000277955 -0.000198937 1 0.000228055 0.000278045 -0.000227945 1 -0.0066746 0.00741617 0.0176309
FixedParameters: 0 0 0

#Transform 21
Transform: AffineTransform_float_3_3
Parameters: 1 0.000316028 4.58063e-05 -0.000315972 1 -0.000613014 -4.61937e-05 0.000612985 1 -0.00734574 0.0144503 0.00860851
FixedParameters: 0 0 0

#Transform 22
Transform: AffineTransform_float_3_3
Parameters: 1 0.000441642 -0.000202783 -0.000442359 0.999999 -0.00177091 0.000202217 0.00177109 0.999999 -0.0124531 0.0170494 -0.014752
FixedParameters: 0 0 0

#Transform 23
Transform: AffineTransform_float_3_3
Parameters: 1 0.000356826 -0.000122507 -0.000357173 0.999999 -0.00142096 0.000121493 0.00142104 0.999999 0.00665596 -0.000117168 0.028459
FixedParameters: 0 0 0

#Transform 24
Transform: AffineTransform_float_3_3
Parameters: 1 -5.11216e-05 -0.000215971 5.08784e-05 1 -0.000563011 0.000216029 0.000562989 1 -0.00167005 0.016855 -0.0497002
FixedParameters: 0 0 0

#Transform 25
Transform: AffineTransform_float_3_3
Parameters: 1 -0.000221049 -0.000148928 0.000220952 1 -0.000326033 0.000148072 0.000325967 1 0.0171294 -0.008735 0.0463408
FixedParameters: 0 0 0

#Transform 26
Transform: AffineTransform_float_3_3
Parameters: 1 -0.000279034 -0.000143935 0.000278966 1 -0.00023304 0.000144065 0.00023296 1 0.00277529 0.0240764 -0.0404624
FixedParameters: 0 0 0

#Transform 27
Transform: AffineTransform_float_3_3
Parameters: 1 -5.09753e-05 4.60273e-05 5.10246e-05 1 -0.000535997 -4.59727e-05 0.000536002 1 -0.00363589 -0.0298578 -0.097601
FixedParameters: 0 0 0

#Transform 28
Transform: AffineTransform_float_3_3
Parameters: 1 0.00116621 -0.000352295 -0.00116679 0.999999 0.000604411 0.000353705 -0.000603588 1 -0.0782822 -0.0202452 0.134273
FixedParameters: 0 0 0

#Transform 29
Transform: AffineTransform_float_3_3
Parameters: 0.999999 0.000704153 0.000382563 -0.000705845 0.999998 0.00221773 -0.000380435 -0.00221827 0.999998 -0.0472461 -0.0152514 0.192246
FixedParameters: 0 0 0

#Transform 30
Transform: AffineTransform_float_3_3
Parameters: 0.999998 0.00158076 4.52434e-05 -0.00158124 0.999981 0.00584693 -3.57551e-05 -0.00584706 0.999983 -0.0568773 -0.0759267 0.232251
FixedParameters: 0 0 0

#Transform 31
Transform: AffineTransform_float_3_3
Parameters: 0.999998 0.00138095 0.000850895 -0.00138705 0.999974 0.00714883 -0.000841104 -0.00715017 0.999974 -0.0506865 -0.0605996 0.24736
FixedParameters: 0 0 0

#Transform 32
Transform: AffineTransform_float_3_3
Parameters: 0.999998 0.0015823 0.00171301 -0.0015917 0.999982 0.00567629 -0.00170399 -0.00567871 0.999983 -0.111478 -0.0559018 0.0454226
FixedParameters: 0 0 0

#Transform 33
Transform: AffineTransform_float_3_3
Parameters: 0.999997 0.00140622 0.00231819 -0.00141878 0.999986 0.00508573 -0.00231181 -0.00508927 0.999985 -0.107065 -0.0477794 0.053042
FixedParameters: 0 0 0

#Transform 34
Transform: AffineTransform_float_3_3
Parameters: 0.999997 0.00128305 0.00172021 -0.00128995 0.999991 0.00404479 -0.00171479 -0.00404721 0.999991 -0.0984164 -0.0307866 0.0892709
FixedParameters: 0 0 0

#Transform 35
Transform: AffineTransform_float_3_3
Parameters: 0.999996 0.0011574 0.00228438 -0.0011666 0.999992 0.00376835 -0.00227962 -0.00377165 0.999991 -0.102391 -0.0375764 0.0568362
FixedParameters: 0 0 0

#Transform 36
Transform: AffineTransform_float_3_3
Parameters: 0.999997 0.000707157 0.00228176 -0.000715845 0.999992 0.00387738 -0.00227924 -0.00387862 0.99999 -0.0777498 -0.0365469 0.0315163
FixedParameters: 0 0 0

#Transform 37
Transform: AffineTransform_float_3_3
Parameters: 0.999997 0.000916195 0.00225759 -0.000924802 0.999992 0.00390192 -0.00225341 -0.00390408 0.99999 -0.0778425 -0.0607612 0.0331133
FixedParameters: 0 0 0

#Transform 38
Transform: AffineTransform_float_3_3
Parameters: 0.999997 0.000816266 0.00196681 -0.000822734 0.999994 0.00342539 -0.00196419 -0.00342661 0.999992 -0.0835601 -0.0912342 0.0114598
FixedParameters: 0 0 0

#Transform 39
Transform: AffineTransform_float_3_3
Parameters: 0.999997 0.000835461 0.00220188 -0.000843539 0.999994 0.00342515 -0.00219912 -0.00342685 0.999991 -0.0826619 -0.0763377 -0.0451469
FixedParameters: 0 0 0

#Transform 40
Transform: AffineTransform_float_3_3
Parameters: 0.999997 0.000872713 0.00253352 -0.000880292 0.999996 0.00287778 -0.00253148 -0.00287922 0.999992 -0.0768434 -0.106564 -0.201364
FixedParameters: 0 0 0

#Transform 41
Transform: AffineTransform_float_3_3
Parameters: 0.999996 0.00123974 0.00251459 -0.00124826 0.999993 0.00368488 -0.00251042 -0.00368813 0.99999 -0.0754494 -0.133644 -0.0788953
FixedParameters: 0 0 0

#Transform 42
Transform: AffineTransform_float_3_3
Parameters: 0.999995 0.00111229 0.00270368 -0.0011257 0.999987 0.00507298 -0.00269732 -0.00507603 0.999984 -0.0722811 -0.0994038 0.00141797
FixedParameters: 0 0 0

#Transform 43
Transform: AffineTransform_float_3_3
Parameters: 0.999995 0.00169348 0.00271422 -0.00170451 0.999989 0.00424639 -0.00270678 -0.0042506 0.999988 -0.0756227 -0.180889 -0.104305
FixedParameters: 0 0 0

#Transform 44
Transform: AffineTransform_float_3_3
Parameters: 0.999995 0.00152494 0.00274143 -0.00154006 0.999983 0.0054988 -0.00273357 -0.00550319 0.999981 -0.0734301 -0.126656 -0.00890076
FixedParameters: 0 0 0

#Transform 45
Transform: AffineTransform_float_3_3
Parameters: 0.999996 0.00119276 0.00277018 -0.00120724 0.999986 0.00514568 -0.00276382 -0.00514932 0.999983 -0.0733806 -0.145715 -0.0747819
FixedParameters: 0 0 0

#Transform 46
Transform: AffineTransform_float_3_3
Parameters: 0.999994 0.00166896 0.00298572 -0.00168804 0.999978 0.006386 -0.00297428 -0.006391 0.999975 -0.0917257 -0.136924 0.0297988
FixedParameters: 0 0 0

#Transform 47
Transform: AffineTransform_float_3_3
Parameters: 0.999995 0.000761088 0.0028925 -0.000777907 0.999982 0.00584977 -0.0028875 -0.00585222 0.999978 -0.0662571 -0.158011 -0.101561
FixedParameters: 0 0 0

#Transform 48
Transform: AffineTransform_float_3_3
Parameters: 0.999996 0.00016714 0.00283811 -0.000184861 0.99998 0.0062945 -0.00283689 -0.0062945 0.999976 -0.0763464 -0.140499 -0.150794
FixedParameters: 0 0 0

#Transform 49
Transform: AffineTransform_float_3_3
Parameters: 0.999995 0.00105247 0.00305374 -0.00106853 0.999985 0.00541576 -0.00304826 -0.00541823 0.99998 -0.0746486 -0.204729 -0.130755
FixedParameters: 0 0 0

#Transform 50
Transform: AffineTransform_float_3_3
Parameters: 0.999996 0.00139429 0.00222864 -0.00140772 0.99998 0.00616388 -0.00222036 -0.00616711 0.999978 -0.0982977 -0.121616 -0.0378506
FixedParameters: 0 0 0

#Transform 51
Transform: AffineTransform_float_3_3
Parameters: 0.999997 0.000896948 0.00234481 -0.000912052 0.999979 0.00642588 -0.00233919 -0.00642812 0.999976 -0.0793473 -0.134102 -0.0815942
FixedParameters: 0 0 0

#Transform 52
Transform: AffineTransform_float_3_3
Parameters: 0.999994 0.00119015 0.00320197 -0.00121484 0.999972 0.00745616 -0.00319203 -0.00745985 0.999967 -0.0669814 -0.203855 -0.0626173
FixedParameters: 0 0 0

#Transform 53
Transform: AffineTransform_float_3_3
Parameters: 0.999994 0.00100925 0.00328901 -0.00103475 0.999969 0.00783664 -0.00328099 -0.00784035 0.999964 -0.0610763 -0.190606 -0.12549
FixedParameters: 0 0 0

#Transform 54
Transform: AffineTransform_float_3_3
Parameters: 0.999994 0.000887162 0.0033357 -0.00091184 0.999972 0.007452 -0.0033293 -0.00745499 0.999966 -0.0523399 -0.165977 -0.11468
FixedParameters: 0 0 0

#Transform 55
Transform: AffineTransform_float_3_3
Parameters: 0.999994 0.00137829 0.00313364 -0.00140072 0.999975 0.00693765 -0.00312436 -0.00694135 0.999971 -0.0840414 -0.115559 0.111071
FixedParameters: 0 0 0

#Transform 56
Transform: AffineTransform_float_3_3
Parameters: 0.999995 0.00216767 0.00238717 -0.00218033 0.999982 0.00559482 -0.00237483 -0.00560017 0.999981 -0.0995374 -0.147312 0.0385582
FixedParameters: 0 0 0

#Transform 57
Transform: AffineTransform_float_3_3
Parameters: 0.999993 0.00162426 0.00357634 -0.00164874 0.999974 0.00692615 -0.00356466 -0.00693184 0.999969 -0.0927773 -0.112797 0.0413041
FixedParameters: 0 0 0

#Transform 58
Transform: AffineTransform_float_3_3
Parameters: 0.999993 0.00132345 0.00349141 -0.00134855 0.999975 0.00703834 -0.00348159 -0.00704266 0.999969 -0.085627 -0.120588 0.032015
FixedParameters: 0 0 0

#Transform 59
Transform: AffineTransform_float_3_3
Parameters: 0.999993 0.00134126 0.0033079 -0.00136274 0.999978 0.00657754 -0.0032991 -0.00658247 0.999973 -0.0737203 -0.154595 0.0198301
FixedParameters: 0 0 0

#Transform 60
Transform: AffineTransform_float_3_3
Parameters: 0.999995 0.00134776 0.00308448 -0.00136724 0.99998 0.00624482 -0.00307552 -0.00624918 0.999975 -0.0834537 -0.17956 -0.0484145
FixedParameters: 0 0 0

#Transform 61
Transform: AffineTransform_float_3_3
Parameters: 0.999993 0.00114169 0.00335901 -0.00116531 0.999975 0.00694513 -0.00335099 -0.00694887 0.99997 -0.0808422 -0.157438 0.016072
FixedParameters: 0 0 0

#Transform 62
Transform: AffineTransform_float_3_3
Parameters: 0.999993 0.00114557 0.00350009 -0.00117043 0.999975 0.00698595 -0.00349191 -0.00699004 0.999969 -0.0754915 -0.18636 0.0227878
FixedParameters: 0 0 0

#Transform 63
Transform: AffineTransform_float_3_3
Parameters: 0.999993 0.00121704 0.00334344 -0.00123995 0.999975 0.00687289 -0.00333455 -0.0068771 0.999971 -0.0818726 -0.171553 0.149228
FixedParameters: 0 0 0

#Transform 64
Transform: AffineTransform_float_3_3
Parameters: 0.999997 0.0013065 0.00236961 -0.0013225 0.999977 0.00655089 -0.00236139 -0.00655411 0.999975 -0.0935241 -0.160377 0.149802
FixedParameters: 0 0 0

#Transform 65
Transform: AffineTransform_float_3_3
Parameters: 0.999997 0.00135403 0.00206888 -0.00136597 0.999983 0.00579619 -0.00206112 -0.00579881 0.999981 -0.0925882 -0.174022 0.050115
FixedParameters: 0 0 0

#Transform 66
Transform: AffineTransform_float_3_3
Parameters: 0.999998 0.00122881 0.00193082 -0.0012402 0.999979 0.00632662 -0.00192319 -0.00632838 0.999978 -0.0996603 -0.130738 0.138633
FixedParameters: 0 0 0

#Transform 67
Transform: AffineTransform_float_3_3
Parameters: 0.999998 0.00184128 0.0012837 -0.00184773 0.999985 0.00525565 -0.00127431 -0.00525736 0.999986 -0.119789 -0.166461 0.152652
FixedParameters: 0 0 0

#Transform 68
Transform: AffineTransform_float_3_3
Parameters: 0.999999 0.00118628 0.00141351 -0.00119472 0.999985 0.00547132 -0.00140748 -0.00547368 0.999984 -0.105416 -0.116987 0.17046
FixedParameters: 0 0 0

#Transform 69
Transform: AffineTransform_float_3_3
Parameters: 0.999998 0.00160003 0.00101151 -0.00160597 0.999981 0.00593439 -0.00100149 -0.00593561 0.999982 -0.11085 -0.120865 0.214171
FixedParameters: 0 0 0

#Transform 70
Transform: AffineTransform_float_3_3
Parameters: 0.999998 0.00159869 0.00118394 -0.00160531 0.99998 0.00620212 -0.00117407 -0.00620389 0.99998 -0.120939 -0.187244 0.110895
FixedParameters: 0 0 0

#Transform 71
Transform: AffineTransform_float_3_3
Parameters: 0.999998 0.00182503 0.00134922 -0.00183397 0.999976 0.00667754 -0.00133678 -0.00668046 0.999977 -0.129505 -0.0830115 0.372387
FixedParameters: 0 0 0

#Transform 72
Transform: AffineTransform_float_3_3
Parameters: 0.999998 0.00171221 0.000933846 -0.0017168 0.999985 0.00515841 -0.000925156 -0.0051596 0.999987 -0.13714 -0.149213 0.189303
FixedParameters: 0 0 0

#Transform 73
Transform: AffineTransform_float_3_3
Parameters: 0.999997 0.0019817 0.000812554 -0.00198629 0.999984 0.0053194 -0.000801442 -0.0053216 0.999985 -0.129895 -0.187462 0.0805621
FixedParameters: 0 0 0

#Transform 74
Transform: AffineTransform_float_3_3
Parameters: 0.999998 0.001551 0.000472942 -0.001554 0.999979 0.00640328 -0.000463059 -0.00640373 0.99998 -0.131309 -0.146115 0.243412
FixedParameters: 0 0 0

#Transform 75
Transform: AffineTransform_float_3_3
Parameters: 0.999998 0.00175507 0.000682185 -0.00175892 0.999981 0.00579581 -0.000671816 -0.00579719 0.999983 -0.130557 -0.113861 0.236184
FixedParameters: 0 0 0

#Transform 76
Transform: AffineTransform_float_3_3
Parameters: 0.999999 0.00122038 0.00045508 -0.00122262 0.999983 0.00579445 -0.000447922 -0.00579555 0.999983 -0.110211 -0.0913259 0.247572
FixedParameters: 0 0 0

#Transform 77
Transform: AffineTransform_float_3_3
Parameters: 0.999999 0.00141154 -0.000192017 -0.00141046 0.999968 0.00778527 0.000202986 -0.00778472 0.999969 -0.109793 -0.171591 0.228496
FixedParameters: 0 0 0

#Transform 78
Transform: AffineTransform_float_3_3
Parameters: 0.999998 0.00140734 0.000921076 -0.00140966 0.999995 0.00289271 -0.000916925 -0.0028943 0.999996 -0.118183 -0.216179 -0.028802
FixedParameters: 0 0 0

#Transform 79
Transform: AffineTransform_float_3_3
Parameters: 0.999999 0.0014116 -0.000570043 -0.0014104 0.999995 0.00280481 0.000573958 -0.00280419 0.999996 -0.106219 -0.0783483 0.376644
FixedParameters: 0 0 0

#Transform 80
Transform: AffineTransform_float_3_3
Parameters: 1 0.000957126 -0.000602215 -0.000955873 0.999998 0.00186658 0.000604786 -0.00186642 0.999998 -0.0963961 -0.0837947 0.245116
FixedParameters: 0 0 0

#Transform 81
Transform: AffineTransform_float_3_3
Parameters: 0.999999 0.000957772 -0.00105439 -0.000955227 0.999998 0.00168001 0.00105661 -0.00167899 0.999998 -0.0930548 -0.0874861 0.173451
FixedParameters: 0 0 0

#Transform 82
Transform: AffineTransform_float_3_3
Parameters: 0.999999 0.000958599 -0.0015514 -0.000955403 0.999998 0.00167449 0.0015526 -0.00167352 0.999998 -0.0866291 -0.0778651 0.21404
FixedParameters: 0 0 0

#Transform 83
Transform: AffineTransform_float_3_3
Parameters: 0.999998 0.00107435 -0.00156038 -0.00107165 0.999999 0.00150767 0.00156162 -0.00150632 0.999997 -0.0982201 -0.0902949 0.176292
FixedParameters: 0 0 0

#Transform 84
Transform: AffineTransform_float_3_3
Parameters: 0.999998 0.000990015 -0.00164779 -0.000987986 0.999999 0.00122263 0.00164921 -0.00122137 0.999998 -0.0892421 -0.0919544 0.12773
FixedParameters: 0 0 0

#Transform 85
Transform: AffineTransform_float_3_3
Parameters: 0.999999 0.000947944 -0.00123451 -0.000946056 0.999999 0.00157417 0.00123649 -0.00157283 0.999998 -0.0758052 -0.125523 0.0637385
FixedParameters: 0 0 0

#Transform 86
Transform: AffineTransform_float_3_3
Parameters: 0.999998 0.000788291 -0.00149779 -0.000785707 0.999998 0.00153018 0.0014992 -0.00152882 0.999997 -0.080691 -0.118595 0.113424
FixedParameters: 0 0 0

#Transform 87
Transform: AffineTransform_float_3_3
Parameters: 0.999999 0.00112668 -0.00147972 -0.00112532 0.999998 0.00113867 0.00148128 -0.00113633 0.999999 -0.0845863 -0.129014 0.121224
FixedParameters: 0 0 0

#Transform 88
Transform: AffineTransform_float_3_3
Parameters: 0.999999 0.000983539 -0.00147698 -0.000982461 0.999999 0.00104245 0.00147802 -0.00104055 0.999999 -0.0800299 -0.113938 0.117283
FixedParameters: 0 0 0

#Transform 89
Transform: AffineTransform_float_3_3
Parameters: 0.999998 0.000787291 -0.00147731 -0.000785709 1 0.000874162 0.00147769 -0.000872838 0.999998 -0.0861898 -0.111735 0.128749
FixedParameters: 0 0 0

#Transform 90
Transform: AffineTransform_float_3_3
Parameters: 0.999998 0.000787626 -0.00171425 -0.000786376 0.999999 0.00094835 0.00171475 -0.000947651 0.999998 -0.0843936 -0.113386 0.134973
FixedParameters: 0 0 0

#Transform 91
Transform: AffineTransform_float_3_3
Parameters: 0.999998 0.00122336 -0.00165452 -0.00121964 0.999997 0.00203002 0.00165748 -0.00202798 0.999997 -0.0997668 -0.158254 0.135007
FixedParameters: 0 0 0

#Transform 92
Transform: AffineTransform_float_3_3
Parameters: 0.999999 0.000788983 -0.00163356 -0.000786018 0.999998 0.00182529 0.00163544 -0.00182471 0.999997 -0.100406 -0.138096 0.120326
FixedParameters: 0 0 0

#Transform 93
Transform: AffineTransform_float_3_3
Parameters: 0.999999 0.000788924 -0.00162859 -0.000786077 0.999998 0.00179428 0.00163041 -0.00179372 0.999997 -0.0894879 -0.137901 0.115627
FixedParameters: 0 0 0

#Transform 94
Transform: AffineTransform_float_3_3
Parameters: 0.999998 0.000986164 -0.00161168 -0.000983834 0.999998 0.00134359 0.00161332 -0.00134141 0.999998 -0.0894799 -0.158454 0.152935
FixedParameters: 0 0 0

#Transform 95
Transform: AffineTransform_float_3_3
Parameters: 0.999996 0.00193953 -0.00173529 -0.00193846 0.999997 0.000885367 0.00173771 -0.000881632 0.999998 -0.102824 -0.220693 0.143435
FixedParameters: 0 0 0

#Transform 96
Transform: AffineTransform_float_3_3
Parameters: 0.999989 0.00272339 0.00383174 -0.00276261 0.999945 0.0101075 -0.00380425 -0.0101185 0.999941 -0.162317 -0.223103 0.448107
FixedParameters: 0 0 0

#Transform 97
Transform: AffineTransform_float_3_3
Parameters: 0.999993 0.00217202 0.00299134 -0.00219298 0.999973 0.00702749 -0.00297666 -0.00703351 0.999971 -0.149926 -0.221754 0.234331
FixedParameters: 0 0 0

#Transform 98
Transform: AffineTransform_float_3_3
Parameters: 0.999993 0.00223528 0.00295953 -0.00225672 0.999971 0.00735537 -0.00294247 -0.00736263 0.999968 -0.125114 -0.196047 0.229922
FixedParameters: 0 0 0

#Transform 99
Transform: AffineTransform_float_3_3
Parameters: 0.999993 0.00203937 0.00306284 -0.00206064 0.999975 0.00674873 -0.00304916 -0.00675526 0.999972 -0.125796 -0.195011 0.187222
FixedParameters: 0 0 0

#Transform 100
Transform: AffineTransform_float_3_3
Parameters: 0.999994 0.00192777 0.00287196 -0.00194323 0.999982 0.00566045 -0.00286004 -0.00566555 0.99998 -0.130047 -0.185659 0.213772
FixedParameters: 0 0 0

#Transform 101
Transform: AffineTransform_float_3_3
Parameters: 0.999995 0.00202343 0.00209919 -0.00203657 0.99998 0.00600375 -0.0020868 -0.00600825 0.99998 -0.120572 -0.20134 0.230577
FixedParameters: 0 0 0

#Transform 102
Transform: AffineTransform_float_3_3
Parameters: 0.999997 0.00170935 0.00129119 -0.00171765 0.999981 0.0059458 -0.00128181 -0.00594821 0.999982 -0.126962 -0.168866 0.309737
FixedParameters: 0 0 0

#Transform 103
Transform: AffineTransform_float_3_3
Parameters: 0.999997 0.00204296 0.00075107 -0.00204704 0.999984 0.00541248 -0.00073993 -0.00541353 0.999985 -0.130419 -0.196741 0.222294
FixedParameters: 0 0 0

#Transform 104
Transform: AffineTransform_float_3_3
Parameters: 0.999998 0.00175661 0.00101711 -0.00176338 0.999978 0.00631221 -0.00100589 -0.00631377 0.999979 -0.126164 -0.184889 0.241344
FixedParameters: 0 0 0

#Transform 105
Transform: AffineTransform_float_3_3
Parameters: 0.999998 0.00150656 0.000721237 -0.00150944 0.999988 0.00479792 -0.000713765 -0.00479908 0.999988 -0.118565 -0.186768 0.27468
FixedParameters: 0 0 0

#Transform 106
Transform: AffineTransform_float_3_3
Parameters: 0.999999 0.00127153 -0.00023383 -0.00126948 0.999979 0.00642931 0.000241166 -0.0064287 0.99998 -0.0969557 -0.163784 0.444929
FixedParameters: 0 0 0

#Transform 107
Transform: AffineTransform_float_3_3
Parameters: 0.999998 0.00148579 -0.000586499 -0.00148122 0.999979 0.00640288 0.000595496 -0.00640213 0.99998 -0.11246 -0.227559 0.331838
FixedParameters: 0 0 0

#Transform 108
Transform: AffineTransform_float_3_3
Parameters: 0.999999 0.001256 -0.000431367 -0.001253 0.999975 0.00688154 0.000439633 -0.00688145 0.999976 -0.0978768 -0.19541 0.297665
FixedParameters: 0 0 0

#Transform 109
Transform: AffineTransform_float_3_3
Parameters: 0.999999 0.0012279 -0.000434887 -0.0012251 0.999978 0.00661554 0.000443115 -0.00661546 0.999978 -0.0969876 -0.212542 0.296405
FixedParameters: 0 0 0

#Transform 110
Transform: AffineTransform_float_3_3
Parameters: 0.999999 0.00126077 -0.000421812 -0.00125823 0.999978 0.00650154 0.000430188 -0.00650046 0.999979 -0.0944532 -0.218717 0.264926
FixedParameters: 0 0 0

#Transform 111
Transform: AffineTransform_float_3_3
Parameters: 0.999999 0.00108817 -0.000798351 -0.00108383 0.999986 0.00520187 0.000803649 -0.00520113 0.999986 -0.0983069 -0.254211 0.20861
FixedParameters: 0 0 0

#Transform 112
Transform: AffineTransform_float_3_3
Parameters: 0.999999 0.00123599 -0.00076318 -0.00123301 0.999991 0.00390494 0.00076782 -0.00390405 0.999992 -0.10177 -0.266847 0.141758
FixedParameters: 0 0 0

#Transform 113
Transform: AffineTransform_float_3_3
Parameters: 0.999998 0.00177807 -0.00115221 -0.00177393 0.999989 0.00438705 0.00115979 -0.00438495 0.999989 -0.0987939 -0.296741 0.166757
FixedParameters: 0 0 0

#Transform 114
Transform: AffineTransform_float_3_3
Parameters: 0.999999 0.00146271 -0.000949265 -0.0014563 0.999981 0.00598439 0.000957731 -0.00598261 0.999981 -0.0995489 -0.24474 0.247089
FixedParameters: 0 0 0

#Transform 115
Transform: AffineTransform_float_3_3
Parameters: 0.999999 0.00145165 -0.000601251 -0.00144835 0.99998 0.00603487 0.000609751 -0.00603412 0.999981 -0.0965947 -0.226471 0.216157
FixedParameters: 0 0 0

#Transform 116
Transform: AffineTransform_float_3_3
Parameters: 0.999999 0.00147655 -0.000560739 -0.00147245 0.999979 0.00627984 0.000570258 -0.00627917 0.99998 -0.0941166 -0.241504 0.249827
FixedParameters: 0 0 0

#Transform 117
Transform: AffineTransform_float_3_3
Parameters: 0.999998 0.00144913 -0.000669117 -0.00144487 0.99998 0.00613897 0.000677882 -0.00613803 0.999981 -0.0946567 -0.258767 0.246909
FixedParameters: 0 0 0

#Transform 118
Transform: AffineTransform_float_3_3
Parameters: 0.999999 0.00144456 -0.000535502 -0.00144045 0.999978 0.00658378 0.000544495 -0.00658322 0.999978 -0.0777449 -0.254001 0.284048
FixedParameters: 0 0 0

#Transform 119
Transform: AffineTransform_float_3_3
Parameters: 0.999998 0.00160266 -0.000246439 -0.00160134 0.999977 0.0065934 0.000257563 -0.0065926 0.999978 -0.0868088 -0.269666 0.283821
FixedParameters: 0 0 0

#Transform 120
Transform: AffineTransform_float_3_3
Parameters: 0.999999 0.00142223 -2.96353e-05 -0.00142277 0.999978 0.00658505 3.93698e-05 -0.00658495 0.999979 -0.0673959 -0.240156 0.308161
FixedParameters: 0 0 0

#Transform 121
Transform: AffineTransform_float_3_3
Parameters: 0.999999 0.00128942 -6.6253e-05 -0.00128958 0.999981 0.00600909 7.37504e-05 -0.00600891 0.999982 -0.0712196 -0.255124 0.270656
FixedParameters: 0 0 0

#Transform 122
Transform: AffineTransform_float_3_3
Parameters: 0.999999 0.00141764 -9.27177e-05 -0.00141736 0.999977 0.00654913 0.000102284 -0.00654886 0.999978 -0.0730614 -0.245352 0.30803
FixedParameters: 0 0 0

#Transform 123
Transform: AffineTransform_float_3_3
Parameters: 0.999999 0.0014616 -9.29763e-05 -0.0014614 0.99998 0.00617514 0.000102027 -0.00617586 0.999981 -0.0711194 -0.258487 0.295389
FixedParameters: 0 0 0

#Transform 124
Transform: AffineTransform_float_3_3
Parameters: 0.999999 0.00139882 -0.000476789 -0.00139617 0.999982 0.00587567 0.00048521 -0.00587432 0.999982 -0.0745195 -0.265619 0.271548
FixedParameters: 0 0 0

#Transform 125
Transform: AffineTransform_float_3_3
Parameters: 0.999999 0.00145362 -9.04893e-05 -0.00145337 0.999977 0.00654413 0.000100514 -0.00654485 0.999978 -0.0846834 -0.266475 0.252043
FixedParameters: 0 0 0

#Transform 126
Transform: AffineTransform_float_3_3
Parameters: 0.999999 0.00136198 0.000165629 -0.00136302 0.999979 0.00633278 -0.000156371 -0.00633322 0.99998 -0.0846466 -0.271056 0.252278
FixedParameters: 0 0 0

#Transform 127
Transform: AffineTransform_float_3_3
Parameters: 0.999999 0.00144415 -2.15622e-05 -0.00144385 0.999982 0.00584304 2.94369e-05 -0.00584296 0.999983 -0.0874104 -0.305593 0.218906
FixedParameters: 0 0 0

#Transform 128
Transform: AffineTransform_float_3_3
Parameters: 0.999999 0.00144314 -1.92996e-05 -0.00144285 0.999981 0.00602903 2.86995e-05 -0.00602896 0.999982 -0.0850881 -0.284146 0.261196
FixedParameters: 0 0 0

#Transform 129
Transform: AffineTransform_float_3_3
Parameters: 0.999999 0.00131161 -0.000104579 -0.00131139 0.999983 0.00565914 0.000112423 -0.00565886 0.999984 -0.0910808 -0.310687 0.202234
FixedParameters: 0 0 0

#Transform 130
Transform: AffineTransform_float_3_3
Parameters: 0.999999 0.0013462 0.000275922 -0.00134879 0.999977 0.00662264 -0.000266074 -0.00662237 0.999978 -0.111716 -0.311446 0.203591
FixedParameters: 0 0 0

#Transform 131
Transform: AffineTransform_float_3_3
Parameters: 0.999999 0.00132042 9.2619e-05 -0.00132058 0.999978 0.00652588 -8.43836e-05 -0.00652611 0.999978 -0.108218 -0.299621 0.251044
FixedParameters: 0 0 0

#Transform 132
Transform: AffineTransform_float_3_3
Parameters: 0.999999 0.00139359 0.000236462 -0.00139441 0.99998 0.00606867 -0.000227541 -0.00606932 0.999981 -0.100506 -0.300418 0.208499
FixedParameters: 0 0 0

#Transform 133
Transform: AffineTransform_float_3_3
Parameters: 0.999999 0.00123668 0.000235038 -0.00123732 0.999983 0.00568771 -0.000227966 -0.00568829 0.999984 -0.094677 -0.29277 0.206296
FixedParameters: 0 0 0

#Transform 134
Transform: AffineTransform_float_3_3
Parameters: 0.999999 0.00140866 0.000236149 -0.00141034 0.999983 0.00578168 -0.00022785 -0.00578133 0.999984 -0.0984233 -0.277515 0.230309
FixedParameters: 0 0 0

#Transform 135
Transform: AffineTransform_float_3_3
Parameters: 0.999999 0.00143936 0.00011435 -0.00144064 0.999982 0.00579984 -0.000105646 -0.00580016 0.999983 -0.0964737 -0.276203 0.248785
FixedParameters: 0 0 0

#Transform 136
Transform: AffineTransform_float_3_3
Parameters: 0.999999 0.00142305 0.000161562 -0.00142394 0.999981 0.00601477 -0.000152438 -0.00601522 0.999982 -0.089439 -0.292787 0.255117
FixedParameters: 0 0 0

#Transform 137
Transform: AffineTransform_float_3_3
Parameters: 0.999999 0.00156147 9.52126e-05 -0.00156154 0.999982 0.00589886 -8.67898e-05 -0.00589914 0.999982 -0.0971859 -0.279045 0.254596
FixedParameters: 0 0 0

#Transform 138
Transform: AffineTransform_float_3_3
Parameters: 0.999999 0.00167232 0.000294689 -0.00167368 0.999982 0.00579052 -0.000284312 -0.00579148 0.999983 -0.113975 -0.283586 0.247007
FixedParameters: 0 0 0

#Transform 139
Transform: AffineTransform_float_3_3
Parameters: 0.999998 0.0015868 4.73886e-05 -0.00158621 0.999988 0.00465593 -4.0615e-05 -0.00465607 0.999989 -0.0864342 -0.318689 0.127647
FixedParameters: 0 0 0

#Transform 140
Transform: AffineTransform_float_3_3
Parameters: 0.999999 0.00150676 0.000250567 -0.00150724 0.999987 0.00501963 -0.000243436 -0.00502038 0.999988 -0.0980448 -0.295736 0.150496
FixedParameters: 0 0 0

#Transform 141
Transform: AffineTransform_float_3_3
Parameters: 0.999998 0.00171818 -0.000813316 -0.00171482 0.999991 0.0038944 0.000820683 -0.0038926 0.999992 -0.132477 -0.2713 0.368533
FixedParameters: 0 0 0

#Transform 142
Transform: AffineTransform_float_3_3
Parameters: 0.999997 0.00177504 -0.00119757 -0.00176996 0.999989 0.00419413 0.00120543 -0.00419187 0.99999 -0.118734 -0.28477 0.318534
FixedParameters: 0 0 0

#Transform 143
Transform: AffineTransform_float_3_3
Parameters: 0.999999 0.00163053 -0.000868406 -0.00162647 0.99999 0.00404942 0.000874594 -0.00404858 0.999992 -0.104756 -0.283595 0.280736
FixedParameters: 0 0 0

#Transform 144
Transform: AffineTransform_float_3_3
Parameters: 0.999999 0.00151029 -0.00102168 -0.0015057 0.99999 0.00419154 0.00102832 -0.00418945 0.99999 -0.100969 -0.29893 0.305983
FixedParameters: 0 0 0

#Transform 145
Transform: AffineTransform_float_3_3
Parameters: 0.999998 0.00173702 -0.00110168 -0.00173297 0.999992 0.00364392 0.00110832 -0.00364108 0.999993 -0.0965153 -0.312944 0.278618
FixedParameters: 0 0 0

#Transform 146
Transform: AffineTransform_float_3_3
Parameters: 0.999998 0.00154091 -0.00118192 -0.00153709 0.999994 0.00330482 0.00118709 -0.00330318 0.999994 -0.0639638 -0.318157 0.282449
FixedParameters: 0 0 0

#Transform 147
Transform: AffineTransform_float_3_3
Parameters: 0.999998 0.00113643 -0.00124898 -0.00113157 0.999993 0.00354342 0.00125302 -0.00354158 0.999993 -0.0732284 -0.319164 0.263301
FixedParameters: 0 0 0

#Transform 148
Transform: AffineTransform_float_3_3
Parameters: 0.999999 0.00123659 -0.00117519 -0.00123141 0.999991 0.00390045 0.00117981 -0.00389854 0.999991 -0.0608392 -0.328289 0.244758
FixedParameters: 0 0 0

#Transform 149
Transform: AffineTransform_float_3_3
Parameters: 0.999999 0.00130426 -0.000628325 -0.00130174 0.999992 0.00358782 0.000632674 -0.00358718 0.999994 -0.0566691 -0.319867 0.246841
FixedParameters: 0 0 0

#Transform 150
Transform: AffineTransform_float_3_3
Parameters: 0.999999 0.0018339 -0.00017057 -0.0018331 0.999985 0.00514332 0.00018043 -0.00514268 0.999987 -0.079018 -0.42014 0.278339
FixedParameters: 0 0 0

#Transform 151
Transform: AffineTransform_float_3_3
Parameters: 0.999999 0.000480156 -0.000674765 -0.000477842 0.999989 0.00467032 0.000677239 -0.00466968 0.999989 -0.0280556 -0.421317 0.223181
FixedParameters: 0 0 0

#Transform 152
Transform: AffineTransform_float_3_3
Parameters: 0.999996 0.000658614 -0.00276656 -0.000644381 0.999986 0.0052808 0.00277044 -0.0052782 0.999982 -0.017055 -0.292036 0.468555
FixedParameters: 0 0 0

#Transform 153
Transform: AffineTransform_float_3_3
Parameters: 0.999998 0.00100142 -0.00129105 -0.000995583 0.999987 0.00496129 0.00129595 -0.00495971 0.999987 -0.0453245 -0.326733 0.33972
FixedParameters: 0 0 0

#Transform 154
Transform: AffineTransform_float_3_3
Parameters: 0.999999 0.00107479 -0.000954634 -0.00107021 0.999987 0.00500403 0.000959367 -0.00500297 0.999987 -0.0552207 -0.350646 0.236999
FixedParameters: 0 0 0

#Transform 155
Transform: AffineTransform_float_3_3
Parameters: 0.999997 0.00141156 -0.0015912 -0.00140544 0.999991 0.00411725 0.0015968 -0.00411576 0.999991 -0.0685201 -0.393073 0.140985
FixedParameters: 0 0 0
