#Insight Transform File V1.0
#Transform 0
Transform: AffineTransform_float_3_3
Parameters: 0.999941 -0.00286068 -0.010547 0.00283132 0.999992 -0.00282803 0.010555 0.00279797 0.999941 0.0228005 -0.162376 -0.0992624
FixedParameters: 0 0 0

#Transform 1
Transform: AffineTransform_float_3_3
Parameters: 0.99996 -0.00160505 -0.00878095 0.00156595 0.999989 -0.00445193 0.00878804 0.00443807 0.999951 0.0271539 -0.100069 -0.0454201
FixedParameters: 0 0 0

#Transform 2
Transform: AffineTransform_float_3_3
Parameters: 0.999962 -0.00260232 -0.00824307 0.00259368 0.999996 -0.00114042 0.00824594 0.00111958 0.999966 0.0665569 -0.109054 0.192381
FixedParameters: 0 0 0

#Transform 3
Transform: AffineTransform_float_3_3
Parameters: 0.999961 -0.00178108 -0.00866267 0.00181791 0.99999 0.00425542 0.00865433 -0.00427158 0.999954 0.0277369 -0.174097 0.403865
FixedParameters: 0 0 0

#Transform 4
Transform: AffineTransform_float_3_3
Parameters: 0.99998 -0.00170582 -0.00598994 0.00173018 0.999991 0.00403372 0.00598306 -0.00404429 0.999974 0.011979 -0.0974577 0.338588
FixedParameters: 0 0 0

#Transform 5
Transform: AffineTransform_float_3_3
Parameters: 0.999986 -0.00105704 -0.00529813 0.00109696 0.999971 0.0075453 0.00528987 -0.0075517 0.999958 0.0360859 -0.1035 0.547537
FixedParameters: 0 0 0

#Transform 6
Transform: AffineTransform_float_3_3
Parameters: 0.999986 -0.0015736 -0.00507962 0.0015984 0.999987 0.00480395 0.00507137 -0.00481205 0.999975 0.0572238 -0.120394 0.411719
FixedParameters: 0 0 0

#Transform 7
Transform: AffineTransform_float_3_3
Parameters: 0.999989 -0.00100945 -0.00470758 0.00102655 0.999994 0.00351421 0.00470342 -0.00351879 0.999982 0.0342252 -0.0667748 0.302347
FixedParameters: 0 0 0

#Transform 8
Transform: AffineTransform_float_3_3
Parameters: 0.999987 -0.00158042 -0.00497626 0.00159958 0.999991 0.00393409 0.00496974 -0.00394191 0.99998 0.0556704 -0.100436 0.313046
FixedParameters: 0 0 0

#Transform 9
Transform: AffineTransform_float_3_3
Parameters: 0.999988 -0.00107111 -0.00463934 0.00109489 0.999987 0.00493498 0.00463365 -0.00494002 0.999977 0.0390401 -0.113063 0.372607
FixedParameters: 0 0 0

#Transform 10
Transform: AffineTransform_float_3_3
Parameters: 0.999987 -0.00166224 -0.00479894 0.00168476 0.999988 0.00474198 0.00479106 -0.00475003 0.999977 0.0620929 -0.0757003 0.370018
FixedParameters: 0 0 0

#Transform 11
Transform: AffineTransform_float_3_3
Parameters: 0.999976 -0.00181934 -0.00659969 0.00184766 0.999989 0.0041879 0.00659131 -0.00419909 0.99997 0.0203071 -0.157688 0.416992
FixedParameters: 0 0 0

#Transform 12
Transform: AffineTransform_float_3_3
Parameters: 0.99998 0.00617978 0.00181444 -0.00618423 0.999978 0.00233083 -0.00180055 -0.00234218 0.999995 -0.0440569 0.0970046 0.326445
FixedParameters: 0 0 0

#Transform 13
Transform: AffineTransform_float_3_3
Parameters: 1 -0.000255921 0.000373741 0.000257079 0.999996 -0.0028889 -0.000373259 0.00288909 0.999996 -0.00239375 -0.0150638 -0.0985039
FixedParameters: 0 0 0

#Transform 14
Transform: AffineTransform_float_3_3
Parameters: 1 -3.49779e-05 -0.000157005 3.50221e-05 1 0.000140994 0.000156995 -0.000141005 1 -0.00154799 0.00992259 0.116062
FixedParameters: 0 0 0

#Transform 15
Transform: AffineTransform_float_3_3
Parameters: 1 -0.000370625 0.000407432 0.000370374 0.999999 0.00153315 -0.000408568 -0.00153285 0.999998 0.00231068 0.00887584 0.167919
FixedParameters: 0 0 0

#Transform 16
Transform: AffineTransform_float_3_3
Parameters: 1 0.000744606 0.000967304 -0.000745394 0.999999 0.000407279 -0.000966697 -0.00040772 1 -0.00073823 0.176627 0.283224
FixedParameters: 0 0 0

#Transform 17
Transform: AffineTransform_float_3_3
Parameters: 1 0.000413806 -0.000216371 -0.000414194 1 -0.000896911 0.000215629 0.000896089 0.999999 -0.0128939 0.109026 0.140356
FixedParameters: 0 0 0

#Transform 18
Transform: AffineTransform_float_3_3
Parameters: 0.999999 -1.2475e-05 -0.000980972 1.05249e-05 0.999997 -0.00252301 0.00098103 0.00252299 0.999997 -0.00228331 0.077362 0.00854315
FixedParameters: 0 0 0

#Transform 19
Transform: AffineTransform_float_3_3
Parameters: 1 -1.12914e-05 -0.000560976 1.07085e-05 0.999998 -0.00230201 0.000561026 0.002302 0.999997 -0.015613 0.0634503 -0.00138141
FixedParameters: 0 0 0

#Transform 20
Transform: AffineTransform_float_3_3
Parameters: 1 -9.87538e-06 -0.000414003 1.01246e-05 1 0.000300996 0.000413997 -0.000301004 1 -0.0206897 0.0412952 0.0988158
FixedParameters: 0 0 0

#Transform 21
Transform: AffineTransform_float_3_3
Parameters: 1 5.39676e-05 -0.000213008 -5.40324e-05 1 -0.000151988 0.000212992 0.000152011 1 -0.0205868 0.0177737 -0.0600074
FixedParameters: 0 0 0

#Transform 22
Transform: AffineTransform_float_3_3
Parameters: 1 -0.000183 0.000111999 0.000183 1 3.0205e-06 -0.000112001 -2.9795e-06 1 -0.0319022 -0.00110262 -0.11814
FixedParameters: 0 0 0

#Transform 23
Transform: AffineTransform_float_3_3
Parameters: 1 -0.000236149 0.000384296 0.000234852 0.999996 0.00298809 -0.000384704 -0.00298791 0.999996 -0.0856076 0.0391334 0.153717
FixedParameters: 0 0 0

#Transform 24
Transform: AffineTransform_float_3_3
Parameters: 0.999995 0.000396151 -0.0029603 -0.000412846 0.999983 -0.0056928 0.0029577 0.0056942 0.99998 -0.045289 -0.321121 -0.879431
FixedParameters: 0 0 0

#Transform 25
Transform: AffineTransform_float_3_3
Parameters: 1 -0.000703116 -6.67935e-05 0.000702886 0.999999 -0.00171605 6.72062e-05 0.00171595 0.999998 -0.0639282 -0.40451 -1.41978
FixedParameters: 0 0 0

#Transform 26
Transform: AffineTransform_float_3_3
Parameters: 0.999999 -0.00083278 0.000102796 0.00083222 0.999998 -0.00215592 -0.000101207 0.00215509 0.999997 -0.079082 -0.398774 -1.40531
FixedParameters: 0 0 0

#Transform 27
Transform: AffineTransform_float_3_3
Parameters: 0.999998 -0.00153422 0.000421837 0.00153578 0.999997 -0.00184836 -0.000419161 0.00184965 0.999998 -0.0664158 -0.37275 -1.38432
FixedParameters: 0 0 0

#Transform 28
Transform: AffineTransform_float_3_3
Parameters: 1 -0.000756904 0.000924199 0.000762097 0.999985 -0.0055273 -0.000919802 0.0055277 0.999985 -0.109301 -0.336872 -1.20349
FixedParameters: 0 0 0

#Transform 29
Transform: AffineTransform_float_3_3
Parameters: 1 -0.00035309 -2.05052e-05 0.000352908 0.999991 -0.00423401 2.24944e-05 0.00423399 0.999991 -0.0846564 -0.284682 -1.02761
FixedParameters: 0 0 0

#Transform 30
Transform: AffineTransform_float_3_3
Parameters: 1 -0.000313148 -2.73592e-05 0.000313854 0.999986 -0.00524101 2.86453e-05 0.00524099 0.999987 -0.091487 -0.287358 -1.14832
FixedParameters: 0 0 0

#Transform 31
Transform: AffineTransform_float_3_3
Parameters: 1 -0.000314234 -4.74759e-05 0.000313763 0.999988 -0.00485202 4.9523e-05 0.00485199 0.999988 -0.0916064 -0.196843 -1.11338
FixedParameters: 0 0 0

#Transform 32
Transform: AffineTransform_float_3_3
Parameters: 1 -0.000127852 2.67178e-05 0.00012815 0.999985 -0.005611 -2.62814e-05 0.00561101 0.999985 -0.0957802 -0.313989 -1.11424
FixedParameters: 0 0 0

#Transform 33
Transform: AffineTransform_float_3_3
Parameters: 0.999999 0.000959649 9.24908e-05 -0.000959346 0.999976 -0.00678509 -9.95114e-05 0.0067849 0.999977 -0.113179 -0.250325 -1.08208
FixedParameters: 0 0 0

#Transform 34
Transform: AffineTransform_float_3_3
Parameters: 1 0.000477828 0.000367635 -0.000476174 0.999987 -0.00495817 -0.000369365 0.00495782 0.999987 -0.130769 -0.276316 -1.10832
FixedParameters: 0 0 0

#Transform 35
Transform: AffineTransform_float_3_3
Parameters: 0.999999 0.000333115 -0.000929039 -0.000335885 0.999995 -0.00310769 0.00092796 0.00310731 0.999994 -0.157668 -0.2858 -0.961057
FixedParameters: 0 0 0

#Transform 36
Transform: AffineTransform_float_3_3
Parameters: 0.999999 -0.000157019 0.000797996 0.000161981 0.999981 -0.00624588 -0.000797004 0.00624613 0.99998 -0.118045 -0.162394 -1.1003
FixedParameters: 0 0 0

#Transform 37
Transform: AffineTransform_float_3_3
Parameters: 0.999994 0.000968175 0.00329871 -0.000943821 0.99997 -0.00762515 -0.00330629 0.00762184 0.999965 -0.0769862 -0.156406 -1.22909
FixedParameters: 0 0 0

#Transform 38
Transform: AffineTransform_float_3_3
Parameters: 0.999985 0.00255291 0.00487021 -0.0025071 0.999952 -0.00940835 -0.00489379 0.00939664 0.999944 -0.118508 -0.231139 -1.36544
FixedParameters: 0 0 0

#Transform 39
Transform: AffineTransform_float_3_3
Parameters: 0.999965 0.00468149 0.00695671 -0.0046155 0.999944 -0.00954444 -0.00700129 0.00951156 0.999931 -0.126456 -0.251316 -1.38286
FixedParameters: 0 0 0

#Transform 40
Transform: AffineTransform_float_3_3
Parameters: 0.999961 0.00369547 0.00801913 -0.00357453 0.99988 -0.0151093 -0.00807387 0.0150798 0.999853 -0.192384 -0.277792 -1.6574
FixedParameters: 0 0 0

#Transform 41
Transform: AffineTransform_float_3_3
Parameters: 0.999955 0.00317653 0.0088706 -0.00307347 0.999928 -0.0116598 -0.00890739 0.0116322 0.999892 -0.148428 -0.228683 -1.44212
FixedParameters: 0 0 0

#Transform 42
Transform: AffineTransform_float_3_3
Parameters: 0.999955 0.00255925 0.00915122 -0.00243876 0.999911 -0.0131269 -0.00918377 0.0131041 0.999872 -0.14587 -0.296379 -1.66999
FixedParameters: 0 0 0

#Transform 43
Transform: AffineTransform_float_3_3
Parameters: 0.999952 0.00247999 0.00940401 -0.00239901 0.99996 -0.00861397 -0.00942498 0.00859103 0.999918 -0.143879 -0.283579 -1.45024
FixedParameters: 0 0 0

#Transform 44
Transform: AffineTransform_float_3_3
Parameters: 0.99996 0.00234968 0.00870411 -0.00229031 0.999974 -0.00686021 -0.00872089 0.00683978 0.999938 -0.14232 -0.288295 -1.31496
FixedParameters: 0 0 0

#Transform 45
Transform: AffineTransform_float_3_3
Parameters: 0.999956 0.00303296 0.00880553 -0.00304903 0.999993 0.00180823 -0.00880045 -0.00183477 0.999959 -0.168041 -0.188609 -0.831894
FixedParameters: 0 0 0

#Transform 46
Transform: AffineTransform_float_3_3
Parameters: 0.999946 0.00269634 0.0100922 -0.00269666 0.999997 5.17877e-05 -0.0100928 -7.9218e-05 0.999949 -0.138417 -0.241152 -1.04194
FixedParameters: 0 0 0

#Transform 47
Transform: AffineTransform_float_3_3
Parameters: 0.999948 0.002616 0.00985855 -0.002603 0.999995 -0.00133173 -0.00986143 0.00130527 0.99995 -0.133887 -0.249434 -1.13857
FixedParameters: 0 0 0

#Transform 48
Transform: AffineTransform_float_3_3
Parameters: 0.999939 0.0032833 0.0105609 -0.00326771 0.999994 -0.00155961 -0.0105661 0.0015254 0.999943 -0.142437 -0.26075 -1.08347
FixedParameters: 0 0 0

#Transform 49
Transform: AffineTransform_float_3_3
Parameters: 0.999943 0.00245749 0.0103829 -0.00245252 0.999997 -0.00044449 -0.0103841 0.000419505 0.999946 -0.0925523 -0.28975 -1.09983
FixedParameters: 0 0 0

#Transform 50
Transform: AffineTransform_float_3_3
Parameters: 0.999951 0.00242966 0.00967085 -0.00243633 0.999997 0.000746476 -0.00966816 -0.000770528 0.999953 -0.0945819 -0.242217 -1.05785
FixedParameters: 0 0 0

#Transform 51
Transform: AffineTransform_float_3_3
Parameters: 0.999956 0.00171904 0.00924606 -0.00171396 0.999999 -0.000552872 -0.00924693 0.000537128 0.999957 -0.11337 -0.31131 -1.14086
FixedParameters: 0 0 0

#Transform 52
Transform: AffineTransform_float_3_3
Parameters: 0.99996 0.00150766 0.00882136 -0.00149833 0.999999 -0.00110226 -0.00882265 0.00108874 0.999961 -0.101469 -0.331109 -1.14411
FixedParameters: 0 0 0

#Transform 53
Transform: AffineTransform_float_3_3
Parameters: 0.99996 0.00179743 0.00873588 -0.00179158 0.999998 -0.000628676 -0.00873711 0.00061332 0.999961 -0.113532 -0.320821 -1.0544
FixedParameters: 0 0 0

#Transform 54
Transform: AffineTransform_float_3_3
Parameters: 0.99996 0.0014827 0.00889172 -0.00147529 0.999998 -0.000873153 -0.00889329 0.000859848 0.99996 -0.107782 -0.339427 -1.09626
FixedParameters: 0 0 0

#Transform 55
Transform: AffineTransform_float_3_3
Parameters: 0.999961 0.00145724 0.00879114 -0.00145177 0.999999 -0.000601787 -0.00879287 0.00058921 0.999961 -0.0993364 -0.344077 -1.07431
FixedParameters: 0 0 0

#Transform 56
Transform: AffineTransform_float_3_3
Parameters: 0.99996 0.0016403 0.00886985 -0.00163371 0.999999 -0.00071652 -0.00887117 0.000702478 0.999961 -0.0941816 -0.337937 -1.05949
FixedParameters: 0 0 0

#Transform 57
Transform: AffineTransform_float_3_3
Parameters: 0.999969 0.00107391 0.00787991 -0.00105109 0.999995 -0.00291137 -0.00788309 0.00290263 0.999964 -0.082361 -0.338653 -1.18431
FixedParameters: 0 0 0

#Transform 58
Transform: AffineTransform_float_3_3
Parameters: 0.999964 0.000949519 0.00842105 -0.000931483 0.999998 -0.00208392 -0.00842296 0.00207608 0.999963 -0.0785279 -0.343931 -1.14673
FixedParameters: 0 0 0

#Transform 59
Transform: AffineTransform_float_3_3
Parameters: 0.999963 0.000986598 0.0085421 -0.000970399 0.999997 -0.00194736 -0.0085439 0.00193864 0.999961 -0.0786869 -0.352268 -1.14171
FixedParameters: 0 0 0

#Transform 60
Transform: AffineTransform_float_3_3
Parameters: 0.999966 0.00122108 0.00809803 -0.00120792 0.999998 -0.00161984 -0.00809996 0.00161016 0.999966 -0.0919434 -0.333065 -1.14586
FixedParameters: 0 0 0

#Transform 61
Transform: AffineTransform_float_3_3
Parameters: 0.999963 0.00093918 0.00861879 -0.000927821 0.999998 -0.00130105 -0.00861921 0.00129295 0.999962 -0.0851793 -0.330462 -1.11149
FixedParameters: 0 0 0

#Transform 62
Transform: AffineTransform_float_3_3
Parameters: 0.999963 0.00104898 0.00862037 -0.00105202 1 0.000345944 -0.00861963 -0.000355055 0.999963 -0.0477006 -0.328754 -0.955966
FixedParameters: 0 0 0

#Transform 63
Transform: AffineTransform_float_3_3
Parameters: 0.999997 0.00187739 0.00171586 -0.00187961 0.999997 0.00151978 -0.00171314 -0.00152322 0.999998 -0.064926 -0.00647237 -0.257848
FixedParameters: 0 0 0

#Transform 64
Transform: AffineTransform_float_3_3
Parameters: 0.999998 0.00142431 0.00183953 -0.00142569 0.999999 0.000373378 -0.00183847 -0.00037562 0.999998 -0.131979 -0.126 -0.267476
FixedParameters: 0 0 0

#Transform 65
Transform: AffineTransform_float_3_3
Parameters: 0.999996 0.00259016 -0.00052238 -0.00258784 0.999988 0.00410237 0.000532618 -0.00410064 0.999992 -0.226388 -0.0771506 0.117693
FixedParameters: 0 0 0

#Transform 66
Transform: AffineTransform_float_3_3
Parameters: 0.999988 0.00368144 0.00325072 -0.00369056 0.999989 0.00263003 -0.00324128 -0.00264196 0.999992 -0.108487 -0.126251 -0.49034
FixedParameters: 0 0 0

#Transform 67
Transform: AffineTransform_float_3_3
Parameters: 0.999992 0.00375833 -0.00125207 -0.00375568 0.99999 0.00264672 0.00126194 -0.00264228 0.999995 0.0114567 -0.15719 -0.574478
FixedParameters: 0 0 0

#Transform 68
Transform: AffineTransform_float_3_3
Parameters: 0.999987 0.00245348 0.00459643 -0.00248452 0.999975 0.00664667 -0.00457958 -0.00665833 0.999968 -0.0524251 -0.182762 -0.778622
FixedParameters: 0 0 0

#Transform 69
Transform: AffineTransform_float_3_3
Parameters: 0.99999 0.00182623 0.00420828 -0.00185178 0.99998 0.00612928 -0.00419773 -0.00613674 0.999973 -0.0648962 -0.166081 -0.879982
FixedParameters: 0 0 0

#Transform 70
Transform: AffineTransform_float_3_3
Parameters: 0.999987 0.00169394 0.00465257 -0.00172005 0.999983 0.00560207 -0.00464243 -0.00560993 0.999974 -0.0595249 -0.15772 -0.921088
FixedParameters: 0 0 0

#Transform 71
Transform: AffineTransform_float_3_3
Parameters: 0.999979 0.00226996 0.0061634 -0.00229804 0.999987 0.00454593 -0.0061536 -0.00456007 0.99997 -0.0580543 -0.172955 -0.94784
FixedParameters: 0 0 0

#Transform 72
Transform: AffineTransform_float_3_3
Parameters: 0.999963 0.00246429 0.00826401 -0.00247071 0.999996 0.000802612 -0.008262 -0.000822391 0.999966 -0.0298066 -0.218785 -1.04049
FixedParameters: 0 0 0

#Transform 73
Transform: AffineTransform_float_3_3
Parameters: 0.999966 0.00209226 0.00788838 -0.00210473 0.999996 0.00160645 -0.0078856 -0.00162355 0.999967 -0.00399203 -0.224947 -0.961434
FixedParameters: 0 0 0

#Transform 74
Transform: AffineTransform_float_3_3
Parameters: 0.999972 0.00149307 0.00735956 -0.00148093 0.999997 -0.00164494 -0.00736243 0.00163405 0.999971 0.00264728 -0.291322 -1.16872
FixedParameters: 0 0 0

#Transform 75
Transform: AffineTransform_float_3_3
Parameters: 0.999977 0.00127832 0.00663626 -0.00126468 0.999997 -0.00216144 -0.00663974 0.00215256 0.999975 -0.0058204 -0.297452 -1.27017
FixedParameters: 0 0 0

#Transform 76
Transform: AffineTransform_float_3_3
Parameters: 0.999981 0.00149738 0.00589336 -0.00148363 0.999996 -0.00244279 -0.00589663 0.00243421 0.999979 -0.0146066 -0.295812 -1.27017
FixedParameters: 0 0 0

#Transform 77
Transform: AffineTransform_float_3_3
Parameters: 0.999986 0.00101845 0.00516017 -0.00100455 0.999995 -0.00280222 -0.00516283 0.00279678 0.999983 -0.0100972 -0.284647 -1.37753
FixedParameters: 0 0 0

#Transform 78
Transform: AffineTransform_float_3_3
Parameters: 0.999988 0.00096785 0.00482467 -0.000946146 0.99999 -0.00452962 -0.00482933 0.00452438 0.999978 -0.0159342 -0.309976 -1.414
FixedParameters: 0 0 0

#Transform 79
Transform: AffineTransform_float_3_3
Parameters: 0.999981 0.00102372 0.00618832 -0.000995276 0.999988 -0.00464325 -0.00619269 0.00463675 0.99997 -0.00645178 -0.289476 -1.3512
FixedParameters: 0 0 0

#Transform 80
Transform: AffineTransform_float_3_3
Parameters: 0.999987 0.00118895 0.00491933 -0.00116105 0.999983 -0.00568078 -0.00492567 0.00567522 0.999972 0.00305281 -0.284806 -1.40024
FixedParameters: 0 0 0

#Transform 81
Transform: AffineTransform_float_3_3
Parameters: 0.999978 0.00112226 0.00650418 -0.00108174 0.999981 -0.00619017 -0.00651082 0.00618283 0.999959 0.0160548 -0.281996 -1.34949
FixedParameters: 0 0 0

#Transform 82
Transform: AffineTransform_float_3_3
Parameters: 0.999978 0.00169467 0.00649031 -0.00166133 0.999985 -0.0051899 -0.00649871 0.00517911 0.999966 0.0122043 -0.254497 -1.29347
FixedParameters: 0 0 0

#Transform 83
Transform: AffineTransform_float_3_3
Parameters: 0.999993 0.00283256 0.00268955 -0.00281344 0.99997 -0.00724962 -0.00270946 0.00724238 0.99997 -0.0738832 -0.208622 -1.12026
FixedParameters: 0 0 0

#Transform 84
Transform: AffineTransform_float_3_3
Parameters: 0.999986 0.00238357 0.00485305 -0.00235644 0.999983 -0.00547152 -0.00486596 0.00546048 0.999974 -0.0605754 -0.309607 -1.25875
FixedParameters: 0 0 0

#Transform 85
Transform: AffineTransform_float_3_3
Parameters: 0.999976 0.00266769 0.00636203 -0.00265131 0.999993 -0.00262993 -0.00636898 0.00261307 0.999977 -0.0473015 -0.337435 -1.27237
FixedParameters: 0 0 0

#Transform 86
Transform: AffineTransform_float_3_3
Parameters: 0.999984 0.00188375 0.00524194 -0.00186325 0.999991 -0.00376983 -0.00524905 0.00376017 0.999979 -0.0165854 -0.35352 -1.46783
FixedParameters: 0 0 0

#Transform 87
Transform: AffineTransform_float_3_3
Parameters: 0.999989 0.00173759 0.00438268 -0.00171841 0.999989 -0.00424158 -0.00439032 0.00423442 0.999982 -0.0399047 -0.365811 -1.52957
FixedParameters: 0 0 0

#Transform 88
Transform: AffineTransform_float_3_3
Parameters: 0.999987 0.00197825 0.00469435 -0.00196076 0.999991 -0.00388826 -0.00470165 0.00387875 0.999982 -0.0621845 -0.378548 -1.56331
FixedParameters: 0 0 0

#Transform 89
Transform: AffineTransform_float_3_3
Parameters: 0.999984 0.00183557 0.00524083 -0.00181542 0.99999 -0.00392857 -0.00524816 0.00391842 0.999978 -0.0462041 -0.383108 -1.60305
FixedParameters: 0 0 0

#Transform 90
Transform: AffineTransform_float_3_3
Parameters: 0.999904 0.000945112 0.0138102 -0.000839891 0.99997 -0.00761432 -0.0138178 0.00760266 0.999875 0.047879 -0.297876 -1.73664
FixedParameters: 0 0 0

#Transform 91
Transform: AffineTransform_float_3_3
Parameters: 0.999987 0.00358837 0.00362411 -0.00356064 0.999966 -0.00752901 -0.00365089 0.007516 0.999965 -0.383159 -0.485568 -3.02623
FixedParameters: 0 0 0

#Transform 92
Transform: AffineTransform_float_3_3
Parameters: 0.999992 0.00231979 -0.00345511 -0.00234821 0.999964 -0.00818196 0.0034359 0.00819004 0.999961 -0.686415 -0.308838 -2.97496
FixedParameters: 0 0 0

#Transform 93
Transform: AffineTransform_float_3_3
Parameters: 0.999997 0.00237983 0.000140835 -0.00237716 0.999927 -0.0118394 -0.000169155 0.0118386 0.99993 -0.464275 -0.308662 -1.46515
FixedParameters: 0 0 0

#Transform 94
Transform: AffineTransform_float_3_3
Parameters: 0.999995 0.00269213 -0.00168366 -0.00269988 0.999986 -0.00469248 0.00167134 0.00469652 0.999987 -0.30781 -0.229534 -1.55304
FixedParameters: 0 0 0

#Transform 95
Transform: AffineTransform_float_3_3
Parameters: 0.999984 0.00439249 -0.00359672 -0.0044105 0.999977 -0.00515422 0.00357328 0.00516978 0.999981 -0.451336 0.147805 -2.57126
FixedParameters: 0 0 0

#Transform 96
Transform: AffineTransform_float_3_3
Parameters: 0.999948 0.00661659 -0.00770381 -0.00665039 0.999968 -0.00431799 0.00767518 0.00436901 0.999961 -0.467978 -0.180402 -2.02759
FixedParameters: 0 0 0

#Transform 97
Transform: AffineTransform_float_3_3
Parameters: 0.999973 0.00581057 -0.00464561 -0.00587144 0.999897 -0.0131021 0.00456939 0.0131289 0.999904 -0.329575 -0.114506 -1.93272
FixedParameters: 0 0 0

#Transform 98
Transform: AffineTransform_float_3_3
Parameters: 0.999983 0.00512531 -0.0030315 -0.00515569 0.999934 -0.0102036 0.00297951 0.0102195 0.999944 -0.294945 -0.243474 -2.3213
FixedParameters: 0 0 0

#Transform 99
Transform: AffineTransform_float_3_3
Parameters: 0.999985 0.00490231 -0.00268598 -0.00492369 0.999955 -0.0081299 0.00264603 0.0081421 0.999964 -0.231257 -0.233167 -2.11823
FixedParameters: 0 0 0

#Transform 100
Transform: AffineTransform_float_3_3
Parameters: 0.999955 0.00496351 -0.00807563 -0.00502151 0.999962 -0.00711577 0.00804038 0.00715523 0.999942 -0.1352 -0.54067 -2.58726
FixedParameters: 0 0 0

#Transform 101
Transform: AffineTransform_float_3_3
Parameters: 0.999998 0.00226655 0.000239846 -0.00226645 0.999995 -0.00227455 -0.000245154 0.00227345 0.999998 -0.244827 -0.551559 -3.11849
FixedParameters: 0 0 0

#Transform 102
Transform: AffineTransform_float_3_3
Parameters: 0.999996 0.00203391 0.00201006 -0.00203109 0.999997 -0.00144709 -0.00201294 0.00144291 0.999997 -0.270683 -0.500549 -3.0496
FixedParameters: 0 0 0

#Transform 103
Transform: AffineTransform_float_3_3
Parameters: 0.999998 0.00146775 0.00139126 -0.00146824 0.999999 0.000174958 -0.00139074 -0.000177042 0.999999 -0.267279 -0.520507 -3.17923
FixedParameters: 0 0 0

#Transform 104
Transform: AffineTransform_float_3_3
Parameters: 0.999998 0.00208387 0.000346125 -0.00208113 0.999965 -0.00810374 -0.000362874 0.00810226 0.999967 -0.290033 -0.686291 -3.37021
FixedParameters: 0 0 0

#Transform 105
Transform: AffineTransform_float_3_3
Parameters: 0.999997 0.00246738 0.00019027 -0.00246461 0.999929 -0.0116495 -0.000219727 0.0116495 0.999932 -0.2885 -0.711038 -3.61256
FixedParameters: 0 0 0

#Transform 106
Transform: AffineTransform_float_3_3
Parameters: 0.999986 0.00418397 0.00310532 -0.004105 0.999678 -0.0250181 -0.00320968 0.0250049 0.999682 -0.286906 -0.762888 -4.24187
FixedParameters: 0 0 0

#Transform 107
Transform: AffineTransform_float_3_3
Parameters: 0.999978 0.00463142 0.00486427 -0.00448957 0.999573 -0.0288915 -0.00499675 0.0288695 0.99957 -0.284387 -0.698851 -4.42677
FixedParameters: 0 0 0

#Transform 108
Transform: AffineTransform_float_3_3
Parameters: 0.999973 0.00540043 0.00497447 -0.00524959 0.999537 -0.0299669 -0.00513355 0.0299401 0.999539 -0.291732 -0.700232 -4.47603
FixedParameters: 0 0 0

#Transform 109
Transform: AffineTransform_float_3_3
Parameters: 0.999969 0.00561244 0.00550534 -0.00544554 0.999536 -0.0299709 -0.00567167 0.0299401 0.999535 -0.295048 -0.721989 -4.52433
FixedParameters: 0 0 0

#Transform 110
Transform: AffineTransform_float_3_3
Parameters: 0.999967 0.00542925 0.00606637 -0.00524975 0.999555 -0.0293458 -0.00622265 0.0293122 0.999551 -0.29066 -0.771181 -4.56268
FixedParameters: 0 0 0

#Transform 111
Transform: AffineTransform_float_3_3
Parameters: 0.999961 0.00555901 0.0068739 -0.00535498 0.999555 -0.0293499 -0.00703409 0.029312 0.999545 -0.305744 -0.739891 -4.5572
FixedParameters: 0 0 0

#Transform 112
Transform: AffineTransform_float_3_3
Parameters: 0.999952 0.00621632 0.00756974 -0.00600267 0.999593 -0.0278848 -0.00774026 0.0278382 0.999583 -0.297931 -0.754719 -4.48633
FixedParameters: 0 0 0

#Transform 113
Transform: AffineTransform_float_3_3
Parameters: 0.999956 0.00632995 0.00690832 -0.00613504 0.999593 -0.0278836 -0.00708269 0.0278404 0.999588 -0.294494 -0.741455 -4.45459
FixedParameters: 0 0 0

#Transform 114
Transform: AffineTransform_float_3_3
Parameters: 0.999959 0.00601236 0.00675424 -0.00582165 0.999595 -0.0278585 -0.00691875 0.0278175 0.999589 -0.281819 -0.725011 -4.42732
FixedParameters: 0 0 0

#Transform 115
Transform: AffineTransform_float_3_3
Parameters: 0.999961 0.00612537 0.00635246 -0.00595065 0.999611 -0.0272669 -0.00651656 0.0272282 0.999608 -0.30126 -0.753538 -4.46815
FixedParameters: 0 0 0

#Transform 116
Transform: AffineTransform_float_3_3
Parameters: 0.999959 0.00597869 0.00671955 -0.00580432 0.999653 -0.0257231 -0.00687046 0.025683 0.999647 -0.30619 -0.693559 -4.3941
FixedParameters: 0 0 0

#Transform 117
Transform: AffineTransform_float_3_3
Parameters: 0.999963 0.00558145 0.00662428 -0.00539957 0.999618 -0.0270998 -0.00677272 0.0270632 0.999611 -0.294599 -0.742236 -4.46982
FixedParameters: 0 0 0

#Transform 118
Transform: AffineTransform_float_3_3
Parameters: 0.999961 0.00571095 0.00673443 -0.00552607 0.999615 -0.0271683 -0.00688657 0.0271307 0.999608 -0.291431 -0.740661 -4.52184
FixedParameters: 0 0 0

#Transform 119
Transform: AffineTransform_float_3_3
Parameters: 0.999959 0.0058516 0.00682738 -0.0056654 0.999619 -0.0270388 -0.00698262 0.0269982 0.999611 -0.316963 -0.799879 -4.50409
FixedParameters: 0 0 0

#Transform 120
Transform: AffineTransform_float_3_3
Parameters: 0.999963 0.00560814 0.00662871 -0.00543286 0.999644 -0.02615 -0.00677329 0.026113 0.999636 -0.324941 -0.825075 -4.49412
FixedParameters: 0 0 0

#Transform 121
Transform: AffineTransform_float_3_3
Parameters: 0.999961 0.00536482 0.00700396 -0.00518118 0.999649 -0.0260043 -0.00714105 0.0259667 0.999638 -0.328727 -0.82512 -4.5158
FixedParameters: 0 0 0

#Transform 122
Transform: AffineTransform_float_3_3
Parameters: 0.99996 0.00500331 0.00731309 -0.00482868 0.999705 -0.0237973 -0.00742992 0.0237608 0.99969 -0.317082 -0.806731 -4.44211
FixedParameters: 0 0 0

#Transform 123
Transform: AffineTransform_float_3_3
Parameters: 0.999955 0.00532833 0.00781972 -0.00515267 0.999736 -0.0223983 -0.0079373 0.0223577 0.999718 -0.302411 -0.791094 -4.36371
FixedParameters: 0 0 0

#Transform 124
Transform: AffineTransform_float_3_3
Parameters: 0.999958 0.00526727 0.00749048 -0.00510574 0.999756 -0.0215202 -0.00760154 0.0214809 0.999741 -0.284074 -0.747401 -4.29289
FixedParameters: 0 0 0

#Transform 125
Transform: AffineTransform_float_3_3
Parameters: 0.99996 0.00522899 0.00731898 -0.00507001 0.999755 -0.021576 -0.00743003 0.021537 0.999741 -0.280259 -0.74582 -4.30904
FixedParameters: 0 0 0

#Transform 126
Transform: AffineTransform_float_3_3
Parameters: 0.99996 0.00515298 0.00732201 -0.00499603 0.99976 -0.0212974 -0.00743 0.0212606 0.999747 -0.272436 -0.75106 -4.33116
FixedParameters: 0 0 0

#Transform 127
Transform: AffineTransform_float_3_3
Parameters: 0.999962 0.00546193 0.00677246 -0.00530908 0.999735 -0.0223978 -0.00689254 0.0223602 0.999726 -0.370946 -0.713219 -4.16004
FixedParameters: 0 0 0

#Transform 128
Transform: AffineTransform_float_3_3
Parameters: 0.999959 0.00505892 0.00741071 -0.00489506 0.999746 -0.0219742 -0.00752029 0.0219368 0.999731 -0.329492 -0.792519 -4.20383
FixedParameters: 0 0 0

#Transform 129
Transform: AffineTransform_float_3_3
Parameters: 0.999965 0.00561203 0.00616756 -0.00545597 0.999672 -0.0250295 -0.00630644 0.0249955 0.999667 -0.263698 -0.694393 -4.05863
FixedParameters: 0 0 0

#Transform 130
Transform: AffineTransform_float_3_3
Parameters: 0.999974 0.00491932 0.00528405 -0.00480268 0.99975 -0.0218049 -0.00538994 0.0217791 0.999749 -0.300307 -0.821055 -4.40017
FixedParameters: 0 0 0

#Transform 131
Transform: AffineTransform_float_3_3
Parameters: 0.999991 0.00399062 0.00127128 -0.00396339 0.999786 -0.0202962 -0.00135171 0.0202918 0.999793 -0.527657 -0.88298 -4.02752
FixedParameters: 0 0 0

#Transform 132
Transform: AffineTransform_float_3_3
Parameters: 0.99998 0.0060304 -0.0022024 -0.00605561 0.999912 -0.0118079 0.0021316 0.0118211 0.999928 -0.523275 -0.793954 -4.08431
FixedParameters: 0 0 0

#Transform 133
Transform: AffineTransform_float_3_3
Parameters: 0.999963 0.00804002 0.00284122 -0.00795198 0.999526 -0.0297417 -0.00307878 0.0297183 0.999553 -0.475414 -1.07634 -5.21087
FixedParameters: 0 0 0

#Transform 134
Transform: AffineTransform_float_3_3
Parameters: 0.999966 0.0067027 0.00479647 -0.00656829 0.999604 -0.0273664 -0.00497851 0.0273346 0.999614 -0.402289 -1.14996 -5.66418
FixedParameters: 0 0 0

#Transform 135
Transform: AffineTransform_float_3_3
Parameters: 0.99997 0.0066404 0.00380944 -0.00651261 0.999442 -0.0327818 -0.00402458 0.0327563 0.999456 -0.42839 -1.21683 -5.96916
FixedParameters: 0 0 0

#Transform 136
Transform: AffineTransform_float_3_3
Parameters: 0.99997 0.00674369 0.00381997 -0.00661331 0.999425 -0.0332493 -0.00404204 0.0332237 0.99944 -0.402941 -1.22204 -6.02785
FixedParameters: 0 0 0

#Transform 137
Transform: AffineTransform_float_3_3
Parameters: 0.99964 0.0213388 0.0162614 -0.0208312 0.999309 -0.0307828 -0.0169076 0.0304332 0.999394 -0.663253 -1.28895 -5.80424
FixedParameters: 0 0 0

#Transform 138
Transform: AffineTransform_float_3_3
Parameters: 0.999991 -0.000361676 -0.00424169 0.000277341 0.999805 -0.0197103 0.00424729 0.0197096 0.999796 -0.221835 -1.4775 -5.29081
FixedParameters: 0 0 0

#Transform 139
Transform: AffineTransform_float_3_3
Parameters: 0.99998 0.00642489 5.70387e-05 -0.00642311 0.999835 -0.0169607 -0.000165959 0.0169593 0.999856 -0.524689 -1.23564 -5.23343
FixedParameters: 0 0 0

#Transform 140
Transform: AffineTransform_float_3_3
Parameters: 0.99997 0.00352497 -0.00689822 -0.00361403 0.99991 -0.0129364 0.00685178 0.0129605 0.999892 -0.438654 -0.942199 -4.58984
FixedParameters: 0 0 0

#Transform 141
Transform: AffineTransform_float_3_3
Parameters: 0.999986 0.00505064 -0.00141751 -0.00506336 0.999941 -0.00958896 0.00136849 0.00959605 0.999953 -0.391573 -1.05784 -4.93558
FixedParameters: 0 0 0

#Transform 142
Transform: AffineTransform_float_3_3
Parameters: 0.999981 0.00444602 0.00432557 -0.004282 0.999298 -0.0372162 -0.00448742 0.0371968 0.999298 -0.118833 -1.49973 -5.47318
FixedParameters: 0 0 0

#Transform 143
Transform: AffineTransform_float_3_3
Parameters: 0.999988 0.00465652 0.00151089 -0.00455047 0.997964 -0.0636066 -0.00180408 0.0635993 0.997974 -0.290966 -1.55284 -6.46406
FixedParameters: 0 0 0

#Transform 144
Transform: AffineTransform_float_3_3
Parameters: 0.999955 0.0071029 -0.00618688 -0.00769711 0.994756 -0.101992 0.0054301 0.102035 0.994766 -0.598769 -1.73087 -7.18997
FixedParameters: 0 0 0

#Transform 145
Transform: AffineTransform_float_3_3
Parameters: 0.999865 0.0120026 -0.0112382 -0.0130065 0.995492 -0.0939415 0.0100608 0.0940755 0.995515 -0.606821 -1.83835 -7.22123
FixedParameters: 0 0 0

#Transform 146
Transform: AffineTransform_float_3_3
Parameters: 0.999884 0.0121317 -0.00913339 -0.0128933 0.995992 -0.0885105 0.00802359 0.0886176 0.996034 -0.390169 -1.24684 -6.45515
FixedParameters: 0 0 0

#Transform 147
Transform: AffineTransform_float_3_3
Parameters: 0.999935 0.0101427 -0.00517119 -0.0105243 0.99674 -0.0799918 0.00434278 0.0800412 0.996782 -0.39165 -1.35924 -7.30844
FixedParameters: 0 0 0

#Transform 148
Transform: AffineTransform_float_3_3
Parameters: 0.999978 0.00648849 -0.000768849 -0.00652251 0.998166 -0.0601742 0.000377181 0.0601777 0.998187 -0.493904 -1.49524 -7.6544
FixedParameters: 0 0 0

#Transform 149
Transform: AffineTransform_float_3_3
Parameters: 0.999972 0.00737027 0.00172291 -0.00725673 0.998238 -0.0589032 -0.00215414 0.0588888 0.998262 -0.496796 -1.54572 -7.77855
FixedParameters: 0 0 0

#Transform 150
Transform: AffineTransform_float_3_3
Parameters: 0.99997 0.00722343 0.00256891 -0.00705756 0.998187 -0.0597699 -0.00299612 0.0597501 0.998209 -0.515307 -1.59278 -7.87875
FixedParameters: 0 0 0

#Transform 151
Transform: AffineTransform_float_3_3
Parameters: 0.999974 0.00697196 0.00218957 -0.00682808 0.998174 -0.0600166 -0.00260344 0.0600004 0.998195 -0.490485 -1.64644 -7.95175
FixedParameters: 0 0 0

#Transform 152
Transform: AffineTransform_float_3_3
Parameters: 0.999976 0.00635583 0.00296991 -0.00618517 0.998502 -0.0543657 -0.0033111 0.0543463 0.998516 -0.448063 -1.65597 -7.68579
FixedParameters: 0 0 0

#Transform 153
Transform: AffineTransform_float_3_3
Parameters: 0.999975 0.00637162 0.00286753 -0.0062014 0.998427 -0.0557121 -0.00321744 0.0556938 0.998442 -0.449957 -1.62513 -7.74981
FixedParameters: 0 0 0

#Transform 154
Transform: AffineTransform_float_3_3
Parameters: 0.999977 0.00603491 0.00326632 -0.00584206 0.998405 -0.0561544 -0.00360068 0.0561336 0.998417 -0.434337 -1.64728 -7.79694
FixedParameters: 0 0 0

#Transform 155
Transform: AffineTransform_float_3_3
Parameters: 0.999977 0.00582298 0.00351044 -0.00562004 0.998454 -0.055295 -0.00382656 0.055274 0.998464 -0.427834 -1.67224 -7.79012
FixedParameters: 0 0 0
