# transform file /out/sourcedata/freesurfer/sub-v1s3x0050785_ses-1/mri/transforms/cc_up.lta
# created by oesteban on Tue Mar 10 01:12:29 2026

type      = 0 # LINEAR_VOX_TO_VOX
nxforms   = 1
mean      = 129.0000 131.0000 126.0000
sigma     = 10000.0000
1 4 4
9.992628693580627e-01 3.835470601916313e-02 1.631448394618928e-03 -5.866447925567627e+00 
-3.835465759038925e-02 9.992642402648926e-01 -6.261980161070824e-05 9.046879768371582e+00 
-1.632649684324861e-03 0.000000000000000e+00 9.999986886978149e-01 2.210777997970581e+00 
0.000000000000000e+00 0.000000000000000e+00 0.000000000000000e+00 1.000000000000000e+00 
src volume info
valid = 1  # volume info valid
filename = /out/sourcedata/freesurfer/sub-v1s3x0050785_ses-1/mri/norm.mgz
volume = 256 256 256
voxelsize = 1.000000000000000e+00 1.000000000000000e+00 1.000000000000000e+00
xras   = -1.000000000000000e+00 0.000000000000000e+00 0.000000000000000e+00
yras   = 0.000000000000000e+00 0.000000000000000e+00 -1.000000000000000e+00
zras   = 0.000000000000000e+00 1.000000000000000e+00 0.000000000000000e+00
cras   = -2.330749511718750e+00 -7.258232116699219e+00 1.685289764404297e+01
dst volume info
valid = 1  # volume info valid
filename = /out/sourcedata/freesurfer/sub-v1s3x0050785_ses-1/mri/norm.mgz
volume = 256 256 256
voxelsize = 1.000000000000000e+00 1.000000000000000e+00 1.000000000000000e+00
xras   = -1.000000000000000e+00 0.000000000000000e+00 0.000000000000000e+00
yras   = 0.000000000000000e+00 0.000000000000000e+00 -1.000000000000000e+00
zras   = 0.000000000000000e+00 1.000000000000000e+00 0.000000000000000e+00
cras   = -2.330749511718750e+00 -7.258232116699219e+00 1.685289764404297e+01
