# transform file /out/sourcedata/freesurfer/sub-v1s3x0050791_ses-1/mri/transforms/cc_up.lta
# created by oesteban on Tue Mar 10 02:02:28 2026

type      = 0 # LINEAR_VOX_TO_VOX
nxforms   = 1
mean      = 126.0000 132.0000 128.0000
sigma     = 10000.0000
1 4 4
9.968195557594299e-01 -5.717494338750839e-02 -5.551337450742722e-02 1.742735862731934e+01 
5.708648636937141e-02 9.983642101287842e-01 -3.179174615070224e-03 6.421959877014160e+00 
5.560433119535446e-02 0.000000000000000e+00 9.984527826309204e-01 -3.784177303314209e+00 
0.000000000000000e+00 0.000000000000000e+00 0.000000000000000e+00 1.000000000000000e+00 
src volume info
valid = 1  # volume info valid
filename = /out/sourcedata/freesurfer/sub-v1s3x0050791_ses-1/mri/norm.mgz
volume = 256 256 256
voxelsize = 1.000000000000000e+00 1.000000000000000e+00 1.000000000000000e+00
xras   = -1.000000000000000e+00 0.000000000000000e+00 0.000000000000000e+00
yras   = 0.000000000000000e+00 0.000000000000000e+00 -1.000000000000000e+00
zras   = 0.000000000000000e+00 1.000000000000000e+00 0.000000000000000e+00
cras   = -3.771972656250000e-01 -1.947125244140625e+01 4.736732482910156e+00
dst volume info
valid = 1  # volume info valid
filename = /out/sourcedata/freesurfer/sub-v1s3x0050791_ses-1/mri/norm.mgz
volume = 256 256 256
voxelsize = 1.000000000000000e+00 1.000000000000000e+00 1.000000000000000e+00
xras   = -1.000000000000000e+00 0.000000000000000e+00 0.000000000000000e+00
yras   = 0.000000000000000e+00 0.000000000000000e+00 -1.000000000000000e+00
zras   = 0.000000000000000e+00 1.000000000000000e+00 0.000000000000000e+00
cras   = -3.771972656250000e-01 -1.947125244140625e+01 4.736732482910156e+00
