#Insight Transform File V1.0
#Transform 0
Transform: AffineTransform_float_3_3
Parameters: 1 0.000290462 -0.000898499 -0.00029254 0.999999 -0.00171274 0.000898501 0.00171226 0.999998 -0.0468143 0.0124835 -0.0102465
FixedParameters: 0 0 0

#Transform 1
Transform: AffineTransform_float_3_3
Parameters: 1 0.000553001 -0.000352572 -0.000553997 0.999996 -0.0028398 0.000350428 0.00284019 0.999996 -0.0486749 0.00980657 -0.0703346
FixedParameters: 0 0 0

#Transform 2
Transform: AffineTransform_float_3_3
Parameters: 1 0.000138821 -0.000497331 -0.000140178 0.999997 -0.00237193 0.000496669 0.00237207 0.999997 -0.0136687 0.061596 -0.197103
FixedParameters: 0 0 0

#Transform 3
Transform: AffineTransform_float_3_3
Parameters: 1 7.62959e-05 -0.00117611 -7.87039e-05 0.999999 -0.00144891 0.00117589 0.00144909 0.999999 -0.0157581 0.0333814 -0.100748
FixedParameters: 0 0 0

#Transform 4
Transform: AffineTransform_float_3_3
Parameters: 0.999999 0.000103935 -0.00138216 -0.000106064 0.999999 -0.00149385 0.00138184 0.00149414 0.999998 -0.0272394 0.00240822 -0.0565684
FixedParameters: 0 0 0

#Transform 5
Transform: AffineTransform_float_3_3
Parameters: 1 5.62836e-05 -0.000605067 -5.67163e-05 1 -0.00118397 0.000604933 0.00118403 0.999999 -0.00262431 0.00699587 -0.115066
FixedParameters: 0 0 0

#Transform 6
Transform: AffineTransform_float_3_3
Parameters: 1 -3.67762e-05 -0.000604953 3.62237e-05 0.999999 -0.00128302 0.000605047 0.00128298 0.999999 0.00153653 0.0429182 -0.130541
FixedParameters: 0 0 0

#Transform 7
Transform: AffineTransform_float_3_3
Parameters: 1 1.90645e-05 6.79819e-05 -1.89355e-05 0.999999 -0.000949 -6.8018e-05 0.000948998 0.999999 -0.0190936 0.0238921 -0.110633
FixedParameters: 0 0 0

#Transform 8
Transform: AffineTransform_float_3_3
Parameters: 1 0.000264942 -8.01934e-05 -0.000265058 0.999999 -0.000729978 7.98068e-05 0.000729021 0.999999 -0.0398666 0.0299054 -0.158144
FixedParameters: 0 0 0

#Transform 9
Transform: AffineTransform_float_3_3
Parameters: 1 0.000378067 -0.000327922 -0.000377933 1 0.000205124 0.000328077 -0.000204876 1 -0.0210742 0.0361037 -0.162904
FixedParameters: 0 0 0

#Transform 10
Transform: AffineTransform_float_3_3
Parameters: 1 0.000112578 -0.000380125 -0.000113422 1 -0.00110996 0.000379874 0.00111004 1 -0.015836 0.0472866 -0.130365
FixedParameters: 0 0 0

#Transform 11
Transform: AffineTransform_float_3_3
Parameters: 1 1.41396e-05 -0.000685018 -1.4861e-05 0.999999 -0.00125699 0.000684982 0.00125601 0.999999 -0.0113325 0.0127859 -0.102444
FixedParameters: 0 0 0

#Transform 12
Transform: AffineTransform_float_3_3
Parameters: 1 -9.32546e-05 -0.000438946 9.27453e-05 1 -0.000580041 0.000439054 0.000579959 0.999999 -0.00904784 0.0534514 -0.100921
FixedParameters: 0 0 0

#Transform 13
Transform: AffineTransform_float_3_3
Parameters: 1 0.000320949 -8.71861e-05 -0.00032105 1 -0.000579972 8.68138e-05 0.000580028 1 -0.022325 0.0401455 -0.110613
FixedParameters: 0 0 0

#Transform 14
Transform: AffineTransform_float_3_3
Parameters: 1 0.000208878 -8.53e-05 -0.000209122 0.999999 -0.00143598 8.46998e-05 0.00143602 0.999999 -0.0204475 0.0491328 -0.114939
FixedParameters: 0 0 0

#Transform 15
Transform: AffineTransform_float_3_3
Parameters: 1 -7.84927e-05 -0.00042691 7.85072e-05 1 -0.00115403 0.000427091 0.00115397 0.999999 0.00446326 0.0334921 -0.0986385
FixedParameters: 0 0 0

#Transform 16
Transform: AffineTransform_float_3_3
Parameters: 0.999999 0.000887777 0.000339977 -0.000887222 0.999997 -0.0022793 -0.000342023 0.0022787 0.999998 -0.017694 0.0428437 -0.119023
FixedParameters: 0 0 0

#Transform 17
Transform: AffineTransform_float_3_3
Parameters: 1 0.00022386 0.000126249 -0.00022414 1 0.00111097 -0.000125751 -0.00111103 1 -0.0223553 -0.000330778 -0.0176969
FixedParameters: 0 0 0

#Transform 18
Transform: AffineTransform_float_3_3
Parameters: 1 9.40053e-05 -8.94435e-06 -9.39946e-05 1 0.000592001 9.05564e-06 -0.000591999 1 -0.0014784 -0.0065552 0.0040635
FixedParameters: 0 0 0

#Transform 19
Transform: AffineTransform_float_3_3
Parameters: 1 0.000263035 -4.98127e-05 -0.000262964 0.999999 0.000712013 5.01872e-05 -0.000711986 0.999999 -0.00364712 0.00325834 0.026068
FixedParameters: 0 0 0

#Transform 20
Transform: AffineTransform_float_3_3
Parameters: 1 -0.000187043 5.98642e-05 0.000186956 0.999999 0.000726011 -6.01357e-05 -0.000725988 0.999999 -0.00294954 0.00160751 0.0363419
FixedParameters: 0 0 0

#Transform 21
Transform: AffineTransform_float_3_3
Parameters: 1 0.000239146 -0.000190817 -0.000238854 0.999999 0.000764045 0.000191182 -0.000763954 0.999999 -0.0191427 -0.00790652 0.0268049
FixedParameters: 0 0 0

#Transform 22
Transform: AffineTransform_float_3_3
Parameters: 1 0.000404853 0.000211281 -0.000405146 0.999999 0.000693914 -0.000210719 -0.000694085 0.999999 -0.0214605 -0.0368031 0.0600881
FixedParameters: 0 0 0

#Transform 23
Transform: AffineTransform_float_3_3
Parameters: 1 -2.77192e-05 -0.000416019 2.72808e-05 1 0.000674988 0.000415982 -0.000675011 0.999999 -0.00459921 -0.060415 0.0427934
FixedParameters: 0 0 0

#Transform 24
Transform: AffineTransform_float_3_3
Parameters: 1 -0.000479526 -0.00100923 0.000480474 1 0.000469515 0.00100877 -0.000470484 1 0.00106438 -0.0511183 0.0875958
FixedParameters: 0 0 0

#Transform 25
Transform: AffineTransform_float_3_3
Parameters: 1 4.23353e-05 -0.00111399 -4.16647e-05 1 0.000301047 0.00111401 -0.000300953 1 -0.00670133 -0.0355749 0.053499
FixedParameters: 0 0 0

#Transform 26
Transform: AffineTransform_float_3_3
Parameters: 0.999999 -0.000152264 -0.000921955 0.000151735 1 -0.00028714 0.000922043 0.00028686 0.999999 -0.0023011 -0.0279331 0.0116534
FixedParameters: 0 0 0

#Transform 27
Transform: AffineTransform_float_3_3
Parameters: 0.999999 -9.03917e-05 -0.000991964 9.06081e-05 1 -0.00039509 0.000992036 0.000394911 1 -0.0057216 -0.0211338 -0.00912261
FixedParameters: 0 0 0

#Transform 28
Transform: AffineTransform_float_3_3
Parameters: 1 -0.000115151 -0.000603971 0.000114849 1 -0.000250069 0.000604028 0.00024993 1 0.00857576 -0.030216 -0.0687203
FixedParameters: 0 0 0

#Transform 29
Transform: AffineTransform_float_3_3
Parameters: 0.999999 -0.000419107 -0.000597924 0.000418892 1 -0.00018025 0.000598075 0.000179749 1 0.0263126 -0.0355133 -0.105608
FixedParameters: 0 0 0

#Transform 30
Transform: AffineTransform_float_3_3
Parameters: 1 -0.000218286 -0.000512878 0.000217714 1 -0.000558111 0.000512121 0.000557888 0.999999 0.0177905 -0.0245164 -0.0824807
FixedParameters: 0 0 0

#Transform 31
Transform: AffineTransform_float_3_3
Parameters: 1 -0.000334333 -0.000524788 0.000334667 0.999999 -0.000634175 0.000525212 0.000633824 0.999999 0.0265645 -0.00774966 -0.136697
FixedParameters: 0 0 0

#Transform 32
Transform: AffineTransform_float_3_3
Parameters: 0.999999 -0.000616 -0.000652999 0.000615999 1 -1.40225e-06 0.000653 5.97752e-07 1 0.030889 -0.0140041 -0.0964508
FixedParameters: 0 0 0

#Transform 33
Transform: AffineTransform_float_3_3
Parameters: 0.999999 -0.000470942 -0.000659041 0.000471057 1 8.66896e-05 0.000658959 -8.73103e-05 1 0.0273862 -0.0147723 -0.109805
FixedParameters: 0 0 0

#Transform 34
Transform: AffineTransform_float_3_3
Parameters: 0.999999 -0.000624755 -0.000701217 0.000624244 0.999999 0.000348562 0.000700782 -0.000348438 0.999999 0.0320012 -0.0173922 -0.139222
FixedParameters: 0 0 0

#Transform 35
Transform: AffineTransform_float_3_3
Parameters: 1 -0.000304351 -0.000546362 0.00030565 0.999999 0.00118883 0.000546637 -0.00118917 0.999999 0.0122276 -0.0202303 -0.0433226
FixedParameters: 0 0 0

#Transform 36
Transform: AffineTransform_float_3_3
Parameters: 1 -0.000333426 -0.000541354 0.000333575 1 0.00106182 0.000541646 -0.00106118 1 0.0086169 -0.0516851 -0.00163871
FixedParameters: 0 0 0

#Transform 37
Transform: AffineTransform_float_3_3
Parameters: 1 -0.000252314 -0.00054132 0.000253686 0.999999 0.00126686 0.000541679 -0.00126714 0.999999 0.0157021 -0.0399979 -0.00368668
FixedParameters: 0 0 0

#Transform 38
Transform: AffineTransform_float_3_3
Parameters: 1 -0.000618225 -0.000818587 0.000619776 1 0.000947494 0.000818414 -0.000947507 0.999999 0.0152317 -0.0558206 0.012534
FixedParameters: 0 0 0

#Transform 39
Transform: AffineTransform_float_3_3
Parameters: 1 -0.000838226 -0.000753861 0.000838774 0.999999 0.00102637 0.000753139 -0.00102763 0.999999 0.0168139 -0.0689655 0.0263546
FixedParameters: 0 0 0

#Transform 40
Transform: AffineTransform_float_3_3
Parameters: 0.999999 -0.000730702 -0.000401543 0.000731299 1 0.000743707 0.000401456 -0.000743294 0.999999 0.017709 -0.0658228 0.0193094
FixedParameters: 0 0 0

#Transform 41
Transform: AffineTransform_float_3_3
Parameters: 0.999999 -0.000599863 -0.000760107 0.000599136 1 0.000179545 0.000759891 -0.000180456 0.999999 0.0191314 -0.0521335 -0.0172886
FixedParameters: 0 0 0

#Transform 42
Transform: AffineTransform_float_3_3
Parameters: 1 -0.000360102 -0.000322886 0.000360898 1 -0.000315116 0.000323114 0.000314884 1 0.00951275 -0.0534354 -0.0424587
FixedParameters: 0 0 0

#Transform 43
Transform: AffineTransform_float_3_3
Parameters: 0.999999 -0.000553676 -0.00063928 0.000554323 0.999999 0.000506646 0.000638719 -0.000506354 0.999999 0.0180248 -0.089764 0.00626397
FixedParameters: 0 0 0

#Transform 44
Transform: AffineTransform_float_3_3
Parameters: 1 -0.00052872 -0.000901166 0.000529281 1 0.000311523 0.000900836 -0.000311477 1 0.0225725 -0.0822768 -3.78681e-05
FixedParameters: 0 0 0

#Transform 45
Transform: AffineTransform_float_3_3
Parameters: 1 -0.000739333 -0.000750659 0.000739668 1 0.000889446 0.000750342 -0.000890556 1 0.0124758 -0.110666 0.0353021
FixedParameters: 0 0 0

#Transform 46
Transform: AffineTransform_float_3_3
Parameters: 1 -0.000878437 -0.000847585 0.000878564 1 0.000665256 0.000846416 -0.000665745 1 0.0240638 -0.116479 0.0140472
FixedParameters: 0 0 0

#Transform 47
Transform: AffineTransform_float_3_3
Parameters: 0.999999 -0.0004184 -0.000676371 0.000419599 0.999999 0.000885716 0.000676628 -0.000886283 1 0.0100052 -0.123489 0.0354545
FixedParameters: 0 0 0

#Transform 48
Transform: AffineTransform_float_3_3
Parameters: 0.999999 -0.000428127 -0.000675919 0.000428872 1 -0.00018929 0.000676081 0.000188711 1 0.0288122 -0.124557 -0.0503214
FixedParameters: 0 0 0

#Transform 49
Transform: AffineTransform_float_3_3
Parameters: 0.999999 -0.000320285 -0.000675865 0.000319715 1 -0.000421216 0.000676135 0.000421783 0.999999 0.0336612 -0.133742 -0.0174799
FixedParameters: 0 0 0

#Transform 50
Transform: AffineTransform_float_3_3
Parameters: 0.999999 -0.000272226 -0.000675909 0.000271774 1 -0.000334184 0.000676091 0.000334816 0.999999 0.044289 -0.1346 -0.0408233
FixedParameters: 0 0 0

#Transform 51
Transform: AffineTransform_float_3_3
Parameters: 1 -0.00068369 -0.000926229 0.00068431 0.999999 0.000334366 0.000925771 -0.000334633 0.999999 0.0580132 -0.116127 -0.0393354
FixedParameters: 0 0 0

#Transform 52
Transform: AffineTransform_float_3_3
Parameters: 0.999999 -0.000624646 -0.000516428 0.000624353 0.999999 0.000684677 0.000515572 -0.000685322 0.999999 0.0440144 -0.144819 0.0287402
FixedParameters: 0 0 0

#Transform 53
Transform: AffineTransform_float_3_3
Parameters: 1 -0.000124 -0.000574217 0.000124999 0.999999 0.00174093 0.000573783 -0.00174107 0.999999 0.0273209 -0.209207 0.0440226
FixedParameters: 0 0 0

#Transform 54
Transform: AffineTransform_float_3_3
Parameters: 0.999999 0.000572808 -0.00087578 -0.000574191 0.999999 -0.0013605 0.000875218 0.0013615 0.999998 -0.0140121 -0.293107 0.163074
FixedParameters: 0 0 0

#Transform 55
Transform: AffineTransform_float_3_3
Parameters: 1 1.7661e-05 0.00058598 -1.7339e-05 1 -0.00112801 -0.00058602 0.00112799 0.999999 -0.00427006 -0.262394 0.0483307
FixedParameters: 0 0 0

#Transform 56
Transform: AffineTransform_float_3_3
Parameters: 1 0.00022692 0.000148123 -0.00022708 1 0.000542966 -0.000147877 -0.000543033 1 0.0152706 -0.188844 0.0596539
FixedParameters: 0 0 0

#Transform 57
Transform: AffineTransform_float_3_3
Parameters: 1 0.000168042 5.48713e-05 -0.000167958 0.999999 -0.000766009 -5.51287e-05 0.00076599 0.999999 0.0232761 -0.206708 -0.0257053
FixedParameters: 0 0 0

#Transform 58
Transform: AffineTransform_float_3_3
Parameters: 1 -0.000191955 -8.71e-05 0.000192045 1 0.000520983 8.68999e-05 -0.000521017 1 0.0171974 -0.19594 0.0418611
FixedParameters: 0 0 0

#Transform 59
Transform: AffineTransform_float_3_3
Parameters: 1 -0.000264137 -0.000145751 0.000263862 0.999999 -0.000943038 0.000146249 0.000942961 0.999999 0.0292346 -0.267066 -0.0414838
FixedParameters: 0 0 0

#Transform 60
Transform: AffineTransform_float_3_3
Parameters: 1 0.000440439 0.000486603 -0.000440562 1 -0.000901215 -0.000486397 0.000900787 1 0.0108526 -0.193308 -0.0742003
FixedParameters: 0 0 0

#Transform 61
Transform: AffineTransform_float_3_3
Parameters: 1 -0.000260869 0.000292117 0.000261131 1 -0.000448924 -0.000291883 0.000449076 1 0.0247998 -0.188812 -0.101032
FixedParameters: 0 0 0

#Transform 62
Transform: AffineTransform_float_3_3
Parameters: 1 5.47253e-05 0.000464915 -5.42745e-05 0.999999 -0.00156002 -0.000465085 0.00155997 0.999998 0.0369274 -0.225568 -0.110282
FixedParameters: 0 0 0

#Transform 63
Transform: AffineTransform_float_3_3
Parameters: 1 0.000161427 0.00053187 -0.000160573 0.999999 -0.000802085 -0.000532129 0.000801914 0.999999 0.0392723 -0.266793 -0.0786212
FixedParameters: 0 0 0

#Transform 64
Transform: AffineTransform_float_3_3
Parameters: 0.999999 0.000640677 0.00106059 -0.000640322 0.999999 -0.000638679 -0.00106141 0.00063832 0.999999 0.0193553 -0.299736 -0.0679683
FixedParameters: 0 0 0

#Transform 65
Transform: AffineTransform_float_3_3
Parameters: 1 0.000115045 0.000452736 -0.000113954 0.999998 -0.00230805 -0.000453264 0.00230795 0.999997 0.0390929 -0.376096 -0.114318
FixedParameters: 0 0 0

#Transform 66
Transform: AffineTransform_float_3_3
Parameters: 1 -0.00051386 0.000253283 0.000514139 0.999999 -0.00055087 -0.000252717 0.00055113 1 0.0616451 -0.301981 -0.0513442
FixedParameters: 0 0 0

#Transform 67
Transform: AffineTransform_float_3_3
Parameters: 1 -0.000275825 0.000350138 0.000275175 1 -0.000499904 -0.000349862 0.000500096 1 0.0501881 -0.298083 -0.0265559
FixedParameters: 0 0 0

#Transform 68
Transform: AffineTransform_float_3_3
Parameters: 1 -0.00041687 0.000243223 0.00041713 1 -0.000533898 -0.000243777 0.000534101 1 0.0452872 -0.288897 -0.0113148
FixedParameters: 0 0 0

#Transform 69
Transform: AffineTransform_float_3_3
Parameters: 1 -0.000382656 0.000457287 0.000383343 0.999999 -0.000750824 -0.000456712 0.000751174 0.999999 0.0519735 -0.293698 -0.0558078
FixedParameters: 0 0 0

#Transform 70
Transform: AffineTransform_float_3_3
Parameters: 1 -0.00043069 0.000474281 0.000431309 0.999999 -0.000652795 -0.000473718 0.000653204 0.999999 0.0622957 -0.297063 -0.110576
FixedParameters: 0 0 0

#Transform 71
Transform: AffineTransform_float_3_3
Parameters: 0.999999 -0.00053461 0.000499417 0.00053539 0.999999 -0.000780732 -0.000499582 0.000781267 0.999999 0.0695657 -0.300726 -0.0815524
FixedParameters: 0 0 0

#Transform 72
Transform: AffineTransform_float_3_3
Parameters: 1 -0.000195891 0.000274078 0.00019511 1 -0.000399946 -0.000273922 0.000399054 1 0.0573363 -0.315992 -0.0378771
FixedParameters: 0 0 0

#Transform 73
Transform: AffineTransform_float_3_3
Parameters: 1 -0.000453875 0.000243232 0.000454124 1 -0.000511889 -0.000242767 0.00051211 1 0.0619914 -0.330232 -0.0487218
FixedParameters: 0 0 0

#Transform 74
Transform: AffineTransform_float_3_3
Parameters: 0.999999 -0.000615703 0.000539338 0.000616295 0.999999 -0.000548667 -0.000538661 0.000549331 0.999999 0.0740715 -0.332113 -0.057985
FixedParameters: 0 0 0

#Transform 75
Transform: AffineTransform_float_3_3
Parameters: 1 -0.000836856 0.00063519 0.000837144 0.999999 -0.000226468 -0.00063481 0.000227531 1 0.0848307 -0.325462 -0.106155
FixedParameters: 0 0 0

#Transform 76
Transform: AffineTransform_float_3_3
Parameters: 1 -0.000615949 0.000272114 0.00061605 1 -0.000184832 -0.000271886 0.000185167 1 0.0703676 -0.340314 -0.0530136
FixedParameters: 0 0 0

#Transform 77
Transform: AffineTransform_float_3_3
Parameters: 0.999999 -0.000670722 0.000448416 0.000671277 0.999999 -0.000619699 -0.000447584 0.0006203 0.999999 0.0727064 -0.347515 -0.0702531
FixedParameters: 0 0 0

#Transform 78
Transform: AffineTransform_float_3_3
Parameters: 0.999999 -0.000797581 0.000636525 0.000798419 1 -0.000658492 -0.000636474 0.000658508 0.999999 0.0800987 -0.354916 -0.0684221
FixedParameters: 0 0 0

#Transform 79
Transform: AffineTransform_float_3_3
Parameters: 1 -0.000637318 0.000792549 0.000637681 0.999999 -0.000859495 -0.000791452 0.000860505 1 0.085916 -0.350991 -0.117669
FixedParameters: 0 0 0

#Transform 80
Transform: AffineTransform_float_3_3
Parameters: 0.999999 -0.000511405 0.000623488 0.000512595 1 -0.000953681 -0.000623511 0.00095432 1 0.0759652 -0.368279 -0.12165
FixedParameters: 0 0 0

#Transform 81
Transform: AffineTransform_float_3_3
Parameters: 0.999999 -0.00125979 0.000608444 0.00126021 0.999999 -0.000352234 -0.000608555 0.000353767 1 0.102346 -0.351695 -0.112454
FixedParameters: 0 0 0

#Transform 82
Transform: AffineTransform_float_3_3
Parameters: 1 -0.000940802 0.000680274 0.000941197 0.999999 -0.00029036 -0.000679727 0.000290639 0.999999 0.0970333 -0.34622 -0.1142
FixedParameters: 0 0 0

#Transform 83
Transform: AffineTransform_float_3_3
Parameters: 0.999999 -0.000720724 0.00118317 0.000721276 0.999999 -0.000233147 -0.00118283 0.000233853 1 0.0787686 -0.359793 -0.0926526
FixedParameters: 0 0 0

#Transform 84
Transform: AffineTransform_float_3_3
Parameters: 1 -0.00114687 0.000194779 0.00114713 0.999999 -0.000678777 -0.000194222 0.000678223 1 0.0998143 -0.338602 -0.0835675
FixedParameters: 0 0 0

#Transform 85
Transform: AffineTransform_float_3_3
Parameters: 1 -0.000810387 0.000707704 0.000811615 1 -0.000867427 -0.000707297 0.000867574 1 0.0880174 -0.385443 -0.121457
FixedParameters: 0 0 0

#Transform 86
Transform: AffineTransform_float_3_3
Parameters: 1 -0.000481568 0.000895233 0.000481432 1 -0.000482569 -0.000894768 0.000482431 0.999999 0.0668346 -0.365926 -0.080559
FixedParameters: 0 0 0

#Transform 87
Transform: AffineTransform_float_3_3
Parameters: 1 -7.71378e-05 0.00104006 7.78631e-05 0.999999 -0.000829919 -0.00103994 0.00082908 0.999999 0.0449419 -0.439317 -0.0949977
FixedParameters: 0 0 0

#Transform 88
Transform: AffineTransform_float_3_3
Parameters: 0.999999 -0.000324116 0.000750518 0.000322883 0.999999 0.00148724 -0.00075148 -0.00148676 0.999998 0.0438895 -0.502331 0.0235259
FixedParameters: 0 0 0

#Transform 89
Transform: AffineTransform_float_3_3
Parameters: 0.999999 3.54638e-06 0.000739008 -5.4536e-06 0.999998 0.001967 -0.00073899 -0.001967 0.999998 0.0434297 -0.415955 0.0132183
FixedParameters: 0 0 0

#Transform 90
Transform: AffineTransform_float_3_3
Parameters: 1 -0.000433743 0.00101226 0.000432256 0.999999 0.00172144 -0.00101375 -0.00172056 0.999998 0.0485578 -0.433285 0.0476994
FixedParameters: 0 0 0

#Transform 91
Transform: AffineTransform_float_3_3
Parameters: 1 -0.000483548 0.00109432 0.000481452 0.999999 0.00141353 -0.00109568 -0.00141347 0.999999 0.0440482 -0.463613 0.071616
FixedParameters: 0 0 0

#Transform 92
Transform: AffineTransform_float_3_3
Parameters: 0.999999 -0.000639796 0.00127861 0.000643205 0.999996 -0.00250718 -0.00127739 0.00250782 0.999996 0.0291714 -0.610121 -0.0820514
FixedParameters: 0 0 0

#Transform 93
Transform: AffineTransform_float_3_3
Parameters: 0.999999 -0.000407152 0.000827433 0.000405847 0.999999 0.00139234 -0.000828565 -0.00139166 0.999998 0.0416596 -0.583434 0.176563
FixedParameters: 0 0 0

#Transform 94
Transform: AffineTransform_float_3_3
Parameters: 1 -0.000967077 0.000649401 0.000965925 0.999998 0.00165563 -0.000650601 -0.00165537 0.999999 0.0126483 -0.532162 0.226853
FixedParameters: 0 0 0

#Transform 95
Transform: AffineTransform_float_3_3
Parameters: 1 -0.00075611 0.00066975 0.000754891 0.999999 0.00165551 -0.000671251 -0.00165449 0.999999 0.00017595 -0.565136 0.26478
FixedParameters: 0 0 0

#Transform 96
Transform: AffineTransform_float_3_3
Parameters: 0.999998 -0.00142608 0.00132075 0.00142391 0.999997 0.00157788 -0.00132325 -0.00157612 0.999998 0.0264943 -0.569438 0.197379
FixedParameters: 0 0 0

#Transform 97
Transform: AffineTransform_float_3_3
Parameters: 0.999999 -0.00115395 0.000981883 0.00115305 0.999999 0.000969133 -0.000983117 -0.000967867 0.999999 0.016757 -0.558854 0.163461
FixedParameters: 0 0 0

#Transform 98
Transform: AffineTransform_float_3_3
Parameters: 0.999999 -0.000620389 0.00108978 0.000619612 0.999999 0.000356676 -0.00109022 -0.000356324 1 0.0243317 -0.558633 0.153249
FixedParameters: 0 0 0

#Transform 99
Transform: AffineTransform_float_3_3
Parameters: 0.999996 -0.00185678 0.00184722 0.00185522 0.999998 0.00096243 -0.00184878 -0.00095957 0.999998 0.048795 -0.571874 0.163889
FixedParameters: 0 0 0

#Transform 100
Transform: AffineTransform_float_3_3
Parameters: 0.999994 -0.00313317 0.00184533 0.00313184 0.999995 0.00117379 -0.00184867 -0.00116822 0.999997 0.10327 -0.585146 0.167311
FixedParameters: 0 0 0

#Transform 101
Transform: AffineTransform_float_3_3
Parameters: 0.999992 -0.00336833 0.00178449 0.00336667 0.999994 0.000748013 -0.00178751 -0.000741985 0.999998 0.123516 -0.571109 0.126329
FixedParameters: 0 0 0

#Transform 102
Transform: AffineTransform_float_3_3
Parameters: 0.999996 -0.00214158 0.00217443 0.00214142 0.999997 0.000269657 -0.00217457 -0.000265344 0.999997 0.0993426 -0.584602 0.13615
FixedParameters: 0 0 0

#Transform 103
Transform: AffineTransform_float_3_3
Parameters: 0.99999 -0.00322248 0.00305266 0.00322552 0.999995 -0.000821162 -0.00305034 0.000830838 0.999995 0.132697 -0.574231 0.0711428
FixedParameters: 0 0 0

#Transform 104
Transform: AffineTransform_float_3_3
Parameters: 0.999988 -0.00384688 0.00305141 0.00384811 0.999992 -0.000359262 -0.00305059 0.00037174 0.999996 0.163241 -0.569425 0.0391441
FixedParameters: 0 0 0

#Transform 105
Transform: AffineTransform_float_3_3
Parameters: 0.999985 -0.00480512 0.00256753 0.00480689 0.999988 -0.000728669 -0.00256447 0.000740334 0.999997 0.20525 -0.581598 0.0559509
FixedParameters: 0 0 0

#Transform 106
Transform: AffineTransform_float_3_3
Parameters: 0.999982 -0.00518748 0.00277758 0.00519052 0.999985 -0.0012616 -0.00277042 0.00127539 0.999996 0.239815 -0.587673 0.0193638
FixedParameters: 0 0 0

#Transform 107
Transform: AffineTransform_float_3_3
Parameters: 0.999984 -0.00496837 0.00264807 0.00496964 0.999988 -0.00061085 -0.00264493 0.000624151 0.999997 0.214742 -0.557584 0.0552459
FixedParameters: 0 0 0

#Transform 108
Transform: AffineTransform_float_3_3
Parameters: 0.999981 -0.0058362 0.00167382 0.00583479 0.999982 0.00072178 -0.00167818 -0.000712219 0.999999 0.256377 -0.600373 0.0928507
FixedParameters: 0 0 0

#Transform 109
Transform: AffineTransform_float_3_3
Parameters: 0.999979 -0.00607015 0.00232222 0.00607085 0.999981 -0.00035891 -0.00231978 0.000373089 0.999997 0.260344 -0.627755 0.0382165
FixedParameters: 0 0 0

#Transform 110
Transform: AffineTransform_float_3_3
Parameters: 0.999977 -0.00678231 0.00120168 0.0067807 0.999977 0.00108317 -0.00120932 -0.00107482 0.999998 0.293336 -0.643854 0.0990387
FixedParameters: 0 0 0

#Transform 111
Transform: AffineTransform_float_3_3
Parameters: 0.999977 -0.00667746 0.00126331 0.00667654 0.999977 0.00115546 -0.00127069 -0.00114754 0.999998 0.364598 -0.671763 0.129466
FixedParameters: 0 0 0

#Transform 112
Transform: AffineTransform_float_3_3
Parameters: 0.999975 -0.00716585 0.000106797 0.00716616 0.999973 -0.00150627 -9.62052e-05 0.00150673 0.999999 0.314802 -0.63979 0.000816059
FixedParameters: 0 0 0

#Transform 113
Transform: AffineTransform_float_3_3
Parameters: 0.999973 -0.00732177 0.000192016 0.00732124 0.999973 -0.00123063 -0.000182983 0.00123237 0.999999 0.308144 -0.649639 -0.0437804
FixedParameters: 0 0 0

#Transform 114
Transform: AffineTransform_float_3_3
Parameters: 0.999973 -0.0072868 0.00113175 0.0072872 0.999973 -0.00105878 -0.00112326 0.00106621 0.999999 0.320068 -0.637279 -0.024438
FixedParameters: 0 0 0

#Transform 115
Transform: AffineTransform_float_3_3
Parameters: 0.999983 -0.00578149 0.00028753 0.00578151 0.999981 -0.00182037 -0.000276473 0.00182163 0.999999 0.283252 -0.640263 -0.0379761
FixedParameters: 0 0 0

#Transform 116
Transform: AffineTransform_float_3_3
Parameters: 0.999975 -0.00696525 0.000718126 0.00696774 0.999972 -0.00245606 -0.000700871 0.00246094 0.999996 0.319217 -0.66733 -0.0486231
FixedParameters: 0 0 0

#Transform 117
Transform: AffineTransform_float_3_3
Parameters: 0.999975 -0.00699112 0.00114592 0.00699488 0.999969 -0.00341707 -0.00112208 0.00342493 0.999993 0.325653 -0.64858 -0.0951474
FixedParameters: 0 0 0

#Transform 118
Transform: AffineTransform_float_3_3
Parameters: 0.999975 -0.0069903 0.00125055 0.0069947 0.999969 -0.00379235 -0.00122445 0.00380066 0.999992 0.338575 -0.639958 -0.12516
FixedParameters: 0 0 0

#Transform 119
Transform: AffineTransform_float_3_3
Parameters: 0.999973 -0.0072665 0.00157626 0.0072725 0.999965 -0.00415665 -0.00154574 0.00416835 0.99999 0.32681 -0.64106 -0.123951
FixedParameters: 0 0 0

#Transform 120
Transform: AffineTransform_float_3_3
Parameters: 0.999971 -0.00750158 0.00170744 0.00751043 0.99996 -0.00498133 -0.00166956 0.00499467 0.999986 0.337316 -0.631498 -0.138107
FixedParameters: 0 0 0

#Transform 121
Transform: AffineTransform_float_3_3
Parameters: 0.99997 -0.0075004 0.0018905 0.0075096 0.999958 -0.00512296 -0.0018515 0.00513704 0.999985 0.351757 -0.654494 -0.164634
FixedParameters: 0 0 0

#Transform 122
Transform: AffineTransform_float_3_3
Parameters: 0.999971 -0.00750264 0.00132921 0.00751035 0.999956 -0.00561818 -0.00128679 0.00562782 0.999984 0.33093 -0.667996 -0.152007
FixedParameters: 0 0 0

#Transform 123
Transform: AffineTransform_float_3_3
Parameters: 0.99997 -0.00739043 0.00203255 0.00740157 0.999956 -0.00574513 -0.00199046 0.00575988 0.999982 0.348113 -0.662695 -0.171377
FixedParameters: 0 0 0

#Transform 124
Transform: AffineTransform_float_3_3
Parameters: 0.99997 -0.00740816 0.00222482 0.00741984 0.999958 -0.00536265 -0.00218418 0.00537934 0.999983 0.356047 -0.690479 -0.12529
FixedParameters: 0 0 0

#Transform 125
Transform: AffineTransform_float_3_3
Parameters: 0.99997 -0.00740993 0.00218247 0.00742006 0.999961 -0.00463994 -0.00214753 0.00465605 0.999987 0.342773 -0.690602 -0.127965
FixedParameters: 0 0 0

#Transform 126
Transform: AffineTransform_float_3_3
Parameters: 0.999974 -0.00687181 0.00214493 0.00688219 0.999965 -0.00478036 -0.00211208 0.00479464 0.999987 0.318235 -0.755042 -0.139513
FixedParameters: 0 0 0

#Transform 127
Transform: AffineTransform_float_3_3
Parameters: 0.999974 -0.00689071 0.00211124 0.00689829 0.999969 -0.00394354 -0.00208476 0.00395847 0.99999 0.309806 -0.781812 -0.0960746
FixedParameters: 0 0 0

#Transform 128
Transform: AffineTransform_float_3_3
Parameters: 0.999976 -0.00587984 0.00368033 0.00589516 0.999974 -0.0041224 -0.00365566 0.00414459 0.999984 0.305152 -0.707195 -0.103321
FixedParameters: 0 0 0

#Transform 129
Transform: AffineTransform_float_3_3
Parameters: 0.999979 -0.00518824 0.00387454 0.00520576 0.999977 -0.00432792 -0.00385145 0.00434807 0.999983 0.287754 -0.6524 -0.175814
FixedParameters: 0 0 0

#Transform 130
Transform: AffineTransform_float_3_3
Parameters: 0.999977 -0.00561841 0.00360059 0.00563559 0.999972 -0.00489282 -0.00357341 0.00491318 0.999981 0.307867 -0.650395 -0.197855
FixedParameters: 0 0 0

#Transform 131
Transform: AffineTransform_float_3_3
Parameters: 0.999981 -0.00586885 0.00198919 0.00587814 0.999969 -0.0051334 -0.00195882 0.00514459 0.999985 0.308058 -0.639837 -0.23129
FixedParameters: 0 0 0

#Transform 132
Transform: AffineTransform_float_3_3
Parameters: 0.999994 -0.0011662 -0.00329792 0.00114579 0.99998 -0.00612181 0.00330507 0.00611818 0.999976 0.215108 -0.756954 -0.273541
FixedParameters: 0 0 0

#Transform 133
Transform: AffineTransform_float_3_3
Parameters: 0.999993 -0.00209364 -0.00285369 0.00207336 0.999975 -0.00686796 0.0028673 0.00686204 0.999973 0.206128 -0.710465 -0.264055
FixedParameters: 0 0 0

#Transform 134
Transform: AffineTransform_float_3_3
Parameters: 0.999989 -0.0013862 -0.00435046 0.00131981 0.999884 -0.0151819 0.00437054 0.0151761 0.999876 0.209782 -0.63962 -0.595173
FixedParameters: 0 0 0

#Transform 135
Transform: AffineTransform_float_3_3
Parameters: 0.999988 -0.00110991 -0.00491389 0.00103609 0.999886 -0.0150183 0.00493012 0.0150127 0.999875 0.207635 -0.642198 -0.617319
FixedParameters: 0 0 0

#Transform 136
Transform: AffineTransform_float_3_3
Parameters: 0.999983 -0.00367795 -0.00454955 0.00360705 0.999874 -0.0155057 0.00460646 0.0154893 0.99987 0.297854 -0.779256 -0.604174
FixedParameters: 0 0 0

#Transform 137
Transform: AffineTransform_float_3_3
Parameters: 0.999991 -0.00229847 -0.00375853 0.00226853 0.999964 -0.0080926 0.00377647 0.0080834 0.99996 0.212616 -0.710873 -0.230172
FixedParameters: 0 0 0

#Transform 138
Transform: AffineTransform_float_3_3
Parameters: 0.999989 -0.00270338 -0.00401937 0.00268262 0.999983 -0.00506684 0.00403263 0.00505616 0.999979 0.208373 -0.774847 -0.111723
FixedParameters: 0 0 0

#Transform 139
Transform: AffineTransform_float_3_3
Parameters: 0.999986 -0.00357945 -0.00372852 0.00355754 0.999977 -0.00574534 0.00374947 0.00573165 0.999976 0.235659 -0.788607 -0.14109
FixedParameters: 0 0 0

#Transform 140
Transform: AffineTransform_float_3_3
Parameters: 0.999984 -0.00342508 -0.004481 0.00340793 0.999987 -0.00381233 0.004494 0.00379767 0.999982 0.288173 -0.760386 -0.219841
FixedParameters: 0 0 0

#Transform 141
Transform: AffineTransform_float_3_3
Parameters: 0.999983 -0.00443711 -0.00374982 0.00441489 0.999972 -0.00614966 0.00377718 0.00613235 0.999974 0.2836 -0.786459 -0.217591
FixedParameters: 0 0 0

#Transform 142
Transform: AffineTransform_float_3_3
Parameters: 0.999987 -0.00409787 -0.00300373 0.00407713 0.999967 -0.00692133 0.00303226 0.00690866 0.999971 0.255871 -0.779586 -0.235909
FixedParameters: 0 0 0

#Transform 143
Transform: AffineTransform_float_3_3
Parameters: 0.999987 -0.00398586 -0.00299443 0.00396514 0.999968 -0.00693996 0.00302257 0.00692804 0.999972 0.265034 -0.778554 -0.268278
FixedParameters: 0 0 0

#Transform 144
Transform: AffineTransform_float_3_3
Parameters: 0.999989 -0.00380583 -0.00253746 0.00378816 0.999969 -0.00699569 0.00256454 0.00698532 0.999973 0.283668 -0.785015 -0.283696
FixedParameters: 0 0 0

#Transform 145
Transform: AffineTransform_float_3_3
Parameters: 0.999987 -0.00426666 -0.0025345 0.00424833 0.999967 -0.00693385 0.0025645 0.00692314 0.999972 0.287551 -0.805143 -0.243573
FixedParameters: 0 0 0

#Transform 146
Transform: AffineTransform_float_3_3
Parameters: 0.999986 -0.00459985 -0.00235334 0.00458215 0.999964 -0.00711788 0.00238565 0.00710712 0.999972 0.306242 -0.82185 -0.25652
FixedParameters: 0 0 0

#Transform 147
Transform: AffineTransform_float_3_3
Parameters: 0.999987 -0.00450862 -0.00241944 0.00449038 0.999963 -0.00724096 0.00245155 0.00723004 0.999971 0.319863 -0.809485 -0.297921
FixedParameters: 0 0 0

#Transform 148
Transform: AffineTransform_float_3_3
Parameters: 0.999988 -0.00437198 -0.00244513 0.00435403 0.999964 -0.00730974 0.00247687 0.00729926 0.999971 0.307964 -0.80236 -0.301316
FixedParameters: 0 0 0

#Transform 149
Transform: AffineTransform_float_3_3
Parameters: 0.999987 -0.00435822 -0.00256055 0.00433579 0.999954 -0.00862021 0.00259745 0.00860879 0.999959 0.311195 -0.807688 -0.313561
FixedParameters: 0 0 0

#Transform 150
Transform: AffineTransform_float_3_3
Parameters: 0.999986 -0.00462307 -0.00258011 0.00459194 0.999919 -0.011919 0.00263489 0.011907 0.999925 0.318358 -0.842249 -0.468814
FixedParameters: 0 0 0

#Transform 151
Transform: AffineTransform_float_3_3
Parameters: 0.999988 -0.00414403 -0.00238379 0.00410998 0.999892 -0.014109 0.00244121 0.014099 0.999897 0.318466 -0.827897 -0.602937
FixedParameters: 0 0 0

#Transform 152
Transform: AffineTransform_float_3_3
Parameters: 0.999987 -0.00441954 -0.00228615 0.00438644 0.999891 -0.0140502 0.00234884 0.0140398 0.999898 0.324581 -0.843462 -0.558288
FixedParameters: 0 0 0

#Transform 153
Transform: AffineTransform_float_3_3
Parameters: 0.999986 -0.00465606 -0.00226422 0.00462392 0.999892 -0.0139657 0.00232978 0.0139553 0.9999 0.327792 -0.881406 -0.499765
FixedParameters: 0 0 0

#Transform 154
Transform: AffineTransform_float_3_3
Parameters: 0.999989 -0.00422707 -0.00232748 0.00420893 0.999962 -0.00771389 0.00236052 0.00770411 0.999967 0.291242 -0.893026 -0.22798
FixedParameters: 0 0 0

#Transform 155
Transform: AffineTransform_float_3_3
Parameters: 0.999987 -0.00451208 -0.00204472 0.00449491 0.999955 -0.00828229 0.00208228 0.0082727 0.999963 0.301892 -0.879888 -0.301982
FixedParameters: 0 0 0
