#Insight Transform File V1.0
#Transform 0
Transform: AffineTransform_float_3_3
Parameters: 0.999999 -3.17013e-05 -0.00135225 4.12969e-05 0.999977 0.00687696 0.00135175 -0.00687705 0.999976 0.0258502 0.105097 0.230894
FixedParameters: 0 0 0

#Transform 1
Transform: AffineTransform_float_3_3
Parameters: 0.999995 -0.000551511 -0.00292392 0.000581488 0.999946 0.0104364 0.00291809 -0.0104387 0.999942 0.0561013 0.105043 0.289995
FixedParameters: 0 0 0

#Transform 2
Transform: AffineTransform_float_3_3
Parameters: 0.999994 -0.000354089 -0.00322278 0.000386912 0.999947 0.0102168 0.00321921 -0.0102182 0.999942 0.0758177 0.0913166 0.314623
FixedParameters: 0 0 0

#Transform 3
Transform: AffineTransform_float_3_3
Parameters: 0.999997 -0.000614449 -0.00203975 0.000629554 0.99997 0.00763273 0.00203525 -0.00763326 0.999969 0.0510302 0.124749 0.274543
FixedParameters: 0 0 0

#Transform 4
Transform: AffineTransform_float_3_3
Parameters: 0.999999 0.000159278 -0.00128924 -0.000153723 0.999988 0.0048682 0.00128976 -0.0048678 0.999988 0.0101517 0.0618945 0.0212226
FixedParameters: 0 0 0

#Transform 5
Transform: AffineTransform_float_3_3
Parameters: 1 0.000792353 -0.000752403 -0.00078665 0.999974 0.00708759 0.000757595 -0.0070874 0.999974 -0.00419963 0.10507 0.152859
FixedParameters: 0 0 0

#Transform 6
Transform: AffineTransform_float_3_3
Parameters: 1 0.000213513 -0.000283868 -0.000211486 0.999986 0.00532106 0.000285129 -0.00532094 0.999986 -0.00370907 0.0728597 0.0582912
FixedParameters: 0 0 0

#Transform 7
Transform: AffineTransform_float_3_3
Parameters: 1 0.000105634 -0.000374543 -0.000104368 0.99999 0.00436004 0.000374459 -0.00435996 0.999991 -0.00134599 0.0824369 -0.0192865
FixedParameters: 0 0 0

#Transform 8
Transform: AffineTransform_float_3_3
Parameters: 0.999999 0.000353907 -0.00071056 -0.000351092 0.999991 0.00408625 0.000712441 -0.00408675 0.999992 0.00539883 0.0813806 -0.0461318
FixedParameters: 0 0 0

#Transform 9
Transform: AffineTransform_float_3_3
Parameters: 1 0.000675825 5.71102e-05 -0.000676174 0.999995 0.00312196 -5.48892e-05 -0.00312204 0.999995 -0.000907927 0.0418195 -0.0453351
FixedParameters: 0 0 0

#Transform 10
Transform: AffineTransform_float_3_3
Parameters: 0.999998 -0.00142887 -0.000811314 0.00143313 0.999986 0.00511084 0.000803686 -0.00511115 0.999986 0.00486834 0.0261921 -0.075636
FixedParameters: 0 0 0

#Transform 11
Transform: AffineTransform_float_3_3
Parameters: 0.999999 -0.00019158 -0.00143987 0.00019742 0.99999 0.00445972 0.00143913 -0.00446028 0.999989 0.0128546 0.0450836 -0.0252573
FixedParameters: 0 0 0

#Transform 12
Transform: AffineTransform_float_3_3
Parameters: 0.999998 -0.000222377 -0.00160593 0.000229623 0.999992 0.00412464 0.00160507 -0.00412537 0.99999 0.00952511 0.0531259 -0.0439342
FixedParameters: 0 0 0

#Transform 13
Transform: AffineTransform_float_3_3
Parameters: 0.999999 6.42833e-05 -0.00137576 -5.87156e-05 0.999992 0.00384008 0.00137624 -0.00383991 0.999991 0.00578567 0.0600597 -0.069746
FixedParameters: 0 0 0

#Transform 14
Transform: AffineTransform_float_3_3
Parameters: 1 -0.000238003 -0.000650734 0.000239994 0.999996 0.00306985 0.000649266 -0.00307016 0.999995 -0.00406231 0.0354229 -0.0910688
FixedParameters: 0 0 0

#Transform 15
Transform: AffineTransform_float_3_3
Parameters: 0.999999 0.000294014 -0.000714583 -0.000292986 0.999999 0.00141921 0.000714416 -0.00141879 0.999998 0.00376425 0.0360817 0.00363523
FixedParameters: 0 0 0

#Transform 16
Transform: AffineTransform_float_3_3
Parameters: 1 0.000260908 -0.000448054 -0.000261092 1 -0.000205883 0.000447946 0.000206117 1 -0.00846381 0.0123108 -0.0676446
FixedParameters: 0 0 0

#Transform 17
Transform: AffineTransform_float_3_3
Parameters: 0.999999 0.00035286 -0.000677072 -0.000353139 1 -0.000205761 0.000676927 0.000206239 0.999999 -0.0129022 0.0305154 -0.102299
FixedParameters: 0 0 0

#Transform 18
Transform: AffineTransform_float_3_3
Parameters: 1 0.000189078 -0.000606975 -0.000188922 1 0.000129115 0.000606024 -0.000128885 1 -0.0186314 0.0355531 -0.0968245
FixedParameters: 0 0 0

#Transform 19
Transform: AffineTransform_float_3_3
Parameters: 1 -0.000345038 5.47605e-05 0.000345962 0.999999 0.000694019 -5.42401e-05 -0.000693981 1 0.000526064 0.0355197 -0.00560968
FixedParameters: 0 0 0

#Transform 20
Transform: AffineTransform_float_3_3
Parameters: 1 -9.97939e-05 0.000548037 0.000100206 1 -0.000375945 -0.000547962 0.000376055 1 -0.000810224 0.0197959 -0.00135942
FixedParameters: 0 0 0

#Transform 21
Transform: AffineTransform_float_3_3
Parameters: 1 0.000149923 -8.91298e-05 -0.000150077 0.999999 -0.000865986 8.887e-05 0.000866013 0.999999 -0.0095226 0.00564738 -0.014671
FixedParameters: 0 0 0

#Transform 22
Transform: AffineTransform_float_3_3
Parameters: 1 0.000302586 -0.000402312 -0.000302414 1 -0.00102988 0.000401689 0.00103012 1 -0.005143 -0.0136922 -0.0575193
FixedParameters: 0 0 0

#Transform 23
Transform: AffineTransform_float_3_3
Parameters: 1 0.000366992 -8.90338e-05 -0.000367008 1 -9.19673e-05 8.89662e-05 9.20326e-05 1 0.00303879 0.0144572 0.0419711
FixedParameters: 0 0 0

#Transform 24
Transform: AffineTransform_float_3_3
Parameters: 1 0.000207277 -0.000530892 -0.000207723 1 0.00052111 0.000531108 -0.00052089 0.999999 0.0265371 0.0094908 0.115014
FixedParameters: 0 0 0

#Transform 25
Transform: AffineTransform_float_3_3
Parameters: 1 -0.000233991 -0.000459004 0.000234009 1 1.88926e-05 0.000458995 -1.91074e-05 1 0.0329773 -0.00868742 0.0954777
FixedParameters: 0 0 0

#Transform 26
Transform: AffineTransform_float_3_3
Parameters: 0.999999 -0.000197947 -0.00095101 0.000198053 1 5.58116e-05 0.000950988 -5.61882e-05 0.999999 0.0306363 -0.0282438 0.0680255
FixedParameters: 0 0 0

#Transform 27
Transform: AffineTransform_float_3_3
Parameters: 0.999999 -0.000198087 -0.000950981 0.000197912 1 -9.21882e-05 0.000951017 9.18116e-05 0.999999 0.0317265 -0.0159559 0.114577
FixedParameters: 0 0 0

#Transform 28
Transform: AffineTransform_float_3_3
Parameters: 0.999999 -0.000142087 -0.000950986 0.000141912 1 -9.2135e-05 0.000951012 9.18649e-05 0.999999 0.031055 -0.004914 0.103938
FixedParameters: 0 0 0

#Transform 29
Transform: AffineTransform_float_3_3
Parameters: 1 -0.000197338 -0.00106012 0.000197661 1 0.000623791 0.00105988 -0.00062421 0.999999 0.0200018 -0.0233844 0.118855
FixedParameters: 0 0 0

#Transform 30
Transform: AffineTransform_float_3_3
Parameters: 0.999999 -8.41531e-05 -0.000732982 8.38468e-05 1 -0.000209061 0.000733017 0.000208938 0.999999 0.0354698 -0.0419534 0.0750195
FixedParameters: 0 0 0

#Transform 31
Transform: AffineTransform_float_3_3
Parameters: 1 -0.000198037 -0.000398982 0.000197963 1 -9.2079e-05 0.000399018 9.1921e-05 1 0.0161453 -0.0525886 0.0562189
FixedParameters: 0 0 0

#Transform 32
Transform: AffineTransform_float_3_3
Parameters: 1 -0.000639519 -0.000951324 0.000639481 0.999999 0.000505392 0.000950678 -0.000505608 1 0.021983 -0.03695 0.0825059
FixedParameters: 0 0 0

#Transform 33
Transform: AffineTransform_float_3_3
Parameters: 0.999999 -0.000663113 -0.00140989 0.000664887 0.999999 0.00133806 0.00140911 -0.00133894 0.999998 0.034915 -0.0605256 0.0651145
FixedParameters: 0 0 0

#Transform 34
Transform: AffineTransform_float_3_3
Parameters: 0.999998 -0.00087628 -0.00140945 0.00087772 0.999999 0.000510763 0.00140955 -0.000511236 0.999999 0.0260171 -0.0537199 0.0229631
FixedParameters: 0 0 0

#Transform 35
Transform: AffineTransform_float_3_3
Parameters: 0.999999 -0.000415434 -0.000618039 0.000413567 0.999997 -0.00231726 0.00061896 0.00231774 0.999997 0.0190184 -0.12309 -0.0094381
FixedParameters: 0 0 0

#Transform 36
Transform: AffineTransform_float_3_3
Parameters: 0.999999 -0.00029838 -0.00120815 0.000299619 1 0.000512638 0.00120785 -0.000513361 0.999999 0.0214887 -0.0858521 0.0931169
FixedParameters: 0 0 0

#Transform 37
Transform: AffineTransform_float_3_3
Parameters: 0.999999 0.000329872 -0.0014308 -0.000329127 1 0.000610471 0.0014312 -0.000609528 0.999999 0.0309346 -0.110509 0.0569556
FixedParameters: 0 0 0

#Transform 38
Transform: AffineTransform_float_3_3
Parameters: 0.999998 0.000170349 -0.00158886 -0.000168651 0.999999 0.000849269 0.00158914 -0.00084873 0.999999 0.0211765 -0.140378 0.0341173
FixedParameters: 0 0 0

#Transform 39
Transform: AffineTransform_float_3_3
Parameters: 0.999999 7.75347e-05 -0.00185698 -7.64651e-05 1 0.000288143 0.00185702 -0.000287857 0.999998 0.023198 -0.106979 0.0506086
FixedParameters: 0 0 0

#Transform 40
Transform: AffineTransform_float_3_3
Parameters: 1 3.4e-05 -0.001093 -3.4e-05 1 3.7162e-08 0.001093 3.7162e-08 1 0.0290624 -0.123445 0.0586996
FixedParameters: 0 0 0

#Transform 41
Transform: AffineTransform_float_3_3
Parameters: 1 0.00018963 -0.00103707 -0.000189371 1 -0.000356804 0.00103793 0.000357197 1 0.020016 -0.134332 0.0314557
FixedParameters: 0 0 0

#Transform 42
Transform: AffineTransform_float_3_3
Parameters: 1 0.00041001 -0.00105877 -0.00041199 0.999998 -0.00187956 0.00105823 0.00188043 0.999997 0.0167173 -0.13124 -0.0316274
FixedParameters: 0 0 0

#Transform 43
Transform: AffineTransform_float_3_3
Parameters: 1 0.000441196 -0.00110632 -0.000441805 0.999999 -0.000727512 0.00110568 0.000727488 0.999999 0.0216291 -0.122604 0.0613615
FixedParameters: 0 0 0

#Transform 44
Transform: AffineTransform_float_3_3
Parameters: 1 0.00109817 -0.000323839 -0.00109883 0.999996 -0.00258364 0.000321161 0.00258435 0.999996 0.0131555 -0.139109 -0.0226028
FixedParameters: 0 0 0

#Transform 45
Transform: AffineTransform_float_3_3
Parameters: 0.999999 0.0012529 -2.86622e-05 -0.0012531 0.999993 -0.00372097 2.43374e-05 0.00372103 0.999993 -0.00188675 -0.165904 -0.0432946
FixedParameters: 0 0 0

#Transform 46
Transform: AffineTransform_float_3_3
Parameters: 0.999999 0.00135481 -6.22015e-05 -0.00135519 0.999995 -0.00310092 5.77978e-05 0.00310108 0.999995 0.0014455 -0.137075 -0.0395064
FixedParameters: 0 0 0

#Transform 47
Transform: AffineTransform_float_3_3
Parameters: 0.999997 0.00237054 0.000359663 -0.00236847 0.999974 -0.00689588 -0.000375341 0.00689513 0.999976 0.0212694 -0.216751 -0.00614091
FixedParameters: 0 0 0

#Transform 48
Transform: AffineTransform_float_3_3
Parameters: 0.999997 0.00266865 0.000356746 -0.00266636 0.999971 -0.00721898 -0.000375257 0.00721803 0.999974 0.00645045 -0.191785 -0.0508435
FixedParameters: 0 0 0

#Transform 49
Transform: AffineTransform_float_3_3
Parameters: 0.999997 0.00264135 0.000460186 -0.00263766 0.999971 -0.00712824 -0.000478812 0.00712677 0.999975 -0.00555994 -0.187442 -0.0926551
FixedParameters: 0 0 0

#Transform 50
Transform: AffineTransform_float_3_3
Parameters: 0.999997 0.00238457 0.000603221 -0.00238043 0.99997 -0.00746346 -0.000620783 0.00746254 0.999972 -0.0053952 -0.270349 -0.121926
FixedParameters: 0 0 0

#Transform 51
Transform: AffineTransform_float_3_3
Parameters: 0.999995 0.00278217 0.000884772 -0.00277584 0.999964 -0.00800049 -0.000906232 0.00799751 0.999967 -0.00927911 -0.25509 -0.146758
FixedParameters: 0 0 0

#Transform 52
Transform: AffineTransform_float_3_3
Parameters: 0.999998 0.00154013 0.00115355 -0.00153287 0.99998 -0.00615278 -0.00116345 0.00615122 0.999981 -0.00315482 -0.202502 -0.0974196
FixedParameters: 0 0 0

#Transform 53
Transform: AffineTransform_float_3_3
Parameters: 0.999998 0.00109312 0.00167437 -0.00108688 0.999991 -0.00424683 -0.00167963 0.00424517 0.999989 -0.00343886 -0.196711 -0.0571279
FixedParameters: 0 0 0

#Transform 54
Transform: AffineTransform_float_3_3
Parameters: 0.999997 0.00134678 0.00166473 -0.00133822 0.999988 -0.00466624 -0.00167126 0.00466376 0.999987 0.0314273 -0.229131 0.0108336
FixedParameters: 0 0 0

#Transform 55
Transform: AffineTransform_float_3_3
Parameters: 0.999997 0.00166729 0.00184105 -0.00165371 0.999972 -0.00719807 -0.00185295 0.00719493 0.999973 0.0246866 -0.270158 -0.0553608
FixedParameters: 0 0 0

#Transform 56
Transform: AffineTransform_float_3_3
Parameters: 0.999996 0.00215216 0.00174209 -0.00213984 0.999973 -0.00695075 -0.00175691 0.00694724 0.999975 0.0171269 -0.264568 -0.0966421
FixedParameters: 0 0 0

#Transform 57
Transform: AffineTransform_float_3_3
Parameters: 0.999995 0.00227898 0.00223683 -0.00226202 0.999969 -0.0075631 -0.00225417 0.0075579 0.999969 -0.00198921 -0.275944 -0.123327
FixedParameters: 0 0 0

#Transform 58
Transform: AffineTransform_float_3_3
Parameters: 0.999993 0.00246236 0.00255956 -0.00244263 0.999965 -0.0079303 -0.00257944 0.0079237 0.999966 -0.0151199 -0.301891 -0.12713
FixedParameters: 0 0 0

#Transform 59
Transform: AffineTransform_float_3_3
Parameters: 0.999992 0.00281434 0.00282502 -0.00278666 0.999949 -0.00963694 -0.00285198 0.00962904 0.999949 -0.00872716 -0.324038 -0.266939
FixedParameters: 0 0 0

#Transform 60
Transform: AffineTransform_float_3_3
Parameters: 0.999993 0.00224543 0.00294503 -0.00221957 0.999958 -0.0089476 -0.00296497 0.0089414 0.999955 -0.0233455 -0.313508 -0.302099
FixedParameters: 0 0 0

#Transform 61
Transform: AffineTransform_float_3_3
Parameters: 0.999992 0.00289103 0.00259235 -0.00286597 0.999949 -0.00960849 -0.00261965 0.00960149 0.99995 -0.0104545 -0.330521 -0.313145
FixedParameters: 0 0 0

#Transform 62
Transform: AffineTransform_float_3_3
Parameters: 0.999992 0.0025698 0.00328757 -0.0025332 0.999934 -0.0111484 -0.00331644 0.0111396 0.999933 -0.0120964 -0.344445 -0.377102
FixedParameters: 0 0 0

#Transform 63
Transform: AffineTransform_float_3_3
Parameters: 0.99999 0.00239651 0.00393692 -0.00234249 0.999905 -0.0135394 -0.00396907 0.0135306 0.9999 -0.0265405 -0.387838 -0.520187
FixedParameters: 0 0 0

#Transform 64
Transform: AffineTransform_float_3_3
Parameters: 0.999989 0.00286707 0.00356935 -0.00281793 0.999898 -0.0139542 -0.00360866 0.0139438 0.999897 -0.039983 -0.373353 -0.550321
FixedParameters: 0 0 0

#Transform 65
Transform: AffineTransform_float_3_3
Parameters: 0.99999 0.00277369 0.00331733 -0.00272832 0.999903 -0.0136982 -0.00335467 0.0136888 0.9999 -0.0380959 -0.392729 -0.547257
FixedParameters: 0 0 0

#Transform 66
Transform: AffineTransform_float_3_3
Parameters: 0.99999 0.00265831 0.00364209 -0.00260769 0.999899 -0.0140226 -0.00367891 0.0140124 0.999895 -0.0577749 -0.401358 -0.522278
FixedParameters: 0 0 0

#Transform 67
Transform: AffineTransform_float_3_3
Parameters: 0.999981 0.00347926 0.00510209 -0.00341974 0.999927 -0.0115787 -0.00514191 0.0115603 0.99992 -0.0466296 -0.414337 -0.303354
FixedParameters: 0 0 0

#Transform 68
Transform: AffineTransform_float_3_3
Parameters: 0.999983 0.00319934 0.00485945 -0.00314066 0.999921 -0.0121695 -0.00489856 0.0121545 0.999914 -0.0357211 -0.397939 -0.356163
FixedParameters: 0 0 0

#Transform 69
Transform: AffineTransform_float_3_3
Parameters: 0.999981 0.0031418 0.00520016 -0.0030802 0.999925 -0.0118492 -0.00523684 0.0118338 0.999917 -0.0300745 -0.401938 -0.381475
FixedParameters: 0 0 0

#Transform 70
Transform: AffineTransform_float_3_3
Parameters: 0.999979 0.00365496 0.00536164 -0.00358604 0.999912 -0.0128155 -0.00540837 0.0127955 0.999904 -0.0259015 -0.416846 -0.380736
FixedParameters: 0 0 0

#Transform 71
Transform: AffineTransform_float_3_3
Parameters: 0.999979 0.00378144 0.00522371 -0.00370056 0.999875 -0.0153226 -0.00528129 0.0153033 0.999869 -0.0314403 -0.468419 -0.53134
FixedParameters: 0 0 0

#Transform 72
Transform: AffineTransform_float_3_3
Parameters: 0.999984 0.00376474 0.00438659 -0.00370425 0.999899 -0.0137745 -0.00443841 0.0137575 0.999895 -0.0161512 -0.465958 -0.428401
FixedParameters: 0 0 0

#Transform 73
Transform: AffineTransform_float_3_3
Parameters: 0.999984 0.00333906 0.00471824 -0.00327192 0.999894 -0.0141517 -0.00476575 0.0141353 0.999888 -0.00120802 -0.474549 -0.448455
FixedParameters: 0 0 0

#Transform 74
Transform: AffineTransform_float_3_3
Parameters: 0.999983 0.00312966 0.00502648 -0.00305234 0.999877 -0.0153836 -0.00507454 0.0153684 0.999869 -0.0228608 -0.485481 -0.569307
FixedParameters: 0 0 0

#Transform 75
Transform: AffineTransform_float_3_3
Parameters: 0.999982 0.00303673 0.0052795 -0.00296728 0.999909 -0.0131659 -0.00531851 0.0131501 0.9999 -0.0303512 -0.47598 -0.386961
FixedParameters: 0 0 0

#Transform 76
Transform: AffineTransform_float_3_3
Parameters: 0.999981 0.00320177 0.0052767 -0.00313123 0.999906 -0.0133668 -0.0053183 0.0133492 0.999896 -0.0141611 -0.479884 -0.41698
FixedParameters: 0 0 0

#Transform 77
Transform: AffineTransform_float_3_3
Parameters: 0.999981 0.00315488 0.00527494 -0.00308013 0.999895 -0.0141425 -0.00531907 0.0141265 0.999886 -0.0266642 -0.496264 -0.500821
FixedParameters: 0 0 0

#Transform 78
Transform: AffineTransform_float_3_3
Parameters: 0.999983 0.0035434 0.00466578 -0.00347859 0.999899 -0.0137395 -0.00471421 0.0137225 0.999894 -0.0363055 -0.53092 -0.491218
FixedParameters: 0 0 0

#Transform 79
Transform: AffineTransform_float_3_3
Parameters: 0.99998 0.00314627 0.00548517 -0.00307473 0.999909 -0.0131351 -0.00552584 0.0131179 0.999898 -0.0224059 -0.523007 -0.431807
FixedParameters: 0 0 0

#Transform 80
Transform: AffineTransform_float_3_3
Parameters: 0.999978 0.00342039 0.00575743 -0.00333961 0.999895 -0.0140865 -0.00580559 0.0140675 0.999884 -0.0296583 -0.535811 -0.450617
FixedParameters: 0 0 0

#Transform 81
Transform: AffineTransform_float_3_3
Parameters: 0.999981 0.00347464 0.00499189 -0.00340236 0.999892 -0.0142883 -0.0050411 0.0142718 0.999886 -0.030843 -0.557892 -0.5077
FixedParameters: 0 0 0

#Transform 82
Transform: AffineTransform_float_3_3
Parameters: 0.99998 0.00337746 0.00543949 -0.00330855 0.999913 -0.0127283 -0.00548153 0.0127097 0.999904 -0.0246801 -0.505627 -0.423238
FixedParameters: 0 0 0

#Transform 83
Transform: AffineTransform_float_3_3
Parameters: 0.999978 0.00318217 0.00593024 -0.00310484 0.999911 -0.0129767 -0.00597077 0.0129583 0.999898 -0.0453571 -0.524524 -0.419312
FixedParameters: 0 0 0

#Transform 84
Transform: AffineTransform_float_3_3
Parameters: 0.999976 0.00355461 0.00592102 -0.00347039 0.999892 -0.0142389 -0.00597099 0.0142181 0.999881 -0.0333411 -0.557629 -0.495455
FixedParameters: 0 0 0

#Transform 85
Transform: AffineTransform_float_3_3
Parameters: 0.999977 0.00341872 0.00587305 -0.00333427 0.999893 -0.0142069 -0.00592093 0.0141871 0.999882 -0.0368465 -0.554863 -0.476563
FixedParameters: 0 0 0

#Transform 86
Transform: AffineTransform_float_3_3
Parameters: 0.99998 0.00331805 0.00540968 -0.00324296 0.999899 -0.0138238 -0.00545432 0.0138052 0.99989 -0.0438998 -0.575726 -0.499511
FixedParameters: 0 0 0

#Transform 87
Transform: AffineTransform_float_3_3
Parameters: 0.999981 0.00332812 0.00532726 -0.00326188 0.999918 -0.0123736 -0.00536774 0.0123554 0.99991 -0.0319278 -0.571796 -0.371328
FixedParameters: 0 0 0

#Transform 88
Transform: AffineTransform_float_3_3
Parameters: 0.999984 0.00303777 0.00475433 -0.00297823 0.999917 -0.0125294 -0.00479167 0.0125146 0.99991 -0.014234 -0.605881 -0.418566
FixedParameters: 0 0 0

#Transform 89
Transform: AffineTransform_float_3_3
Parameters: 0.999983 0.00331819 0.00479823 -0.00325082 0.999898 -0.0139428 -0.00484377 0.0139272 0.999892 -0.0239702 -0.61024 -0.509673
FixedParameters: 0 0 0

#Transform 90
Transform: AffineTransform_float_3_3
Parameters: 0.999984 0.0031589 0.00458329 -0.0030991 0.999911 -0.0130164 -0.00462471 0.0130026 0.999905 -0.0221602 -0.628736 -0.464981
FixedParameters: 0 0 0

#Transform 91
Transform: AffineTransform_float_3_3
Parameters: 0.999979 0.00307462 0.00558597 -0.00299737 0.999899 -0.013852 -0.00562803 0.013835 0.999889 -0.0206656 -0.615837 -0.478578
FixedParameters: 0 0 0

#Transform 92
Transform: AffineTransform_float_3_3
Parameters: 0.999977 0.00345114 0.00581083 -0.00336085 0.999873 -0.0156229 -0.00586419 0.0156021 0.999861 -0.0401867 -0.657167 -0.611476
FixedParameters: 0 0 0

#Transform 93
Transform: AffineTransform_float_3_3
Parameters: 0.999976 0.00352307 0.00595865 -0.00343393 0.99988 -0.0150598 -0.00601036 0.0150392 0.999869 -0.0366441 -0.674978 -0.569059
FixedParameters: 0 0 0

#Transform 94
Transform: AffineTransform_float_3_3
Parameters: 0.999972 0.003836 0.00639536 -0.00375201 0.999907 -0.0130944 -0.00644464 0.0130706 0.999894 -0.0303797 -0.677897 -0.487212
FixedParameters: 0 0 0

#Transform 95
Transform: AffineTransform_float_3_3
Parameters: 0.999972 0.0033982 0.00655754 -0.0033108 0.999906 -0.0132631 -0.00660146 0.0132409 0.999891 -0.014008 -0.664763 -0.46202
FixedParameters: 0 0 0

#Transform 96
Transform: AffineTransform_float_3_3
Parameters: 0.999971 0.00347007 0.00669759 -0.00337292 0.99989 -0.014451 -0.00674741 0.014428 0.999873 -0.0227821 -0.6661 -0.527061
FixedParameters: 0 0 0

#Transform 97
Transform: AffineTransform_float_3_3
Parameters: 0.999972 0.00413915 0.00625313 -0.00404085 0.999869 -0.0156277 -0.00631687 0.0156023 0.999859 -0.0300429 -0.711459 -0.632941
FixedParameters: 0 0 0

#Transform 98
Transform: AffineTransform_float_3_3
Parameters: 0.999966 0.00382705 0.00729032 -0.00372296 0.999892 -0.0142326 -0.00734368 0.0142054 0.999872 -0.0198161 -0.67599 -0.542928
FixedParameters: 0 0 0

#Transform 99
Transform: AffineTransform_float_3_3
Parameters: 0.999966 0.00376037 0.00726038 -0.00365463 0.999888 -0.014473 -0.00731361 0.014446 0.999869 -0.0226898 -0.696306 -0.541408
FixedParameters: 0 0 0

#Transform 100
Transform: AffineTransform_float_3_3
Parameters: 0.999971 0.00368942 0.00665297 -0.00359458 0.999892 -0.0142983 -0.00670503 0.0142737 0.999875 -0.028539 -0.6887 -0.510049
FixedParameters: 0 0 0

#Transform 101
Transform: AffineTransform_float_3_3
Parameters: 0.999973 0.0038206 0.00638885 -0.0037314 0.999898 -0.0138222 -0.00644115 0.0137988 0.999884 -0.0165331 -0.721939 -0.508859
FixedParameters: 0 0 0

#Transform 102
Transform: AffineTransform_float_3_3
Parameters: 0.999969 0.00422798 0.00664753 -0.00413303 0.99989 -0.0142369 -0.00670646 0.0142091 0.999876 0.000840051 -0.724585 -0.515744
FixedParameters: 0 0 0

#Transform 103
Transform: AffineTransform_float_3_3
Parameters: 0.999981 0.00317691 0.00525863 -0.00309111 0.999866 -0.0160756 -0.00530835 0.0160594 0.999857 -0.0201826 -0.772171 -0.568736
FixedParameters: 0 0 0

#Transform 104
Transform: AffineTransform_float_3_3
Parameters: 0.999983 0.00365347 0.00469755 -0.00358453 0.999889 -0.0145011 -0.00475045 0.0144839 0.999884 -0.0142505 -0.754566 -0.509118
FixedParameters: 0 0 0

#Transform 105
Transform: AffineTransform_float_3_3
Parameters: 0.999977 0.00366408 0.00566463 -0.00358492 0.999897 -0.0139076 -0.00571538 0.0138874 0.999887 -0.0185516 -0.762408 -0.456918
FixedParameters: 0 0 0

#Transform 106
Transform: AffineTransform_float_3_3
Parameters: 0.99998 0.00354837 0.00510071 -0.00347164 0.999883 -0.014904 -0.00515228 0.014886 0.999876 -0.0271013 -0.791619 -0.539016
FixedParameters: 0 0 0

#Transform 107
Transform: AffineTransform_float_3_3
Parameters: 0.999983 0.00329341 0.0047641 -0.00322559 0.999895 -0.0140886 -0.0048099 0.0140724 0.99989 -0.0396537 -0.755288 -0.515802
FixedParameters: 0 0 0

#Transform 108
Transform: AffineTransform_float_3_3
Parameters: 0.999982 0.00341274 0.00505628 -0.00334427 0.999902 -0.0135412 -0.00510173 0.0135248 0.999895 -0.0315192 -0.768876 -0.448706
FixedParameters: 0 0 0

#Transform 109
Transform: AffineTransform_float_3_3
Parameters: 0.999981 0.00364279 0.00499615 -0.00357221 0.999894 -0.0141051 -0.00504686 0.0140879 0.999888 -0.0380625 -0.786311 -0.434473
FixedParameters: 0 0 0

#Transform 110
Transform: AffineTransform_float_3_3
Parameters: 0.999981 0.00357922 0.00515963 -0.00350379 0.999888 -0.0145144 -0.00521038 0.0144966 0.999882 -0.0411716 -0.851972 -0.510113
FixedParameters: 0 0 0

#Transform 111
Transform: AffineTransform_float_3_3
Parameters: 0.999978 0.00405423 0.00513806 -0.00398077 0.999892 -0.0141828 -0.00519494 0.0141623 0.999886 -0.0405009 -0.885533 -0.522562
FixedParameters: 0 0 0

#Transform 112
Transform: AffineTransform_float_3_3
Parameters: 0.999979 0.00344039 0.00539575 -0.0033696 0.99991 -0.0130014 -0.00544024 0.0129835 0.999901 -0.0321701 -0.814544 -0.408949
FixedParameters: 0 0 0

#Transform 113
Transform: AffineTransform_float_3_3
Parameters: 0.999975 0.00355741 0.00602539 -0.0034726 0.999894 -0.0141253 -0.00607462 0.0141047 0.999882 -0.0363387 -0.847128 -0.485589
FixedParameters: 0 0 0

#Transform 114
Transform: AffineTransform_float_3_3
Parameters: 0.99998 0.00383353 0.00499315 -0.00376148 0.999889 -0.0144541 -0.00504786 0.0144349 0.999883 -0.0433524 -0.921207 -0.489612
FixedParameters: 0 0 0

#Transform 115
Transform: AffineTransform_float_3_3
Parameters: 0.999973 0.00359519 0.00643081 -0.0035368 0.999953 -0.00903799 -0.00646319 0.00901501 0.999939 0.024453 -0.784457 -0.337038
FixedParameters: 0 0 0

#Transform 116
Transform: AffineTransform_float_3_3
Parameters: 0.999984 0.00360766 0.00434957 -0.00354135 0.999877 -0.0152366 -0.00440345 0.0152214 0.999875 -0.0808715 -0.918474 -0.685683
FixedParameters: 0 0 0

#Transform 117
Transform: AffineTransform_float_3_3
Parameters: 0.999986 0.00225678 0.00476594 -0.00217922 0.999866 -0.0162626 -0.00480207 0.0162524 0.999857 -0.0950877 -0.954412 -0.844979
FixedParameters: 0 0 0

#Transform 118
Transform: AffineTransform_float_3_3
Parameters: 0.99998 0.00212127 0.00606289 -0.00200572 0.999819 -0.0189566 -0.00610211 0.0189435 0.999802 -0.0587643 -0.977202 -0.940053
FixedParameters: 0 0 0

#Transform 119
Transform: AffineTransform_float_3_3
Parameters: 0.999981 0.00237356 0.00581369 -0.00226243 0.999814 -0.0191215 -0.00585832 0.0191075 0.999801 -0.0623303 -1.00916 -0.977408
FixedParameters: 0 0 0

#Transform 120
Transform: AffineTransform_float_3_3
Parameters: 0.99998 0.0024208 0.00581031 -0.0023032 0.999794 -0.0201968 -0.0058577 0.0201822 0.999779 -0.0719828 -1.00839 -1.02963
FixedParameters: 0 0 0

#Transform 121
Transform: AffineTransform_float_3_3
Parameters: 0.999975 0.0034468 0.00616936 -0.00330421 0.99973 -0.023009 -0.00624665 0.022988 0.999716 -0.0805526 -1.06244 -1.13112
FixedParameters: 0 0 0

#Transform 122
Transform: AffineTransform_float_3_3
Parameters: 0.999977 0.00318794 0.00589061 -0.00306606 0.999783 -0.0205965 -0.00595438 0.0205775 0.99977 -0.0861179 -1.01072 -1.00971
FixedParameters: 0 0 0

#Transform 123
Transform: AffineTransform_float_3_3
Parameters: 0.999971 0.00294014 0.00693788 -0.00278386 0.999745 -0.0224089 -0.00700211 0.022389 0.999725 -0.0867998 -1.09927 -1.15856
FixedParameters: 0 0 0

#Transform 124
Transform: AffineTransform_float_3_3
Parameters: 0.999965 0.00364476 0.00760347 -0.00348523 0.999775 -0.0209203 -0.00767855 0.0208928 0.999752 -0.0796543 -1.06623 -1.13301
FixedParameters: 0 0 0

#Transform 125
Transform: AffineTransform_float_3_3
Parameters: 0.99996 0.00366419 0.00815786 -0.00348484 0.999754 -0.0218713 -0.00823514 0.0218427 0.999728 -0.0836374 -1.07207 -1.12199
FixedParameters: 0 0 0

#Transform 126
Transform: AffineTransform_float_3_3
Parameters: 0.999956 0.00356041 0.00868771 -0.00335058 0.999703 -0.0241151 -0.00877129 0.0240848 0.999671 -0.103435 -1.14055 -1.27405
FixedParameters: 0 0 0

#Transform 127
Transform: AffineTransform_float_3_3
Parameters: 0.999964 0.00299537 0.00802291 -0.00281163 0.999737 -0.0227704 -0.00808909 0.0227466 0.999709 -0.0874605 -1.11551 -1.17358
FixedParameters: 0 0 0

#Transform 128
Transform: AffineTransform_float_3_3
Parameters: 0.999971 0.00290277 0.00712644 -0.00275124 0.999774 -0.0210762 -0.00718556 0.0210558 0.999753 -0.0977748 -1.09778 -1.05776
FixedParameters: 0 0 0

#Transform 129
Transform: AffineTransform_float_3_3
Parameters: 0.999968 0.00270643 0.00744931 -0.00254557 0.999763 -0.0215956 -0.0075057 0.0215764 0.999739 -0.0874917 -1.10851 -1.11214
FixedParameters: 0 0 0

#Transform 130
Transform: AffineTransform_float_3_3
Parameters: 0.999968 0.00305686 0.00747484 -0.00289516 0.999763 -0.0215694 -0.00753817 0.0215467 0.99974 -0.0912777 -1.19517 -1.18683
FixedParameters: 0 0 0

#Transform 131
Transform: AffineTransform_float_3_3
Parameters: 0.999967 0.00320524 0.00755542 -0.00304075 0.999761 -0.0216497 -0.00762359 0.0216263 0.999737 -0.0856639 -1.17196 -1.20127
FixedParameters: 0 0 0

#Transform 132
Transform: AffineTransform_float_3_3
Parameters: 0.999967 0.00286527 0.00760014 -0.00270473 0.999773 -0.0211452 -0.00765887 0.0211237 0.999747 -0.063531 -1.16026 -1.12716
FixedParameters: 0 0 0

#Transform 133
Transform: AffineTransform_float_3_3
Parameters: 0.999957 0.00282825 0.00875945 -0.00262974 0.999742 -0.022562 -0.00882154 0.022538 0.999707 -0.0808212 -1.21573 -1.23878
FixedParameters: 0 0 0

#Transform 134
Transform: AffineTransform_float_3_3
Parameters: 0.999966 0.0024329 0.00796926 -0.00226011 0.999764 -0.0216328 -0.00801975 0.0216143 0.999734 -0.0788761 -1.21464 -1.25169
FixedParameters: 0 0 0

#Transform 135
Transform: AffineTransform_float_3_3
Parameters: 0.999966 0.00243171 0.00790923 -0.00225929 0.999763 -0.0216476 -0.00795975 0.0216284 0.999735 -0.0779864 -1.2161 -1.17285
FixedParameters: 0 0 0

#Transform 136
Transform: AffineTransform_float_3_3
Parameters: 0.999962 0.00255017 0.00840017 -0.00236181 0.999747 -0.0223357 -0.00845584 0.0223143 0.999715 -0.0760945 -1.26213 -1.29355
FixedParameters: 0 0 0

#Transform 137
Transform: AffineTransform_float_3_3
Parameters: 0.99996 0.00304357 0.00849545 -0.00285042 0.999741 -0.0225881 -0.00856253 0.0225628 0.999709 -0.0887302 -1.26036 -1.31207
FixedParameters: 0 0 0

#Transform 138
Transform: AffineTransform_float_3_3
Parameters: 0.999965 0.00302558 0.00789227 -0.00285043 0.999753 -0.0220383 -0.00795672 0.0220147 0.999726 -0.0819353 -1.23302 -1.24213
FixedParameters: 0 0 0

#Transform 139
Transform: AffineTransform_float_3_3
Parameters: 0.999964 0.00327016 0.0078872 -0.00309885 0.999761 -0.0216152 -0.00795581 0.0215908 0.999735 -0.0888785 -1.26388 -1.24011
FixedParameters: 0 0 0

#Transform 140
Transform: AffineTransform_float_3_3
Parameters: 0.999948 0.00412872 0.00937553 -0.00391227 0.999727 -0.0230169 -0.00946849 0.0229791 0.999691 -0.0850194 -1.32139 -1.33174
FixedParameters: 0 0 0

#Transform 141
Transform: AffineTransform_float_3_3
Parameters: 0.99995 0.00434205 0.00906273 -0.00412395 0.999705 -0.0239406 -0.00916428 0.0239024 0.999673 -0.0744592 -1.33806 -1.34995
FixedParameters: 0 0 0

#Transform 142
Transform: AffineTransform_float_3_3
Parameters: 0.999951 0.0038721 0.00912771 -0.00365688 0.999718 -0.0234665 -0.00921628 0.0234315 0.999683 -0.0757739 -1.35386 -1.34218
FixedParameters: 0 0 0

#Transform 143
Transform: AffineTransform_float_3_3
Parameters: 0.999953 0.00375865 0.00894559 -0.00354634 0.999713 -0.0236698 -0.00903241 0.0236371 0.99968 -0.0808363 -1.34561 -1.34547
FixedParameters: 0 0 0

#Transform 144
Transform: AffineTransform_float_3_3
Parameters: 0.999951 0.00342415 0.00927643 -0.00321184 0.999735 -0.0227889 -0.00935258 0.0227581 0.999698 -0.0792347 -1.36714 -1.31171
FixedParameters: 0 0 0

#Transform 145
Transform: AffineTransform_float_3_3
Parameters: 0.99995 0.00391424 0.00926358 -0.00369775 0.999723 -0.0232464 -0.00935242 0.0232106 0.999687 -0.0771204 -1.39848 -1.36379
FixedParameters: 0 0 0

#Transform 146
Transform: AffineTransform_float_3_3
Parameters: 0.99995 0.00391714 0.00926235 -0.00369784 0.999715 -0.0235594 -0.00935265 0.0235235 0.999679 -0.0806895 -1.38205 -1.40374
FixedParameters: 0 0 0

#Transform 147
Transform: AffineTransform_float_3_3
Parameters: 0.999952 0.00390527 0.00890797 -0.00369773 0.999725 -0.023167 -0.00899601 0.023133 0.999692 -0.0744721 -1.38572 -1.37129
FixedParameters: 0 0 0

#Transform 148
Transform: AffineTransform_float_3_3
Parameters: 0.999946 0.00406295 0.00954273 -0.00383805 0.99972 -0.0233699 -0.00963526 0.0233321 0.999682 -0.0625441 -1.40374 -1.37811
FixedParameters: 0 0 0

#Transform 149
Transform: AffineTransform_float_3_3
Parameters: 0.99993 0.00503905 0.0107275 -0.00480796 0.999758 -0.0214561 -0.0108325 0.0214029 0.999712 -0.0633435 -1.45648 -1.38636
FixedParameters: 0 0 0

#Transform 150
Transform: AffineTransform_float_3_3
Parameters: 0.999953 0.00391112 0.00881826 -0.00370785 0.999727 -0.0230468 -0.00890676 0.0230132 0.999696 -0.0552174 -1.4383 -1.29449
FixedParameters: 0 0 0

#Transform 151
Transform: AffineTransform_float_3_3
Parameters: 0.999957 0.00209369 0.00910109 -0.00188331 0.999732 -0.0230972 -0.00914692 0.0230789 0.999692 -0.0444968 -1.41654 -1.20556
FixedParameters: 0 0 0

#Transform 152
Transform: AffineTransform_float_3_3
Parameters: 0.999953 0.00211928 0.00946318 -0.00187773 0.999675 -0.025433 -0.00951381 0.025414 0.999631 -0.0582347 -1.52007 -1.34799
FixedParameters: 0 0 0

#Transform 153
Transform: AffineTransform_float_3_3
Parameters: 0.999955 0.00294804 0.00907786 -0.00273596 0.999725 -0.0232819 -0.00914414 0.0232561 0.999687 -0.0800768 -1.46587 -1.25724
FixedParameters: 0 0 0

#Transform 154
Transform: AffineTransform_float_3_3
Parameters: 0.999915 0.000809392 0.0130573 -0.000692614 0.99996 -0.00891581 -0.0130637 0.00890619 0.999875 0.0604226 -1.58866 -0.597048
FixedParameters: 0 0 0

#Transform 155
Transform: AffineTransform_float_3_3
Parameters: 0.999885 -0.00735603 0.0132549 0.00583098 0.993733 0.111625 -0.0139931 -0.111536 0.993662 0.0207245 -0.760287 -0.0461398
FixedParameters: 0 0 0
