# transform file /out/sourcedata/freesurfer/sub-v1s3x0050822_ses-1/mri/transforms/cc_up.lta
# created by oesteban on Tue Mar 10 02:50:10 2026

type      = 0 # LINEAR_VOX_TO_VOX
nxforms   = 1
mean      = 130.0000 129.0000 121.0000
sigma     = 10000.0000
1 4 4
9.996541738510132e-01 9.428955614566803e-03 -2.454759739339352e-02 1.741304397583008e+00 
-9.426114149391651e-03 9.999555349349976e-01 2.314684970770031e-04 2.018569374084473e+01 
2.454868890345097e-02 1.455191522836685e-11 9.996985793113708e-01 5.888807773590088e+00 
0.000000000000000e+00 0.000000000000000e+00 0.000000000000000e+00 1.000000000000000e+00 
src volume info
valid = 1  # volume info valid
filename = /out/sourcedata/freesurfer/sub-v1s3x0050822_ses-1/mri/norm.mgz
volume = 256 256 256
voxelsize = 1.000000000000000e+00 1.000000000000000e+00 1.000000000000000e+00
xras   = -1.000000000000000e+00 0.000000000000000e+00 0.000000000000000e+00
yras   = 0.000000000000000e+00 0.000000000000000e+00 -1.000000000000000e+00
zras   = 0.000000000000000e+00 1.000000000000000e+00 0.000000000000000e+00
cras   = 5.331878662109375e-01 -7.622726440429688e+00 -5.682281494140625e+00
dst volume info
valid = 1  # volume info valid
filename = /out/sourcedata/freesurfer/sub-v1s3x0050822_ses-1/mri/norm.mgz
volume = 256 256 256
voxelsize = 1.000000000000000e+00 1.000000000000000e+00 1.000000000000000e+00
xras   = -1.000000000000000e+00 0.000000000000000e+00 0.000000000000000e+00
yras   = 0.000000000000000e+00 0.000000000000000e+00 -1.000000000000000e+00
zras   = 0.000000000000000e+00 1.000000000000000e+00 0.000000000000000e+00
cras   = 5.331878662109375e-01 -7.622726440429688e+00 -5.682281494140625e+00
