#Insight Transform File V1.0
#Transform 0
Transform: AffineTransform_float_3_3
Parameters: 1 0.000381045 -0.00056632 -0.000382953 0.999994 -0.00345478 0.00056468 0.00345522 0.999994 -0.0125633 0.166964 -0.0968753
FixedParameters: 0 0 0

#Transform 1
Transform: AffineTransform_float_3_3
Parameters: 1 0.000408102 -0.000566372 -0.000409897 0.999995 -0.00335477 0.000564628 0.00335523 0.999994 -0.016755 0.153532 -0.117302
FixedParameters: 0 0 0

#Transform 2
Transform: AffineTransform_float_3_3
Parameters: 0.999999 0.000468983 -0.000566675 -0.000471014 0.999993 -0.00356373 0.000564325 0.00356427 0.999994 -0.0251428 0.131782 -0.141071
FixedParameters: 0 0 0

#Transform 3
Transform: AffineTransform_float_3_3
Parameters: 1 0.000518405 -0.000479729 -0.000519596 0.999995 -0.00333075 0.000478272 0.00333125 0.999995 -0.017549 0.129055 -0.127395
FixedParameters: 0 0 0

#Transform 4
Transform: AffineTransform_float_3_3
Parameters: 1 9.9858e-05 -0.000399287 -0.000101141 0.999996 -0.00286096 0.000398712 0.00286104 0.999996 -0.0154987 0.118352 -0.106966
FixedParameters: 0 0 0

#Transform 5
Transform: AffineTransform_float_3_3
Parameters: 1 0.000182664 -0.000476514 -0.000183337 0.999996 -0.00280491 0.000476488 0.00280509 0.999996 -0.0194788 0.114009 -0.0925195
FixedParameters: 0 0 0

#Transform 6
Transform: AffineTransform_float_3_3
Parameters: 1 0.000118411 -0.000568333 -0.000119588 0.999996 -0.00279593 0.000567668 0.00279607 0.999996 -0.0237614 0.104278 -0.0899604
FixedParameters: 0 0 0

#Transform 7
Transform: AffineTransform_float_3_3
Parameters: 1 -1.32149e-05 -0.000527971 1.1785e-05 0.999998 -0.00230101 0.000528029 0.00230099 0.999997 -0.0259446 0.0894163 -0.0674149
FixedParameters: 0 0 0

#Transform 8
Transform: AffineTransform_float_3_3
Parameters: 0.999999 -5.54762e-05 -0.000733817 5.35232e-05 0.999995 -0.00337404 0.000734185 0.00337396 0.999994 -0.0291058 0.0691581 -0.11323
FixedParameters: 0 0 0

#Transform 9
Transform: AffineTransform_float_3_3
Parameters: 1 -2.33695e-05 -0.000631951 2.16304e-05 0.999997 -0.00216701 0.000632049 0.00216699 0.999998 -0.023656 0.0834146 -0.0612138
FixedParameters: 0 0 0

#Transform 10
Transform: AffineTransform_float_3_3
Parameters: 1 8.51819e-05 -0.000447157 -8.58179e-05 0.999999 -0.00182996 0.000446844 0.00183004 0.999998 -0.0186547 0.0964851 -0.0536299
FixedParameters: 0 0 0

#Transform 11
Transform: AffineTransform_float_3_3
Parameters: 1 -8.0438e-05 -0.000345898 7.95619e-05 0.999999 -0.00126603 0.000346101 0.00126597 0.999999 -0.0182991 0.0753008 -0.014192
FixedParameters: 0 0 0

#Transform 12
Transform: AffineTransform_float_3_3
Parameters: 1 0.000147213 -0.000495234 -0.000147786 0.999998 -0.00158893 0.000494766 0.00158907 0.999998 -0.0187606 0.106785 0.00870985
FixedParameters: 0 0 0

#Transform 13
Transform: AffineTransform_float_3_3
Parameters: 1 0.000439413 -0.000372692 -0.000439587 0.999998 -0.00157484 0.000372308 0.00157516 0.999998 -0.0238469 0.0736295 -0.0260216
FixedParameters: 0 0 0

#Transform 14
Transform: AffineTransform_float_3_3
Parameters: 1 0.000290032 1.95348e-05 -0.000289967 0.999998 -0.001604 -2.04651e-05 0.00160399 0.999998 -0.0222487 0.0563827 -0.040071
FixedParameters: 0 0 0

#Transform 15
Transform: AffineTransform_float_3_3
Parameters: 1 9.82797e-05 -0.000476149 -9.872e-05 0.999999 -0.00151295 0.000475851 0.00151305 0.999998 -0.0101343 0.0488492 -0.0389095
FixedParameters: 0 0 0

#Transform 16
Transform: AffineTransform_float_3_3
Parameters: 1 0.00022484 -0.000127284 -0.00022516 0.999999 -0.00126197 0.000126716 0.00126203 0.999999 0.0018475 0.0413152 -0.038054
FixedParameters: 0 0 0

#Transform 17
Transform: AffineTransform_float_3_3
Parameters: 1 4.37773e-05 -0.00024204 -4.32226e-05 0.999999 -0.000919989 0.00024196 0.00092001 0.999999 -0.0033306 0.0393038 -0.016398
FixedParameters: 0 0 0

#Transform 18
Transform: AffineTransform_float_3_3
Parameters: 1 -0.000200146 -0.000167825 0.000199853 0.999999 -0.000872033 0.000168174 0.000871966 0.999999 0.010841 0.0377497 -0.0270161
FixedParameters: 0 0 0

#Transform 19
Transform: AffineTransform_float_3_3
Parameters: 1 0.000189002 6.94746e-06 -0.000188998 1 -0.000278001 -7.05254e-06 0.000277999 1 -0.00823438 0.0295906 -0.00718884
FixedParameters: 0 0 0

#Transform 20
Transform: AffineTransform_float_3_3
Parameters: 1 0.000168001 4.49948e-05 -0.000167999 1 -3.10076e-05 -4.50052e-05 3.09924e-05 1 -0.00833025 0.033219 -0.0051863
FixedParameters: 0 0 0

#Transform 21
Transform: AffineTransform_float_3_3
Parameters: 1 -6.86292e-06 0.000208005 7.13707e-06 1 -0.000658998 -0.000207995 0.000659001 1 -0.0176432 0.0139061 -0.0188644
FixedParameters: 0 0 0

#Transform 22
Transform: AffineTransform_float_3_3
Parameters: 1 -6.70203e-05 -7.29814e-05 6.69797e-05 1 -0.000278005 7.30186e-05 0.000277995 1 -0.0320526 0.00352362 -0.00537549
FixedParameters: 0 0 0

#Transform 23
Transform: AffineTransform_float_3_3
Parameters: 1 7.40823e-05 0.000134955 -7.49178e-05 1 -0.00060901 -0.000135046 0.00060999 1 -0.0230391 -0.0166925 -0.0059347
FixedParameters: 0 0 0

#Transform 24
Transform: AffineTransform_float_3_3
Parameters: 1 0.000286057 0.00020492 -0.000285943 1 -0.000278059 -0.000204079 0.000277942 1 -0.0219234 -0.0288317 0.0576508
FixedParameters: 0 0 0

#Transform 25
Transform: AffineTransform_float_3_3
Parameters: 1 -1.09381e-06 0.000265 9.0619e-07 1 0.000354 -0.000265 -0.000354 1 -0.0152879 -0.0151015 0.0272858
FixedParameters: 0 0 0

#Transform 26
Transform: AffineTransform_float_3_3
Parameters: 1 -3.80537e-05 0.000178989 3.79463e-05 1 0.000300007 -0.000179011 -0.000299993 1 -0.0183938 -0.0326123 0.0369809
FixedParameters: 0 0 0

#Transform 27
Transform: AffineTransform_float_3_3
Parameters: 1 -1.30765e-05 0.000182995 1.29235e-05 1 0.000418002 -0.000183005 -0.000417998 1 -0.0188223 -0.0359972 0.0247994
FixedParameters: 0 0 0

#Transform 28
Transform: AffineTransform_float_3_3
Parameters: 1 -0.00011229 0.000264877 0.00011171 1 0.00109403 -0.000265122 -0.00109397 1 -0.0214713 -0.0726193 0.0270141
FixedParameters: 0 0 0

#Transform 29
Transform: AffineTransform_float_3_3
Parameters: 1 -8.32347e-05 0.000264926 8.27651e-05 0.999999 0.000886021 -0.000265073 -0.000885977 0.999999 -0.0275306 -0.0857014 0.0218596
FixedParameters: 0 0 0

#Transform 30
Transform: AffineTransform_float_3_3
Parameters: 1 -0.00016224 0.000264853 0.00016176 0.999999 0.000905043 -0.000265147 -0.000904957 1 -0.0270656 -0.0817707 0.0133192
FixedParameters: 0 0 0

#Transform 31
Transform: AffineTransform_float_3_3
Parameters: 1 -0.000193945 -3.23319e-05 0.000194056 0.999998 0.00171099 3.2668e-05 -0.001711 0.999998 -0.0170018 -0.0776712 0.0607762
FixedParameters: 0 0 0

#Transform 32
Transform: AffineTransform_float_3_3
Parameters: 1 -9.13871e-05 0.000264867 9.16127e-05 0.999999 0.00146102 -0.000265134 -0.00146098 0.999999 -0.00481734 -0.0906382 0.114481
FixedParameters: 0 0 0

#Transform 33
Transform: AffineTransform_float_3_3
Parameters: 1 -7.03103e-05 0.000264918 6.96897e-05 1 0.00117102 -0.000265082 -0.00117098 1 -0.00502495 -0.0832155 0.0999133
FixedParameters: 0 0 0

#Transform 34
Transform: AffineTransform_float_3_3
Parameters: 1 0.000114171 -8.67751e-05 -0.000113828 0.999998 0.00197101 8.72245e-05 -0.00197099 0.999998 0.000658998 -0.102522 0.117973
FixedParameters: 0 0 0

#Transform 35
Transform: AffineTransform_float_3_3
Parameters: 0.999999 6.52402e-05 0.00072516 -6.77593e-05 0.999997 0.00242695 -0.000724837 -0.00242705 0.999997 0.00196875 -0.106648 0.13541
FixedParameters: 0 0 0

#Transform 36
Transform: AffineTransform_float_3_3
Parameters: 1 -2.43251e-05 0.000600948 2.26747e-05 0.999997 0.00220501 -0.000601052 -0.00220499 0.999998 0.00733219 -0.117631 0.128972
FixedParameters: 0 0 0

#Transform 37
Transform: AffineTransform_float_3_3
Parameters: 0.999999 6.32837e-05 0.000725152 -6.47159e-05 0.999997 0.00236695 -0.000724849 -0.00236705 0.999997 0.0067551 -0.120058 0.120732
FixedParameters: 0 0 0

#Transform 38
Transform: AffineTransform_float_3_3
Parameters: 0.999999 8.71618e-05 0.000725223 -8.88375e-05 0.999997 0.00253493 -0.000724777 -0.00253506 0.999996 0.0173262 -0.171174 0.11567
FixedParameters: 0 0 0

#Transform 39
Transform: AffineTransform_float_3_3
Parameters: 0.999999 -0.000174741 0.000953321 0.00017126 0.999993 0.00392317 -0.000953679 -0.00392284 0.999992 0.0217062 -0.15204 0.184639
FixedParameters: 0 0 0

#Transform 40
Transform: AffineTransform_float_3_3
Parameters: 1 2.41037e-05 0.0010551 -2.88959e-05 0.999993 0.00369297 -0.0010549 -0.00369303 0.999992 0.0206752 -0.158726 0.15057
FixedParameters: 0 0 0

#Transform 41
Transform: AffineTransform_float_3_3
Parameters: 0.999999 -0.000140667 0.000899434 0.000136334 0.999991 0.00407612 -0.000899563 -0.00407588 0.999992 0.0220995 -0.152936 0.168335
FixedParameters: 0 0 0

#Transform 42
Transform: AffineTransform_float_3_3
Parameters: 1 -0.00020327 0.00104918 0.000199731 0.999991 0.00406821 -0.00104982 -0.00406779 0.999991 0.0149708 -0.152759 0.15182
FixedParameters: 0 0 0

#Transform 43
Transform: AffineTransform_float_3_3
Parameters: 1 0.000129969 0.00115558 -0.000135029 0.999991 0.00435485 -0.00115442 -0.00435515 0.99999 0.00249936 -0.178451 0.135068
FixedParameters: 0 0 0

#Transform 44
Transform: AffineTransform_float_3_3
Parameters: 0.999999 -0.000199434 0.00138709 0.000193568 0.999989 0.00463628 -0.00138791 -0.00463673 0.999989 0.00110094 -0.195455 0.124042
FixedParameters: 0 0 0

#Transform 45
Transform: AffineTransform_float_3_3
Parameters: 0.999999 0.000734293 0.00127131 -0.000740705 0.999989 0.00449406 -0.00126768 -0.00449493 0.999989 -0.00361117 -0.274271 0.143907
FixedParameters: 0 0 0

#Transform 46
Transform: AffineTransform_float_3_3
Parameters: 1 0.000304354 0.00105224 -0.000312644 0.999973 0.00727367 -0.00104975 -0.00727432 0.999973 0.0282037 -0.26519 0.241919
FixedParameters: 0 0 0

#Transform 47
Transform: AffineTransform_float_3_3
Parameters: 0.999999 0.000140421 0.00126986 -0.000147579 0.999982 0.00596982 -0.00126914 -0.00597019 0.999982 0.0271973 -0.209815 0.190359
FixedParameters: 0 0 0

#Transform 48
Transform: AffineTransform_float_3_3
Parameters: 0.999998 -6.51713e-06 0.00162099 -3.5172e-06 0.999979 0.006488 -0.00162101 -0.006488 0.999977 0.0302257 -0.212368 0.198012
FixedParameters: 0 0 0

#Transform 49
Transform: AffineTransform_float_3_3
Parameters: 0.999999 -0.000196651 0.00130773 0.000188354 0.999978 0.00661225 -0.00130827 -0.00661175 0.999978 0.0381996 -0.217351 0.197703
FixedParameters: 0 0 0

#Transform 50
Transform: AffineTransform_float_3_3
Parameters: 0.999999 -1.22231e-06 0.00135302 -7.22219e-06 0.999981 0.00607699 -0.00135298 -0.006077 0.99998 0.0292463 -0.217737 0.223004
FixedParameters: 0 0 0

#Transform 51
Transform: AffineTransform_float_3_3
Parameters: 0.999999 0.000356659 0.00129804 -0.000364341 0.999984 0.00565953 -0.00129596 -0.00566047 0.999983 0.0244658 -0.21161 0.223967
FixedParameters: 0 0 0

#Transform 52
Transform: AffineTransform_float_3_3
Parameters: 0.999999 -4.45551e-06 0.001776 -5.45549e-06 0.999986 0.005324 -0.001776 -0.005324 0.999985 0.0329135 -0.20957 0.177882
FixedParameters: 0 0 0

#Transform 53
Transform: AffineTransform_float_3_3
Parameters: 0.999999 -8.45189e-05 0.00177545 7.24858e-05 0.999975 0.00704914 -0.00177556 -0.00704986 0.999973 0.033155 -0.252189 0.240272
FixedParameters: 0 0 0

#Transform 54
Transform: AffineTransform_float_3_3
Parameters: 0.999999 -7.6266e-07 0.00177604 -1.17624e-05 0.999974 0.00718599 -0.00177596 -0.00718601 0.999972 0.0362357 -0.258177 0.252226
FixedParameters: 0 0 0

#Transform 55
Transform: AffineTransform_float_3_3
Parameters: 0.999998 -0.000114787 0.00177516 0.000101215 0.99997 0.00776419 -0.00177584 -0.00776481 0.999969 0.0373999 -0.269117 0.285767
FixedParameters: 0 0 0

#Transform 56
Transform: AffineTransform_float_3_3
Parameters: 0.999999 4.94827e-05 0.00177643 -6.35139e-05 0.999971 0.0076099 -0.00177557 -0.0076101 0.99997 0.028697 -0.260508 0.265008
FixedParameters: 0 0 0

#Transform 57
Transform: AffineTransform_float_3_3
Parameters: 0.999998 -2.04429e-05 0.0019259 6.5563e-06 0.999972 0.00749903 -0.0019261 -0.00749897 0.99997 0.0210921 -0.259756 0.265803
FixedParameters: 0 0 0

#Transform 58
Transform: AffineTransform_float_3_3
Parameters: 0.999997 -0.000189694 0.00213658 0.000173304 0.999969 0.00781039 -0.00213842 -0.00781061 0.999967 0.0239318 -0.297183 0.280165
FixedParameters: 0 0 0

#Transform 59
Transform: AffineTransform_float_3_3
Parameters: 0.999995 -0.000889329 0.00278535 0.000865674 0.999961 0.00872345 -0.00279266 -0.00872155 0.999958 0.0732936 -0.283673 0.289296
FixedParameters: 0 0 0

#Transform 60
Transform: AffineTransform_float_3_3
Parameters: 0.999996 -0.000888682 0.00265186 0.000864317 0.999957 0.00929434 -0.00266015 -0.00929168 0.999954 0.0741819 -0.304002 0.2819
FixedParameters: 0 0 0

#Transform 61
Transform: AffineTransform_float_3_3
Parameters: 0.999996 -0.00104491 0.00271643 0.00101709 0.999947 0.0102568 -0.00272657 -0.0102532 0.999943 0.0846565 -0.317338 0.332633
FixedParameters: 0 0 0

#Transform 62
Transform: AffineTransform_float_3_3
Parameters: 0.999994 -0.00117412 0.0032435 0.00113887 0.999941 0.0108088 -0.0032565 -0.0108052 0.999937 0.0890298 -0.313881 0.340961
FixedParameters: 0 0 0

#Transform 63
Transform: AffineTransform_float_3_3
Parameters: 0.999994 -0.00122125 0.00324057 0.00118475 0.999937 0.0111659 -0.00325343 -0.0111621 0.999933 0.0823185 -0.323017 0.355448
FixedParameters: 0 0 0

#Transform 64
Transform: AffineTransform_float_3_3
Parameters: 0.999993 -0.00167443 0.00314137 0.00163857 0.999936 0.0112482 -0.00315962 -0.0112428 0.999932 0.0960589 -0.339363 0.355057
FixedParameters: 0 0 0

#Transform 65
Transform: AffineTransform_float_3_3
Parameters: 0.999993 -0.00164233 0.00332989 0.00160267 0.99993 0.0117784 -0.00334911 -0.0117736 0.999925 0.0912532 -0.329161 0.402691
FixedParameters: 0 0 0

#Transform 66
Transform: AffineTransform_float_3_3
Parameters: 0.999993 -0.00154547 0.00320721 0.00150753 0.999931 0.0116519 -0.00322478 -0.0116471 0.999927 0.100707 -0.329426 0.396288
FixedParameters: 0 0 0

#Transform 67
Transform: AffineTransform_float_3_3
Parameters: 0.999993 -0.00154232 0.00345944 0.00149967 0.999925 0.0122023 -0.00347855 -0.0121977 0.999919 0.0983434 -0.335067 0.424614
FixedParameters: 0 0 0

#Transform 68
Transform: AffineTransform_float_3_3
Parameters: 0.999993 -0.00166135 0.00336289 0.00162064 0.999923 0.0122625 -0.00338312 -0.0122575 0.999919 0.10012 -0.349479 0.414994
FixedParameters: 0 0 0

#Transform 69
Transform: AffineTransform_float_3_3
Parameters: 0.999992 -0.00134746 0.00370006 0.00129954 0.999917 0.0127999 -0.00371694 -0.0127951 0.999911 0.0914676 -0.409271 0.428493
FixedParameters: 0 0 0

#Transform 70
Transform: AffineTransform_float_3_3
Parameters: 0.999992 -0.00160044 0.00363003 0.00155156 0.99991 0.0133087 -0.00365097 -0.0133033 0.999905 0.098968 -0.372668 0.44997
FixedParameters: 0 0 0

#Transform 71
Transform: AffineTransform_float_3_3
Parameters: 0.999992 -0.00131349 0.00360103 0.00126551 0.999912 0.0131576 -0.00361796 -0.0131533 0.999907 0.0942156 -0.382444 0.473886
FixedParameters: 0 0 0

#Transform 72
Transform: AffineTransform_float_3_3
Parameters: 0.999992 -0.00115263 0.00382582 0.00110137 0.999908 0.0134693 -0.00384118 -0.0134647 0.999902 0.0801337 -0.393039 0.452852
FixedParameters: 0 0 0

#Transform 73
Transform: AffineTransform_float_3_3
Parameters: 0.999993 -0.00105741 0.00375892 0.00100559 0.999907 0.0136529 -0.00377308 -0.0136491 0.999899 0.0810319 -0.397168 0.431248
FixedParameters: 0 0 0

#Transform 74
Transform: AffineTransform_float_3_3
Parameters: 0.999991 -0.00157727 0.00377559 0.00152473 0.999904 0.0138059 -0.00379741 -0.0138001 0.999898 0.0931165 -0.397941 0.444341
FixedParameters: 0 0 0

#Transform 75
Transform: AffineTransform_float_3_3
Parameters: 0.999992 -0.00168305 0.00367818 0.00162995 0.999896 0.0143781 -0.00370181 -0.0143719 0.99989 0.0994283 -0.407222 0.471467
FixedParameters: 0 0 0

#Transform 76
Transform: AffineTransform_float_3_3
Parameters: 0.99999 -0.00133777 0.00411335 0.00127923 0.999897 0.0142574 -0.00413165 -0.0142516 0.99989 0.0928251 -0.40428 0.470862
FixedParameters: 0 0 0

#Transform 77
Transform: AffineTransform_float_3_3
Parameters: 0.99999 -0.00144751 0.00409578 0.00138649 0.999887 0.0149808 -0.00411723 -0.0149752 0.99988 0.0917175 -0.424947 0.503962
FixedParameters: 0 0 0

#Transform 78
Transform: AffineTransform_float_3_3
Parameters: 0.99999 -0.00146171 0.00417524 0.0013983 0.999883 0.015221 -0.00419677 -0.015215 0.999876 0.0955861 -0.435969 0.51299
FixedParameters: 0 0 0

#Transform 79
Transform: AffineTransform_float_3_3
Parameters: 0.999989 -0.00156807 0.00446835 0.00149893 0.99988 0.0154209 -0.00449164 -0.0154131 0.999871 0.089678 -0.432915 0.542595
FixedParameters: 0 0 0

#Transform 80
Transform: AffineTransform_float_3_3
Parameters: 0.999987 -0.00133312 0.00489413 0.00125389 0.999869 0.0161333 -0.00491486 -0.0161267 0.999858 0.0663607 -0.433478 0.59389
FixedParameters: 0 0 0

#Transform 81
Transform: AffineTransform_float_3_3
Parameters: 0.999987 -0.00140121 0.0049066 0.0013238 0.999876 0.0157037 -0.00492739 -0.0156973 0.999864 0.063968 -0.432885 0.553771
FixedParameters: 0 0 0

#Transform 82
Transform: AffineTransform_float_3_3
Parameters: 0.999984 -0.00156044 0.0054765 0.00146757 0.999857 0.0168433 -0.00550149 -0.0168347 0.999843 0.0762817 -0.44453 0.599528
FixedParameters: 0 0 0

#Transform 83
Transform: AffineTransform_float_3_3
Parameters: 0.999984 -0.00122606 0.00543225 0.00113493 0.99986 0.0167344 -0.00545275 -0.0167276 0.999845 0.0702377 -0.462205 0.607714
FixedParameters: 0 0 0

#Transform 84
Transform: AffineTransform_float_3_3
Parameters: 0.999985 -0.00165551 0.00521633 0.00156849 0.999862 0.0165464 -0.00524266 -0.0165376 0.999849 0.085208 -0.460201 0.593533
FixedParameters: 0 0 0

#Transform 85
Transform: AffineTransform_float_3_3
Parameters: 0.999984 -0.00182656 0.00521447 0.00174244 0.99987 0.0159853 -0.00524251 -0.0159757 0.999858 0.0935328 -0.501993 0.600052
FixedParameters: 0 0 0

#Transform 86
Transform: AffineTransform_float_3_3
Parameters: 0.999989 -0.00152955 0.00457933 0.00142743 0.999755 0.0220978 -0.00461267 -0.0220912 0.999746 0.0647548 -0.615226 0.781751
FixedParameters: 0 0 0

#Transform 87
Transform: AffineTransform_float_3_3
Parameters: 0.999986 -0.00139238 0.00521233 0.00127163 0.999734 0.023028 -0.00524267 -0.023021 0.999721 0.0924365 -0.496009 0.853218
FixedParameters: 0 0 0

#Transform 88
Transform: AffineTransform_float_3_3
Parameters: 0.999983 -0.00154693 0.00550619 0.00142507 0.999755 0.0220802 -0.00553881 -0.0220718 0.999741 0.0917592 -0.489213 0.800833
FixedParameters: 0 0 0

#Transform 89
Transform: AffineTransform_float_3_3
Parameters: 0.999982 -0.00139635 0.00572007 0.00127164 0.999764 0.0216867 -0.00574892 -0.0216784 0.999749 0.0832377 -0.495676 0.773753
FixedParameters: 0 0 0

#Transform 90
Transform: AffineTransform_float_3_3
Parameters: 0.999981 -0.00140723 0.00608832 0.00127177 0.999753 0.0221592 -0.00611768 -0.0221508 0.999736 0.0821213 -0.517222 0.780465
FixedParameters: 0 0 0

#Transform 91
Transform: AffineTransform_float_3_3
Parameters: 0.99998 -0.00160172 0.00615485 0.00146028 0.999736 0.0229615 -0.00619016 -0.0229516 0.999718 0.0892308 -0.54359 0.813951
FixedParameters: 0 0 0

#Transform 92
Transform: AffineTransform_float_3_3
Parameters: 0.999983 -0.00166201 0.00571653 0.001531 0.999738 0.0228461 -0.00575247 -0.0228368 0.999722 0.092602 -0.555164 0.838066
FixedParameters: 0 0 0

#Transform 93
Transform: AffineTransform_float_3_3
Parameters: 0.999988 -0.000961266 0.00479639 0.000851719 0.999742 0.0227314 -0.0048176 -0.0227266 0.99973 0.101813 -0.520305 0.888012
FixedParameters: 0 0 0

#Transform 94
Transform: AffineTransform_float_3_3
Parameters: 0.999991 -0.000899228 0.00417304 0.000800775 0.999724 0.0234805 -0.00419296 -0.0234774 0.999715 0.0926802 -0.551176 0.893537
FixedParameters: 0 0 0

#Transform 95
Transform: AffineTransform_float_3_3
Parameters: 0.999986 -0.00122364 0.00510804 0.00109136 0.999664 0.0258889 -0.00513797 -0.0258831 0.999652 0.0846829 -0.568873 0.956094
FixedParameters: 0 0 0

#Transform 96
Transform: AffineTransform_float_3_3
Parameters: 0.999987 -0.00128965 0.00494865 0.00116737 0.999694 0.0247071 -0.00497836 -0.0247009 0.999683 0.0884162 -0.582716 0.898475
FixedParameters: 0 0 0

#Transform 97
Transform: AffineTransform_float_3_3
Parameters: 0.999987 -0.00114142 0.00494956 0.00101958 0.9997 0.0244634 -0.00497643 -0.0244586 0.999688 0.106661 -0.594117 0.87824
FixedParameters: 0 0 0

#Transform 98
Transform: AffineTransform_float_3_3
Parameters: 0.999988 -0.00114031 0.00463045 0.0010217 0.999675 0.025474 -0.00465753 -0.025469 0.999665 0.0954983 -0.601135 0.96342
FixedParameters: 0 0 0

#Transform 99
Transform: AffineTransform_float_3_3
Parameters: 0.999986 -0.00143205 0.00521655 0.00129597 0.999662 0.0259901 -0.00525145 -0.0259829 0.999648 0.0923631 -0.605272 0.985472
FixedParameters: 0 0 0

#Transform 100
Transform: AffineTransform_float_3_3
Parameters: 0.999985 -0.00141499 0.00531062 0.001279 0.999674 0.0255242 -0.00534538 -0.0255168 0.99966 0.0896674 -0.621723 0.97367
FixedParameters: 0 0 0

#Transform 101
Transform: AffineTransform_float_3_3
Parameters: 0.999987 -0.00159055 0.00472255 0.00146547 0.999648 0.0264702 -0.00476245 -0.0264627 0.999638 0.0960028 -0.609343 0.986016
FixedParameters: 0 0 0

#Transform 102
Transform: AffineTransform_float_3_3
Parameters: 0.999986 -0.00174559 0.00486678 0.0016164 0.999652 0.0263022 -0.00491121 -0.0262938 0.999642 0.0940687 -0.622964 1.00334
FixedParameters: 0 0 0

#Transform 103
Transform: AffineTransform_float_3_3
Parameters: 0.999989 -0.00180136 0.004435 0.00168164 0.999634 0.0269948 -0.00448202 -0.0269862 0.999625 0.0912597 -0.63516 1.02659
FixedParameters: 0 0 0

#Transform 104
Transform: AffineTransform_float_3_3
Parameters: 0.999991 -0.00153707 0.00396918 0.00142993 0.999638 0.0268399 -0.00400882 -0.0268341 0.999632 0.0790242 -0.636214 1.02657
FixedParameters: 0 0 0

#Transform 105
Transform: AffineTransform_float_3_3
Parameters: 0.99999 -0.00135757 0.00440072 0.00124042 0.999651 0.0263847 -0.00443527 -0.0263783 0.999642 0.0668065 -0.636833 1.01005
FixedParameters: 0 0 0

#Transform 106
Transform: AffineTransform_float_3_3
Parameters: 0.999987 -0.00192708 0.00476721 0.00179892 0.999641 0.0267269 -0.00481679 -0.0267181 0.999632 0.0924699 -0.64376 0.985607
FixedParameters: 0 0 0

#Transform 107
Transform: AffineTransform_float_3_3
Parameters: 0.999985 -0.00192576 0.0051294 0.00179124 0.999657 0.0261496 -0.0051776 -0.0261394 0.999645 0.0880366 -0.690608 0.983277
FixedParameters: 0 0 0

#Transform 108
Transform: AffineTransform_float_3_3
Parameters: 0.999989 -0.00200919 0.00440121 0.00189379 0.99966 0.0260226 -0.00445278 -0.0260134 0.999651 0.0423529 -0.812448 0.964096
FixedParameters: 0 0 0

#Transform 109
Transform: AffineTransform_float_3_3
Parameters: 0.99999 -0.00149826 0.00408256 0.00139175 0.999664 0.0259079 -0.00411943 -0.0259021 0.999656 0.0555955 -0.659809 0.991688
FixedParameters: 0 0 0

#Transform 110
Transform: AffineTransform_float_3_3
Parameters: 0.999993 -0.00152536 0.00337966 0.00143463 0.999645 0.026579 -0.00341934 -0.026574 0.999641 0.0812575 -0.686474 1.0296
FixedParameters: 0 0 0

#Transform 111
Transform: AffineTransform_float_3_3
Parameters: 0.999992 -0.00136023 0.00358429 0.00126578 0.999649 0.0264387 -0.00361873 -0.0264343 0.999644 0.0764877 -0.679346 1.02054
FixedParameters: 0 0 0

#Transform 112
Transform: AffineTransform_float_3_3
Parameters: 0.999992 -0.0016483 0.00369124 0.00154868 0.999641 0.0267439 -0.00373475 -0.0267381 0.999635 0.071291 -0.679878 0.992169
FixedParameters: 0 0 0

#Transform 113
Transform: AffineTransform_float_3_3
Parameters: 0.999993 -0.00156398 0.00360607 0.00146602 0.999634 0.0270165 -0.00364694 -0.0270105 0.999629 0.0685264 -0.693491 0.993994
FixedParameters: 0 0 0

#Transform 114
Transform: AffineTransform_float_3_3
Parameters: 0.999991 -0.00176569 0.00366608 0.00166728 0.99964 0.0267513 -0.00371293 -0.0267447 0.999636 0.0721091 -0.696523 1.00175
FixedParameters: 0 0 0

#Transform 115
Transform: AffineTransform_float_3_3
Parameters: 0.999994 -0.00172526 0.0032167 0.00163873 0.999636 0.0269354 -0.00326232 -0.0269295 0.999632 0.0779597 -0.698109 1.01549
FixedParameters: 0 0 0

#Transform 116
Transform: AffineTransform_float_3_3
Parameters: 0.999992 -0.00177855 0.00337278 0.00168745 0.999643 0.0266619 -0.0034192 -0.0266561 0.999639 0.0775255 -0.701127 1.03073
FixedParameters: 0 0 0

#Transform 117
Transform: AffineTransform_float_3_3
Parameters: 0.999992 -0.00198131 0.00344186 0.00188568 0.99962 0.0274777 -0.00349513 -0.0274713 0.999616 0.0864871 -0.70187 1.06242
FixedParameters: 0 0 0

#Transform 118
Transform: AffineTransform_float_3_3
Parameters: 0.999994 -0.00158607 0.00287582 0.00150992 0.999645 0.0266085 -0.0029172 -0.0266035 0.999642 0.0681247 -0.720857 1.05915
FixedParameters: 0 0 0

#Transform 119
Transform: AffineTransform_float_3_3
Parameters: 0.999995 -0.00177755 0.00268192 0.00170647 0.999648 0.0264507 -0.00272709 -0.0264463 0.999646 0.0702931 -0.707964 1.05844
FixedParameters: 0 0 0

#Transform 120
Transform: AffineTransform_float_3_3
Parameters: 0.999995 -0.00176591 0.00262771 0.0016951 0.99964 0.0267496 -0.00267329 -0.0267444 0.999638 0.0773058 -0.702 1.09163
FixedParameters: 0 0 0

#Transform 121
Transform: AffineTransform_float_3_3
Parameters: 0.999995 -0.00183667 0.00258692 0.00176733 0.999643 0.0266797 -0.00263509 -0.0266753 0.99964 0.076642 -0.725916 1.08576
FixedParameters: 0 0 0

#Transform 122
Transform: AffineTransform_float_3_3
Parameters: 0.999994 -0.00193494 0.00306967 0.00185105 0.99963 0.0271158 -0.00312134 -0.0271101 0.999627 0.0726556 -0.737397 1.07795
FixedParameters: 0 0 0

#Transform 123
Transform: AffineTransform_float_3_3
Parameters: 0.999993 -0.00193194 0.00302357 0.00184907 0.999629 0.0271988 -0.00307442 -0.0271932 0.999625 0.0747835 -0.752782 1.07603
FixedParameters: 0 0 0

#Transform 124
Transform: AffineTransform_float_3_3
Parameters: 0.999994 -0.00192989 0.00292012 0.00184911 0.999622 0.0274556 -0.00297188 -0.0274504 0.999619 0.0818825 -0.763132 1.07321
FixedParameters: 0 0 0

#Transform 125
Transform: AffineTransform_float_3_3
Parameters: 0.999995 -0.00198762 0.00253315 0.00191739 0.999617 0.027581 -0.00258686 -0.027576 0.999617 0.0804815 -0.783983 1.08601
FixedParameters: 0 0 0

#Transform 126
Transform: AffineTransform_float_3_3
Parameters: 0.999995 -0.00164951 0.00276578 0.00157248 0.999622 0.0274415 -0.00281021 -0.0274375 0.999619 0.0490496 -0.793074 1.10106
FixedParameters: 0 0 0

#Transform 127
Transform: AffineTransform_float_3_3
Parameters: 0.999993 -0.0020087 0.00296971 0.00192629 0.999618 0.0275939 -0.0030243 -0.0275881 0.999615 0.0726789 -0.801569 1.10507
FixedParameters: 0 0 0

#Transform 128
Transform: AffineTransform_float_3_3
Parameters: 0.999994 -0.00172276 0.00280614 0.00164325 0.999612 0.0278298 -0.00285283 -0.0278252 0.999608 0.074523 -0.810551 1.10677
FixedParameters: 0 0 0

#Transform 129
Transform: AffineTransform_float_3_3
Parameters: 0.999994 -0.0018416 0.00296204 0.0017574 0.999598 0.0283164 -0.00301296 -0.0283106 0.999594 0.0725914 -0.816187 1.12128
FixedParameters: 0 0 0

#Transform 130
Transform: AffineTransform_float_3_3
Parameters: 0.999994 -0.00203863 0.00279053 0.00195838 0.999599 0.0282476 -0.00284645 -0.0282424 0.999597 0.0673816 -0.827266 1.12626
FixedParameters: 0 0 0

#Transform 131
Transform: AffineTransform_float_3_3
Parameters: 0.999994 -0.00204091 0.003037 0.00195409 0.999606 0.0280261 -0.00309298 -0.0280209 0.999602 0.0776559 -0.83432 1.11722
FixedParameters: 0 0 0

#Transform 132
Transform: AffineTransform_float_3_3
Parameters: 0.999994 -0.00203634 0.00284042 0.00195465 0.999596 0.0283507 -0.00289757 -0.0283453 0.999594 0.0805209 -0.842582 1.11436
FixedParameters: 0 0 0

#Transform 133
Transform: AffineTransform_float_3_3
Parameters: 0.999993 -0.00204387 0.00308799 0.00195413 0.999591 0.0285122 -0.00314499 -0.0285057 0.999588 0.0761749 -0.833102 1.12719
FixedParameters: 0 0 0

#Transform 134
Transform: AffineTransform_float_3_3
Parameters: 0.999993 -0.00212908 0.00300788 0.00204292 0.999597 0.0283373 -0.00306712 -0.0283307 0.999594 0.0810697 -0.834145 1.12642
FixedParameters: 0 0 0

#Transform 135
Transform: AffineTransform_float_3_3
Parameters: 0.999993 -0.00227619 0.00275341 0.00219682 0.999594 0.0284292 -0.00281658 -0.0284228 0.999592 0.0852855 -0.838639 1.11432
FixedParameters: 0 0 0

#Transform 136
Transform: AffineTransform_float_3_3
Parameters: 0.999994 -0.00227332 0.00266985 0.00219667 0.999598 0.028249 -0.00273314 -0.028243 0.999598 0.0879296 -0.858951 1.10923
FixedParameters: 0 0 0

#Transform 137
Transform: AffineTransform_float_3_3
Parameters: 0.999995 -0.00210351 0.00260328 0.00202947 0.999608 0.0279244 -0.00266171 -0.0279195 0.999606 0.0931997 -0.864484 1.13062
FixedParameters: 0 0 0

#Transform 138
Transform: AffineTransform_float_3_3
Parameters: 0.999994 -0.00208936 0.00248653 0.00201862 0.999606 0.0279711 -0.00254445 -0.0279658 0.999605 0.0881255 -0.861223 1.12361
FixedParameters: 0 0 0

#Transform 139
Transform: AffineTransform_float_3_3
Parameters: 0.999995 -0.00183892 0.00251056 0.00176807 0.999608 0.0279656 -0.00256144 -0.0279614 0.999605 0.0815988 -0.867262 1.11964
FixedParameters: 0 0 0

#Transform 140
Transform: AffineTransform_float_3_3
Parameters: 0.999994 -0.00212868 0.00251853 0.00205534 0.99958 0.0289033 -0.00257848 -0.0288987 0.999579 0.0916952 -0.874485 1.1567
FixedParameters: 0 0 0

#Transform 141
Transform: AffineTransform_float_3_3
Parameters: 0.999994 -0.00221673 0.00284674 0.00213329 0.999574 0.0290862 -0.00290927 -0.0290797 0.999573 0.0951929 -0.872866 1.14121
FixedParameters: 0 0 0

#Transform 142
Transform: AffineTransform_float_3_3
Parameters: 0.999994 -0.0023917 0.0027338 0.00230929 0.999552 0.0298645 -0.00280421 -0.0298575 0.99955 0.105252 -0.87087 1.14651
FixedParameters: 0 0 0

#Transform 143
Transform: AffineTransform_float_3_3
Parameters: 0.999995 -0.00220221 0.00250639 0.00212377 0.999523 0.0307905 -0.00257361 -0.0307845 0.999522 0.107581 -0.893551 1.15112
FixedParameters: 0 0 0

#Transform 144
Transform: AffineTransform_float_3_3
Parameters: 0.999994 -0.0027846 0.00212812 0.00271638 0.999498 0.031583 -0.00221589 -0.031577 0.999499 0.123847 -0.900991 1.16041
FixedParameters: 0 0 0

#Transform 145
Transform: AffineTransform_float_3_3
Parameters: 0.999994 -0.00202124 0.00277315 0.00193477 0.999525 0.0307556 -0.00283384 -0.0307505 0.999523 0.105124 -0.89495 1.23662
FixedParameters: 0 0 0

#Transform 146
Transform: AffineTransform_float_3_3
Parameters: 0.999993 -0.00197354 0.00312934 0.00187947 0.99955 0.0299311 -0.00318668 -0.0299249 0.999547 0.093345 -0.89029 1.16803
FixedParameters: 0 0 0

#Transform 147
Transform: AffineTransform_float_3_3
Parameters: 0.999993 -0.00196903 0.00300388 0.00187897 0.999557 0.0296848 -0.00306112 -0.0296791 0.999555 0.108402 -0.878182 1.14574
FixedParameters: 0 0 0

#Transform 148
Transform: AffineTransform_float_3_3
Parameters: 0.999994 -0.00263156 0.00235535 0.00255941 0.999537 0.0302992 -0.00243466 -0.0302928 0.999538 0.114895 -0.898433 1.16568
FixedParameters: 0 0 0

#Transform 149
Transform: AffineTransform_float_3_3
Parameters: 0.999993 -0.00220334 0.0029578 0.00211265 0.999542 0.0302065 -0.00302319 -0.0302006 0.99954 0.103905 -0.9098 1.16409
FixedParameters: 0 0 0

#Transform 150
Transform: AffineTransform_float_3_3
Parameters: 0.999993 -0.00269646 0.00256085 0.00261753 0.99953 0.0305419 -0.00264217 -0.0305341 0.99953 0.110012 -0.924568 1.16093
FixedParameters: 0 0 0

#Transform 151
Transform: AffineTransform_float_3_3
Parameters: 0.999994 -0.00305158 0.00178312 0.00299642 0.999534 0.0303825 -0.0018749 -0.0303775 0.999536 0.121497 -0.929651 1.10204
FixedParameters: 0 0 0

#Transform 152
Transform: AffineTransform_float_3_3
Parameters: 0.999994 -0.00307919 0.0015349 0.0030318 0.999531 0.0304699 -0.00162813 -0.0304652 0.999535 0.134573 -0.969543 1.06476
FixedParameters: 0 0 0

#Transform 153
Transform: AffineTransform_float_3_3
Parameters: 0.999993 -0.0031351 0.00171068 0.00307992 0.999505 0.0313125 -0.00180732 -0.0313065 0.999508 0.133277 -0.991104 1.17632
FixedParameters: 0 0 0

#Transform 154
Transform: AffineTransform_float_3_3
Parameters: 0.999994 -0.00259882 0.00203233 0.00253719 0.999551 0.0298523 -0.00210868 -0.0298477 0.999552 0.115485 -0.928996 1.15141
FixedParameters: 0 0 0

#Transform 155
Transform: AffineTransform_float_3_3
Parameters: 0.999996 -0.00253088 0.00170397 0.00247812 0.999536 0.0303524 -0.00178003 -0.0303486 0.999538 0.116817 -0.944307 1.17521
FixedParameters: 0 0 0
