#Insight Transform File V1.0
#Transform 0
Transform: AffineTransform_float_3_3
Parameters: 0.999998 0.0015536 0.00105459 -0.0015544 0.999998 0.000378361 -0.00105441 -0.000379639 1 -0.0566739 0.0416016 0.03661
FixedParameters: 0 0 0

#Transform 1
Transform: AffineTransform_float_3_3
Parameters: 1 0.00104291 0.000486195 -0.00104309 1 0.000186493 -0.000485805 -0.000187507 1 -0.0528368 0.0179115 -0.013836
FixedParameters: 0 0 0

#Transform 2
Transform: AffineTransform_float_3_3
Parameters: 0.999999 0.0014223 0.00100957 -0.0014217 0.999999 -0.000302436 -0.00100943 0.000300565 1 -0.0672653 0.0203663 -0.0649314
FixedParameters: 0 0 0

#Transform 3
Transform: AffineTransform_float_3_3
Parameters: 0.999999 0.000963471 0.00123585 -0.000962527 0.999999 -0.00119119 -0.00123715 0.00118981 0.999998 -0.0478697 0.0253091 -0.0382871
FixedParameters: 0 0 0

#Transform 4
Transform: AffineTransform_float_3_3
Parameters: 0.999999 0.00122395 0.000845629 -0.00122305 0.999998 -0.00112104 -0.000846371 0.00111996 0.999999 -0.0227228 0.0455923 0.0209181
FixedParameters: 0 0 0

#Transform 5
Transform: AffineTransform_float_3_3
Parameters: 0.999999 0.00104429 0.000947579 -0.00104271 0.999998 -0.00136199 -0.00094942 0.00136101 0.999998 -0.0255241 0.0485571 0.0168636
FixedParameters: 0 0 0

#Transform 6
Transform: AffineTransform_float_3_3
Parameters: 0.999999 0.00104401 0.000845752 -0.00104299 0.999998 -0.00119688 -0.000846249 0.00119612 0.999999 -0.033289 0.0261037 0.0195876
FixedParameters: 0 0 0

#Transform 7
Transform: AffineTransform_float_3_3
Parameters: 0.999998 0.00136226 0.000868598 -0.00136274 0.999999 -0.000295184 -0.000869401 0.000293816 0.999999 0.0834373 0.0499993 0.0986432
FixedParameters: 0 0 0

#Transform 8
Transform: AffineTransform_float_3_3
Parameters: 0.999999 0.000817234 0.000519631 -0.000817765 1 -0.000451425 -0.000520368 0.000450575 1 0.0427429 0.0544824 0.075996
FixedParameters: 0 0 0

#Transform 9
Transform: AffineTransform_float_3_3
Parameters: 1 0.000522271 0.000316552 -0.000521729 0.999999 -0.000857165 -0.000316447 0.000856834 0.999999 0.0187321 0.0361618 0.0994044
FixedParameters: 0 0 0

#Transform 10
Transform: AffineTransform_float_3_3
Parameters: 1 0.000319228 0.000232687 -0.000318772 0.999999 -0.000979073 -0.000233312 0.000978925 0.999999 0.0424313 0.029769 0.0971193
FixedParameters: 0 0 0

#Transform 11
Transform: AffineTransform_float_3_3
Parameters: 1 0.000345976 -8.20993e-05 -0.000346024 1 -0.000286972 8.29007e-05 0.000287029 1 0.0137451 0.0543744 -0.0676423
FixedParameters: 0 0 0

#Transform 12
Transform: AffineTransform_float_3_3
Parameters: 1 0.000395001 -1.59783e-05 -0.000394999 1 5.50063e-05 1.60217e-05 -5.49937e-05 1 0.0386172 0.010301 0.0935359
FixedParameters: 0 0 0

#Transform 13
Transform: AffineTransform_float_3_3
Parameters: 0.999999 0.000762128 -0.000282652 -0.000761871 0.999999 0.000456215 0.000282347 -0.000455785 1 0.0318065 0.0398284 0.17519
FixedParameters: 0 0 0

#Transform 14
Transform: AffineTransform_float_3_3
Parameters: 1 0.000338907 0.000218144 -0.000339093 1 0.000425926 -0.000217856 -0.000426074 1 0.0165545 0.0492045 0.143146
FixedParameters: 0 0 0

#Transform 15
Transform: AffineTransform_float_3_3
Parameters: 1 0.000338573 0.00100115 -0.000339426 1 0.000425661 -0.00100086 -0.000426339 1 -0.00790253 0.0362016 0.0768822
FixedParameters: 0 0 0

#Transform 16
Transform: AffineTransform_float_3_3
Parameters: 1 -0.000220627 0.000401205 0.000220373 0.999999 -0.000929911 -0.000400795 0.000930088 0.999999 -0.0100671 -0.00210186 0.0195162
FixedParameters: 0 0 0

#Transform 17
Transform: AffineTransform_float_3_3
Parameters: 1 -0.000160674 0.00040213 0.000161326 0.999999 -0.000810935 -0.000401869 0.000810064 0.999999 -0.000595313 0.0130698 0.0514093
FixedParameters: 0 0 0

#Transform 18
Transform: AffineTransform_float_3_3
Parameters: 1 -2.58103e-05 0.000434011 2.61896e-05 1 -0.000436989 -0.000433988 0.000437011 1 0.00543477 0.0201462 0.0646056
FixedParameters: 0 0 0

#Transform 19
Transform: AffineTransform_float_3_3
Parameters: 1 0.000307019 6.79131e-05 -0.000306981 1 -0.000283021 -6.80869e-05 0.000282979 1 0.00149457 0.0166452 0.0122597
FixedParameters: 0 0 0

#Transform 20
Transform: AffineTransform_float_3_3
Parameters: 1 -7.10094e-05 6.79902e-05 7.09906e-05 1 0.000138005 -6.80098e-05 -0.000137995 1 -0.00430451 0.0111448 -0.0235075
FixedParameters: 0 0 0

#Transform 21
Transform: AffineTransform_float_3_3
Parameters: 0.999999 -6.75728e-05 0.000791785 6.54264e-05 0.999994 0.00324905 -0.000792217 -0.00324895 0.999995 0.0403772 0.209785 0.632193
FixedParameters: 0 0 0

#Transform 22
Transform: AffineTransform_float_3_3
Parameters: 1 -0.000178451 0.000299732 0.000177549 0.999999 0.00150405 -0.000300267 -0.00150395 0.999999 0.039805 0.182127 0.527136
FixedParameters: 0 0 0

#Transform 23
Transform: AffineTransform_float_3_3
Parameters: 1 0.000363075 0.000174843 -0.000363924 1 -0.000431064 -0.000175157 0.000430936 1 0.0205155 0.0571365 0.200814
FixedParameters: 0 0 0

#Transform 24
Transform: AffineTransform_float_3_3
Parameters: 1 0.000340975 0.000175049 -0.000341025 1 0.00014494 -0.000174951 -0.00014406 1 0.019207 0.0810793 0.199741
FixedParameters: 0 0 0

#Transform 25
Transform: AffineTransform_float_3_3
Parameters: 1 0.000319964 9.51222e-05 -0.000319036 1 0.00038197 -9.48781e-05 -0.00038203 1 0.0162606 0.0525489 0.166186
FixedParameters: 0 0 0

#Transform 26
Transform: AffineTransform_float_3_3
Parameters: 1 0.00029402 0.000174967 -0.00029398 1 -0.000113051 -0.000175033 0.000112949 1 0.0158616 0.0528276 0.256284
FixedParameters: 0 0 0

#Transform 27
Transform: AffineTransform_float_3_3
Parameters: 0.999999 0.000696979 0.000175082 -0.00069702 1 0.000117878 -0.000174918 -0.000118122 1 0.0122371 0.0487143 0.207106
FixedParameters: 0 0 0

#Transform 28
Transform: AffineTransform_float_3_3
Parameters: 1 0.000541962 0.000175117 -0.000542038 1 0.000215905 -0.000174883 -0.000216095 1 0.00614361 0.0590988 0.207594
FixedParameters: 0 0 0

#Transform 29
Transform: AffineTransform_float_3_3
Parameters: 1 0.000385025 -4.37763e-05 -0.000384975 1 0.000581017 4.32237e-05 -0.000580983 1 -0.00322204 0.0356605 0.17371
FixedParameters: 0 0 0

#Transform 30
Transform: AffineTransform_float_3_3
Parameters: 1 0.000656144 -0.000123233 -0.000655856 0.999999 0.00116908 0.000123767 -0.00116892 1 -0.00775577 0.0372514 0.17912
FixedParameters: 0 0 0

#Transform 31
Transform: AffineTransform_float_3_3
Parameters: 0.999999 0.000763421 -0.000398193 -0.000762579 0.999999 0.0010573 0.000398806 -0.0010567 1 -0.00913878 0.0339064 0.231265
FixedParameters: 0 0 0

#Transform 32
Transform: AffineTransform_float_3_3
Parameters: 0.999999 0.00123502 -0.000650955 -0.00123498 0.999999 3.6804e-05 0.000651045 -3.6196e-05 1 -0.0681904 0.0945732 0.303189
FixedParameters: 0 0 0

#Transform 33
Transform: AffineTransform_float_3_3
Parameters: 0.999998 0.00165322 -0.00053831 -0.00165277 0.999998 0.00041789 0.00053869 -0.00041711 1 -0.0950439 0.0445286 0.203074
FixedParameters: 0 0 0

#Transform 34
Transform: AffineTransform_float_3_3
Parameters: 0.999998 0.0016533 -0.000408781 -0.0016527 0.999999 0.000737677 0.000410219 -0.000737323 0.999999 -0.0349459 0.0334808 0.241985
FixedParameters: 0 0 0

#Transform 35
Transform: AffineTransform_float_3_3
Parameters: 0.999998 0.00177297 -0.000904097 -0.00177203 0.999998 0.0010746 0.000905904 -0.0010734 0.999999 -0.0638682 0.0198572 0.247274
FixedParameters: 0 0 0

#Transform 36
Transform: AffineTransform_float_3_3
Parameters: 0.999997 0.0021329 -0.00114447 -0.0021311 0.999997 0.00165544 0.00114853 -0.00165356 0.999998 -0.0569144 0.0300937 0.281194
FixedParameters: 0 0 0

#Transform 37
Transform: AffineTransform_float_3_3
Parameters: 0.999994 0.00302644 -0.00180824 -0.00302255 0.999993 0.00190548 0.00181375 -0.00189952 0.999996 -0.0876349 0.0297708 0.25815
FixedParameters: 0 0 0

#Transform 38
Transform: AffineTransform_float_3_3
Parameters: 0.999996 0.00247579 -0.00134488 -0.00247321 0.999995 0.00206933 0.00135012 -0.00206567 0.999997 -0.110567 0.0283704 0.250541
FixedParameters: 0 0 0

#Transform 39
Transform: AffineTransform_float_3_3
Parameters: 0.999996 0.00245413 -0.00149989 -0.00245087 0.999995 0.00208568 0.00150511 -0.00208231 0.999996 -0.110692 0.0147692 0.199279
FixedParameters: 0 0 0

#Transform 40
Transform: AffineTransform_float_3_3
Parameters: 0.999995 0.00278798 -0.00143623 -0.00278502 0.999994 0.00207101 0.00144177 -0.00206699 0.999997 -0.11282 -0.0231769 0.167863
FixedParameters: 0 0 0

#Transform 41
Transform: AffineTransform_float_3_3
Parameters: 0.999996 0.00275789 -0.0013702 -0.00275511 0.999994 0.00210478 0.0013758 -0.00210122 0.999997 -0.105497 -0.0262164 0.222913
FixedParameters: 0 0 0

#Transform 42
Transform: AffineTransform_float_3_3
Parameters: 0.999997 0.00246983 -0.00104469 -0.00246818 0.999996 0.00174659 0.00104831 -0.00174342 0.999998 -0.118331 -0.0277374 0.228121
FixedParameters: 0 0 0

#Transform 43
Transform: AffineTransform_float_3_3
Parameters: 0.999997 0.00211935 -0.000696905 -0.00211765 0.999996 0.00193348 0.000701093 -0.00193152 0.999998 -0.113089 -0.0187354 0.241157
FixedParameters: 0 0 0

#Transform 44
Transform: AffineTransform_float_3_3
Parameters: 0.999997 0.00205317 -0.000698567 -0.00205183 0.999996 0.00167344 0.000701432 -0.00167156 0.999999 -0.14882 -0.02002 0.199792
FixedParameters: 0 0 0

#Transform 45
Transform: AffineTransform_float_3_3
Parameters: 0.999998 0.00190222 -0.000771004 -0.00190178 0.999997 0.00157647 0.000773997 -0.00157453 0.999999 -0.139778 -0.0188683 0.215569
FixedParameters: 0 0 0

#Transform 46
Transform: AffineTransform_float_3_3
Parameters: 0.999999 0.00157737 -0.000913642 -0.00157563 0.999997 0.00149644 0.000916359 -0.00149556 0.999999 -0.132343 0.0402402 0.259098
FixedParameters: 0 0 0

#Transform 47
Transform: AffineTransform_float_3_3
Parameters: 0.999999 0.00135246 -0.000682104 -0.00135054 0.999997 0.00214292 0.000684895 -0.00214208 0.999998 -0.142493 0.0390441 0.254292
FixedParameters: 0 0 0

#Transform 48
Transform: AffineTransform_float_3_3
Parameters: 0.999999 0.00136743 -0.000537376 -0.00136557 0.999995 0.00265174 0.000540623 -0.00265126 0.999997 -0.151947 0.0381898 0.228141
FixedParameters: 0 0 0

#Transform 49
Transform: AffineTransform_float_3_3
Parameters: 0.999999 0.00157813 -4.14188e-05 -0.00157787 0.999994 0.00290307 4.65807e-05 -0.00290293 0.999996 -0.15926 0.00924232 0.241423
FixedParameters: 0 0 0

#Transform 50
Transform: AffineTransform_float_3_3
Parameters: 0.999998 0.0015489 -0.000338909 -0.0015481 0.999996 0.00264253 0.000343092 -0.00264247 0.999997 -0.133532 0.025636 0.289862
FixedParameters: 0 0 0

#Transform 51
Transform: AffineTransform_float_3_3
Parameters: 0.999998 0.00215186 -0.000731553 -0.00215014 0.999995 0.00253358 0.000737448 -0.00253142 0.999997 -0.160538 -0.0894504 0.317305
FixedParameters: 0 0 0

#Transform 52
Transform: AffineTransform_float_3_3
Parameters: 0.999997 0.0025684 -0.000650527 -0.00256661 0.999995 0.00213268 0.000655475 -0.00213133 0.999998 -0.157431 -0.0483805 0.163893
FixedParameters: 0 0 0

#Transform 53
Transform: AffineTransform_float_3_3
Parameters: 0.999999 0.00168112 -0.000633417 -0.00167888 0.999993 0.00332407 0.000639584 -0.00332293 0.999995 -0.101431 0.104639 0.469341
FixedParameters: 0 0 0

#Transform 54
Transform: AffineTransform_float_3_3
Parameters: 0.999998 0.00184369 -0.000663567 -0.00184131 0.99999 0.00403523 0.000670434 -0.00403377 0.999991 -0.0920763 0.0359668 0.440351
FixedParameters: 0 0 0

#Transform 55
Transform: AffineTransform_float_3_3
Parameters: 0.999998 0.00166585 -0.000978468 -0.00166215 0.999991 0.00392663 0.000984533 -0.00392537 0.999992 -0.0848729 -0.00643345 0.360916
FixedParameters: 0 0 0

#Transform 56
Transform: AffineTransform_float_3_3
Parameters: 0.999989 0.00310256 -0.00368365 -0.00309544 0.999993 0.00205543 0.00369036 -0.00204457 0.999991 -0.0509163 -0.164235 0.137411
FixedParameters: 0 0 0

#Transform 57
Transform: AffineTransform_float_3_3
Parameters: 0.99998 0.00433748 -0.00449839 -0.00431552 0.99998 0.00477251 0.00451961 -0.00475349 0.999979 -0.0579158 -0.345542 -0.0363516
FixedParameters: 0 0 0

#Transform 58
Transform: AffineTransform_float_3_3
Parameters: 0.999984 0.00313163 -0.00457206 -0.00311937 0.999992 0.0025483 0.00457994 -0.0025337 0.999987 -0.09103 -0.314199 -0.205299
FixedParameters: 0 0 0

#Transform 59
Transform: AffineTransform_float_3_3
Parameters: 0.999994 0.00213739 -0.00254499 -0.0021356 0.999998 0.000943441 0.00254701 -0.000937562 0.999997 -0.0332209 -0.10681 0.292081
FixedParameters: 0 0 0

#Transform 60
Transform: AffineTransform_float_3_3
Parameters: 0.999993 0.00196313 -0.00335634 -0.00196187 0.999998 0.000339587 0.00335666 -0.000333413 0.999995 -0.0684419 -0.0603359 0.300181
FixedParameters: 0 0 0

#Transform 61
Transform: AffineTransform_float_3_3
Parameters: 0.999993 0.0021094 -0.00331174 -0.0021086 0.999998 0.000124984 0.00331226 -0.000118014 0.999994 -0.0637364 -0.0640439 0.3491
FixedParameters: 0 0 0

#Transform 62
Transform: AffineTransform_float_3_3
Parameters: 0.999991 0.00303907 -0.00292501 -0.00304093 0.999995 -0.000656111 0.00292299 0.000664889 0.999995 -0.0260859 -0.132379 0.176051
FixedParameters: 0 0 0

#Transform 63
Transform: AffineTransform_float_3_3
Parameters: 0.999997 0.00233853 -0.000276994 -0.00233847 0.999996 -0.00170736 0.000273008 0.00170764 0.999998 -0.139696 -0.0732146 0.236631
FixedParameters: 0 0 0

#Transform 64
Transform: AffineTransform_float_3_3
Parameters: 0.999996 0.00210352 -0.00162352 -0.00210648 0.999995 -0.00214359 0.00161949 0.00214641 0.999997 -0.124636 -0.0302045 0.403649
FixedParameters: 0 0 0

#Transform 65
Transform: AffineTransform_float_3_3
Parameters: 0.999995 0.0012945 -0.00263419 -0.0013035 0.999994 -0.00322758 0.0026298 0.00323142 0.999992 -0.104841 -0.0341131 0.411483
FixedParameters: 0 0 0

#Transform 66
Transform: AffineTransform_float_3_3
Parameters: 0.999994 0.00102435 -0.00331999 -0.00103365 0.999995 -0.00290659 0.00331701 0.00291042 0.999991 -0.0808468 -0.0596665 0.375374
FixedParameters: 0 0 0

#Transform 67
Transform: AffineTransform_float_3_3
Parameters: 0.999993 0.000875999 -0.00378356 -0.000886999 0.999996 -0.00290667 0.00378044 0.00291033 0.999988 -0.0926064 -0.0573685 0.394573
FixedParameters: 0 0 0

#Transform 68
Transform: AffineTransform_float_3_3
Parameters: 0.999992 0.000984275 -0.00386075 -0.000994726 0.999995 -0.00277718 0.00385825 0.00278082 0.999988 -0.0755084 -0.0271917 0.40107
FixedParameters: 0 0 0

#Transform 69
Transform: AffineTransform_float_3_3
Parameters: 0.999992 0.00137627 -0.00378255 -0.00138573 0.999995 -0.00257078 0.00377844 0.00257622 0.999989 -0.0804027 -0.0348953 0.405784
FixedParameters: 0 0 0

#Transform 70
Transform: AffineTransform_float_3_3
Parameters: 0.999993 0.00140832 -0.00367611 -0.00141868 0.999995 -0.00290481 0.00367189 0.00291019 0.999989 -0.0856173 -0.0159864 0.421719
FixedParameters: 0 0 0

#Transform 71
Transform: AffineTransform_float_3_3
Parameters: 0.99999 0.001648 -0.00419833 -0.001659 0.999995 -0.00261806 0.00419366 0.00262494 0.999988 -0.100109 -0.0489354 0.429154
FixedParameters: 0 0 0

#Transform 72
Transform: AffineTransform_float_3_3
Parameters: 0.999991 0.00106621 -0.00405712 -0.0010778 0.999995 -0.00290565 0.00405488 0.00291035 0.999987 -0.110805 -0.0398964 0.430407
FixedParameters: 0 0 0

#Transform 73
Transform: AffineTransform_float_3_3
Parameters: 0.99999 0.00151448 -0.00407368 -0.00152652 0.999994 -0.00307381 0.00406832 0.00307919 0.999987 -0.121852 -0.0603557 0.4428
FixedParameters: 0 0 0

#Transform 74
Transform: AffineTransform_float_3_3
Parameters: 0.99999 0.00159757 -0.00434271 -0.00161244 0.999993 -0.00355304 0.0043373 0.00355997 0.999985 -0.103494 -0.104048 0.431218
FixedParameters: 0 0 0

#Transform 75
Transform: AffineTransform_float_3_3
Parameters: 0.999989 0.00186823 -0.00442869 -0.00188477 0.999992 -0.00355969 0.00442231 0.0035683 0.999984 -0.104659 -0.0876164 0.419876
FixedParameters: 0 0 0

#Transform 76
Transform: AffineTransform_float_3_3
Parameters: 0.999988 0.0024468 -0.00437709 -0.0024622 0.99999 -0.00369827 0.00436791 0.00370973 0.999983 -0.131545 -0.118682 0.408709
FixedParameters: 0 0 0

#Transform 77
Transform: AffineTransform_float_3_3
Parameters: 0.999988 0.00254479 -0.00435651 -0.00256121 0.99999 -0.00371989 0.00434649 0.00373111 0.999983 -0.135567 -0.118774 0.37672
FixedParameters: 0 0 0

#Transform 78
Transform: AffineTransform_float_3_3
Parameters: 0.999988 0.00237845 -0.00443991 -0.00239456 0.99999 -0.00372742 0.0044311 0.00373759 0.999983 -0.132858 -0.0945453 0.458469
FixedParameters: 0 0 0

#Transform 79
Transform: AffineTransform_float_3_3
Parameters: 0.999984 0.00280638 -0.0048983 -0.00282562 0.999988 -0.00400422 0.00488671 0.00401778 0.99998 -0.143056 -0.103856 0.508157
FixedParameters: 0 0 0

#Transform 80
Transform: AffineTransform_float_3_3
Parameters: 0.999983 0.00252927 -0.00522759 -0.00254973 0.999989 -0.00377073 0.00521841 0.00378426 0.999979 -0.134364 -0.0907327 0.541283
FixedParameters: 0 0 0

#Transform 81
Transform: AffineTransform_float_3_3
Parameters: 0.999986 0.00278713 -0.00436061 -0.00279987 0.999993 -0.00271883 0.00435338 0.00273117 0.999987 -0.140159 -0.0975142 0.519829
FixedParameters: 0 0 0

#Transform 82
Transform: AffineTransform_float_3_3
Parameters: 0.999983 0.00297035 -0.00500472 -0.00298465 0.999992 -0.00292211 0.00499628 0.00293689 0.999983 -0.142239 -0.10607 0.528989
FixedParameters: 0 0 0

#Transform 83
Transform: AffineTransform_float_3_3
Parameters: 0.999974 0.00262978 -0.00671033 -0.00265622 0.999989 -0.00390128 0.00669966 0.00391972 0.99997 -0.184987 -0.0991908 0.667026
FixedParameters: 0 0 0

#Transform 84
Transform: AffineTransform_float_3_3
Parameters: 0.999981 0.00264066 -0.0055597 -0.00266034 0.99999 -0.00365328 0.0055503 0.00366872 0.999978 -0.195186 -0.123855 0.58146
FixedParameters: 0 0 0

#Transform 85
Transform: AffineTransform_float_3_3
Parameters: 0.999974 0.00251677 -0.00667224 -0.00254922 0.999985 -0.00482511 0.00665975 0.00484289 0.999966 -0.192368 -0.122262 0.650329
FixedParameters: 0 0 0

#Transform 86
Transform: AffineTransform_float_3_3
Parameters: 0.999975 0.002519 -0.00662049 -0.00254901 0.999987 -0.00452724 0.00660951 0.00454376 0.999968 -0.206872 -0.111479 0.665084
FixedParameters: 0 0 0

#Transform 87
Transform: AffineTransform_float_3_3
Parameters: 0.999972 0.00221208 -0.00708236 -0.00224492 0.999986 -0.00464323 0.00707263 0.00465877 0.999964 -0.197339 -0.122917 0.673328
FixedParameters: 0 0 0

#Transform 88
Transform: AffineTransform_float_3_3
Parameters: 0.999971 0.00188382 -0.00741228 -0.00192018 0.999987 -0.00487691 0.00740271 0.00489109 0.99996 -0.188859 -0.123006 0.70715
FixedParameters: 0 0 0

#Transform 89
Transform: AffineTransform_float_3_3
Parameters: 0.999965 0.00167766 -0.00821497 -0.00172034 0.999984 -0.00527205 0.00820603 0.00528595 0.999953 -0.181299 -0.12249 0.732445
FixedParameters: 0 0 0

#Transform 90
Transform: AffineTransform_float_3_3
Parameters: 0.999963 0.00220303 -0.00838288 -0.00224396 0.999985 -0.00488037 0.00837113 0.00489962 0.999953 -0.193141 -0.139179 0.689494
FixedParameters: 0 0 0

#Transform 91
Transform: AffineTransform_float_3_3
Parameters: 0.999959 0.00224938 -0.00870912 -0.00229162 0.999986 -0.00488724 0.00869788 0.00490677 0.99995 -0.188519 -0.124514 0.693817
FixedParameters: 0 0 0

#Transform 92
Transform: AffineTransform_float_3_3
Parameters: 0.999954 0.00264609 -0.00914176 -0.00268391 0.999989 -0.00402765 0.00913023 0.00405234 0.99995 -0.174472 -0.107082 0.712367
FixedParameters: 0 0 0

#Transform 93
Transform: AffineTransform_float_3_3
Parameters: 0.999966 0.0035572 -0.00753853 -0.0035708 0.999992 -0.00181714 0.00753247 0.00184486 0.99997 -0.273924 -0.248977 0.445333
FixedParameters: 0 0 0

#Transform 94
Transform: AffineTransform_float_3_3
Parameters: 0.999974 0.00482307 -0.00540337 -0.00480993 0.999985 0.00242805 0.00541464 -0.00240295 0.999983 -0.36225 -0.22017 0.402009
FixedParameters: 0 0 0

#Transform 95
Transform: AffineTransform_float_3_3
Parameters: 0.999979 0.004411 -0.00474487 -0.004399 0.999987 0.00253692 0.00475613 -0.00251607 0.999985 -0.337776 -0.164367 0.468582
FixedParameters: 0 0 0

#Transform 96
Transform: AffineTransform_float_3_3
Parameters: 0.99998 0.00416249 -0.00474595 -0.00415152 0.999989 0.00242675 0.00475605 -0.00240725 0.999986 -0.34932 -0.190457 0.376428
FixedParameters: 0 0 0

#Transform 97
Transform: AffineTransform_float_3_3
Parameters: 0.999982 0.0038576 -0.00474012 -0.00383841 0.999984 0.00413627 0.00475588 -0.00411773 0.99998 -0.344627 -0.162315 0.526318
FixedParameters: 0 0 0

#Transform 98
Transform: AffineTransform_float_3_3
Parameters: 0.999981 0.0042778 -0.00457563 -0.0042442 0.999964 0.00737157 0.00460738 -0.00735244 0.999963 -0.370526 -0.17964 0.510245
FixedParameters: 0 0 0

#Transform 99
Transform: AffineTransform_float_3_3
Parameters: 0.999979 0.00487096 -0.0042363 -0.00485205 0.999978 0.00447365 0.0042577 -0.00445235 0.999981 -0.363308 -0.234861 0.414688
FixedParameters: 0 0 0

#Transform 100
Transform: AffineTransform_float_3_3
Parameters: 0.999979 0.0048698 -0.00423878 -0.0048532 0.999981 0.00396466 0.00425823 -0.00394435 0.999983 -0.351809 -0.226844 0.407929
FixedParameters: 0 0 0

#Transform 101
Transform: AffineTransform_float_3_3
Parameters: 0.99998 0.00468899 -0.00423377 -0.00466701 0.999975 0.00518886 0.00425823 -0.00516913 0.999977 -0.342858 -0.176932 0.49032
FixedParameters: 0 0 0

#Transform 102
Transform: AffineTransform_float_3_3
Parameters: 0.99998 0.00482961 -0.00420057 -0.0048094 0.999977 0.0046653 0.00422244 -0.0046447 0.999981 -0.347977 -0.255003 0.36804
FixedParameters: 0 0 0

#Transform 103
Transform: AffineTransform_float_3_3
Parameters: 0.99998 0.00465564 -0.00427997 -0.00463936 0.999981 0.00388893 0.00429803 -0.00386907 0.999984 -0.363748 -0.236495 0.356239
FixedParameters: 0 0 0

#Transform 104
Transform: AffineTransform_float_3_3
Parameters: 0.999979 0.00490975 -0.00426551 -0.00489125 0.999979 0.00439596 0.00428749 -0.00437504 0.999981 -0.399629 -0.204535 0.391478
FixedParameters: 0 0 0

#Transform 105
Transform: AffineTransform_float_3_3
Parameters: 0.999982 0.00474097 -0.00385343 -0.00472503 0.999981 0.00414329 0.00387357 -0.00412471 0.999984 -0.371243 -0.237609 0.411676
FixedParameters: 0 0 0

#Transform 106
Transform: AffineTransform_float_3_3
Parameters: 0.99998 0.00465155 -0.00430181 -0.00462945 0.999977 0.00500602 0.00432518 -0.00498598 0.999978 -0.367142 -0.210467 0.457986
FixedParameters: 0 0 0

#Transform 107
Transform: AffineTransform_float_3_3
Parameters: 0.999977 0.0052284 -0.00429755 -0.0052136 0.999981 0.00335448 0.00431446 -0.00333252 0.999985 -0.394955 -0.300579 0.309129
FixedParameters: 0 0 0

#Transform 108
Transform: AffineTransform_float_3_3
Parameters: 0.999978 0.00488441 -0.00432013 -0.00487259 0.999984 0.00264811 0.00433287 -0.00262689 0.999987 -0.423002 -0.274449 0.295534
FixedParameters: 0 0 0

#Transform 109
Transform: AffineTransform_float_3_3
Parameters: 0.999979 0.00488673 -0.00442843 -0.00486827 0.999979 0.00422965 0.00444958 -0.00420735 0.999981 -0.387517 -0.234837 0.414289
FixedParameters: 0 0 0

#Transform 110
Transform: AffineTransform_float_3_3
Parameters: 0.999971 0.00590434 -0.00468699 -0.00588566 0.999975 0.0039167 0.00471001 -0.0038893 0.999982 -0.428636 -0.300002 0.311272
FixedParameters: 0 0 0

#Transform 111
Transform: AffineTransform_float_3_3
Parameters: 0.999974 0.00548206 -0.00472289 -0.00546895 0.999981 0.0027729 0.00473711 -0.0027471 0.999985 -0.424687 -0.293235 0.341068
FixedParameters: 0 0 0

#Transform 112
Transform: AffineTransform_float_3_3
Parameters: 0.999974 0.00557606 -0.00458216 -0.00556294 0.99998 0.00285756 0.00459785 -0.00283244 0.999986 -0.443289 -0.286485 0.364694
FixedParameters: 0 0 0

#Transform 113
Transform: AffineTransform_float_3_3
Parameters: 0.999964 0.00663108 -0.00515538 -0.00661492 0.999973 0.00313021 0.00517561 -0.00309579 0.999982 -0.412021 -0.280162 0.384777
FixedParameters: 0 0 0

#Transform 114
Transform: AffineTransform_float_3_3
Parameters: 0.999966 0.0061666 -0.00555394 -0.0061534 0.999978 0.00246226 0.00556906 -0.00242774 0.999981 -0.422613 -0.30718 0.336869
FixedParameters: 0 0 0

#Transform 115
Transform: AffineTransform_float_3_3
Parameters: 0.999965 0.00622278 -0.00548012 -0.00620721 0.999976 0.00289311 0.00549787 -0.00285888 0.999981 -0.40443 -0.269729 0.352096
FixedParameters: 0 0 0

#Transform 116
Transform: AffineTransform_float_3_3
Parameters: 0.999962 0.00651864 -0.00570563 -0.00649835 0.999973 0.00345521 0.00572836 -0.00341779 0.999978 -0.388511 -0.255874 0.4436
FixedParameters: 0 0 0

#Transform 117
Transform: AffineTransform_float_3_3
Parameters: 0.999959 0.00699999 -0.005706 -0.00698201 0.99997 0.00316697 0.005728 -0.00312703 0.999978 -0.434556 -0.322053 0.316497
FixedParameters: 0 0 0

#Transform 118
Transform: AffineTransform_float_3_3
Parameters: 0.999959 0.00703438 -0.00557339 -0.00699762 0.999955 0.00652027 0.00561961 -0.00648073 0.999963 -0.418043 -0.287212 0.454228
FixedParameters: 0 0 0

#Transform 119
Transform: AffineTransform_float_3_3
Parameters: 0.999964 0.00673787 -0.00519835 -0.00671113 0.999964 0.00517008 0.00523265 -0.00513493 0.999973 -0.454537 -0.336671 0.364042
FixedParameters: 0 0 0

#Transform 120
Transform: AffineTransform_float_3_3
Parameters: 0.999965 0.00652485 -0.00525353 -0.00650117 0.999969 0.00454232 0.00528248 -0.00450869 0.999976 -0.469485 -0.330936 0.329095
FixedParameters: 0 0 0

#Transform 121
Transform: AffineTransform_float_3_3
Parameters: 0.999965 0.00670853 -0.0049798 -0.00668947 0.99997 0.00392845 0.00500621 -0.00389555 0.99998 -0.452899 -0.315095 0.35659
FixedParameters: 0 0 0

#Transform 122
Transform: AffineTransform_float_3_3
Parameters: 0.999961 0.00697261 -0.00551478 -0.00694739 0.999965 0.0046495 0.00554723 -0.0046105 0.999974 -0.389481 -0.279461 0.432393
FixedParameters: 0 0 0

#Transform 123
Transform: AffineTransform_float_3_3
Parameters: 0.999979 0.00533173 -0.00368215 -0.00531126 0.99997 0.00561868 0.00371185 -0.00559833 0.999978 -0.469427 -0.297239 0.543413
FixedParameters: 0 0 0

#Transform 124
Transform: AffineTransform_float_3_3
Parameters: 0.999984 0.00497031 -0.00247242 -0.00495669 0.999974 0.00536034 0.00249957 -0.00534766 0.999982 -0.482541 -0.297254 0.46686
FixedParameters: 0 0 0

#Transform 125
Transform: AffineTransform_float_3_3
Parameters: 0.999984 0.00542487 -0.00155291 -0.00541512 0.999965 0.00629451 0.0015871 -0.00628649 0.999979 -0.492534 -0.301401 0.495966
FixedParameters: 0 0 0

#Transform 126
Transform: AffineTransform_float_3_3
Parameters: 0.999982 0.00581081 -0.00185962 -0.00580119 0.999969 0.00523788 0.00188938 -0.00522711 0.999984 -0.518711 -0.321209 0.449042
FixedParameters: 0 0 0

#Transform 127
Transform: AffineTransform_float_3_3
Parameters: 0.999979 0.00627286 -0.00198297 -0.00626214 0.999965 0.00543553 0.00201703 -0.00542246 0.999984 -0.519018 -0.331694 0.439403
FixedParameters: 0 0 0

#Transform 128
Transform: AffineTransform_float_3_3
Parameters: 0.999976 0.00619114 -0.00287562 -0.00617586 0.999967 0.00524488 0.00290838 -0.00522712 0.999982 -0.481182 -0.32996 0.486262
FixedParameters: 0 0 0

#Transform 129
Transform: AffineTransform_float_3_3
Parameters: 0.999974 0.00662987 -0.00282232 -0.00661513 0.999965 0.00524581 0.00285668 -0.0052272 0.999983 -0.506508 -0.354487 0.492111
FixedParameters: 0 0 0

#Transform 130
Transform: AffineTransform_float_3_3
Parameters: 0.999974 0.00655593 -0.00276488 -0.00654407 0.99997 0.0043022 0.00279312 -0.0042838 0.999987 -0.539225 -0.37311 0.45791
FixedParameters: 0 0 0

#Transform 131
Transform: AffineTransform_float_3_3
Parameters: 0.999977 0.00637327 -0.00260502 -0.00636274 0.999972 0.00393067 0.00262997 -0.00391333 0.999989 -0.548273 -0.377632 0.441278
FixedParameters: 0 0 0

#Transform 132
Transform: AffineTransform_float_3_3
Parameters: 0.999976 0.00629626 -0.00283332 -0.00628674 0.999973 0.0036149 0.00285569 -0.00359711 0.99999 -0.540126 -0.404272 0.427473
FixedParameters: 0 0 0

#Transform 133
Transform: AffineTransform_float_3_3
Parameters: 0.999977 0.00637374 -0.00237131 -0.00636527 0.999975 0.00325517 0.00239168 -0.00323983 0.999992 -0.548779 -0.374708 0.469945
FixedParameters: 0 0 0

#Transform 134
Transform: AffineTransform_float_3_3
Parameters: 0.999972 0.00697572 -0.0027661 -0.00696728 0.999971 0.00315036 0.00278789 -0.00313064 0.999991 -0.603666 -0.35264 0.542107
FixedParameters: 0 0 0

#Transform 135
Transform: AffineTransform_float_3_3
Parameters: 0.999973 0.00676239 -0.00295305 -0.00675061 0.99997 0.00385004 0.00297894 -0.00382996 0.999988 -0.605408 -0.368307 0.591532
FixedParameters: 0 0 0

#Transform 136
Transform: AffineTransform_float_3_3
Parameters: 0.999978 0.00653224 -0.000957154 -0.00652876 0.999973 0.00334832 0.000978844 -0.00334168 0.999994 -0.606027 -0.387349 0.508486
FixedParameters: 0 0 0

#Transform 137
Transform: AffineTransform_float_3_3
Parameters: 0.999974 0.00700853 -0.00164239 -0.00700147 0.999967 0.0039476 0.00166961 -0.0039354 0.999991 -0.575474 -0.400197 0.478208
FixedParameters: 0 0 0

#Transform 138
Transform: AffineTransform_float_3_3
Parameters: 0.999975 0.00668926 -0.00207353 -0.00668073 0.99997 0.00396695 0.00209947 -0.00395305 0.99999 -0.559485 -0.416045 0.478345
FixedParameters: 0 0 0

#Transform 139
Transform: AffineTransform_float_3_3
Parameters: 0.999972 0.00701107 -0.00268443 -0.00700193 0.99997 0.00337289 0.00270857 -0.0033541 0.99999 -0.528017 -0.524072 0.510887
FixedParameters: 0 0 0

#Transform 140
Transform: AffineTransform_float_3_3
Parameters: 0.999974 0.00641279 -0.00322989 -0.00639622 0.999966 0.0051798 0.00326311 -0.00515921 0.999982 -0.490615 -0.474018 0.590778
FixedParameters: 0 0 0

#Transform 141
Transform: AffineTransform_float_3_3
Parameters: 0.999978 0.00567099 -0.00339615 -0.00563902 0.999941 0.00935536 0.00344885 -0.00933565 0.999951 -0.465625 -0.442723 0.735214
FixedParameters: 0 0 0

#Transform 142
Transform: AffineTransform_float_3_3
Parameters: 0.999979 0.00572401 -0.00319923 -0.005705 0.999966 0.00591838 0.00323277 -0.00589963 0.999978 -0.496918 -0.506891 0.421353
FixedParameters: 0 0 0

#Transform 143
Transform: AffineTransform_float_3_3
Parameters: 0.999974 0.00630882 -0.00333577 -0.00628817 0.999962 0.00592112 0.00337322 -0.00589987 0.999977 -0.52184 -0.503724 0.403597
FixedParameters: 0 0 0

#Transform 144
Transform: AffineTransform_float_3_3
Parameters: 0.999975 0.00623761 -0.00351215 -0.00621939 0.999966 0.00528498 0.00354485 -0.00526302 0.99998 -0.533927 -0.514702 0.418222
FixedParameters: 0 0 0

#Transform 145
Transform: AffineTransform_float_3_3
Parameters: 0.999972 0.00633414 -0.00381734 -0.00631786 0.999971 0.00422623 0.00384366 -0.00420277 0.999984 -0.54181 -0.567288 0.284655
FixedParameters: 0 0 0

#Transform 146
Transform: AffineTransform_float_3_3
Parameters: 0.999971 0.00666762 -0.00372026 -0.00664737 0.999962 0.00553089 0.00375673 -0.00550511 0.999978 -0.510009 -0.516336 0.361144
FixedParameters: 0 0 0

#Transform 147
Transform: AffineTransform_float_3_3
Parameters: 0.99997 0.0066767 -0.00409987 -0.0066553 0.999964 0.00528345 0.00413513 -0.00525555 0.999977 -0.51522 -0.553196 0.380751
FixedParameters: 0 0 0

#Transform 148
Transform: AffineTransform_float_3_3
Parameters: 0.999966 0.00689923 -0.00456356 -0.00688477 0.999972 0.00312653 0.00458544 -0.00309547 0.999984 -0.523468 -0.626782 0.166078
FixedParameters: 0 0 0

#Transform 149
Transform: AffineTransform_float_3_3
Parameters: 0.999967 0.00677912 -0.00458889 -0.00676089 0.999969 0.00416817 0.00461712 -0.00413684 0.999981 -0.504511 -0.630999 0.198886
FixedParameters: 0 0 0

#Transform 150
Transform: AffineTransform_float_3_3
Parameters: 0.999968 0.00663807 -0.00458105 -0.00661793 0.999968 0.00438346 0.00460995 -0.00435254 0.99998 -0.483545 -0.627905 0.197659
FixedParameters: 0 0 0

#Transform 151
Transform: AffineTransform_float_3_3
Parameters: 0.999963 0.00714687 -0.00481423 -0.00712414 0.999964 0.00474948 0.00484777 -0.00471553 0.999977 -0.483431 -0.626353 0.14845
FixedParameters: 0 0 0

#Transform 152
Transform: AffineTransform_float_3_3
Parameters: 0.999965 0.00687345 -0.00461922 -0.00685254 0.999965 0.00464581 0.00465077 -0.00461319 0.999978 -0.497306 -0.643938 0.15009
FixedParameters: 0 0 0

#Transform 153
Transform: AffineTransform_float_3_3
Parameters: 0.999965 0.00707375 -0.0046148 -0.00705025 0.999962 0.00514272 0.00465121 -0.00511028 0.999976 -0.487182 -0.662028 0.154709
FixedParameters: 0 0 0

#Transform 154
Transform: AffineTransform_float_3_3
Parameters: 0.999954 0.00829233 -0.00495859 -0.00826568 0.99995 0.00550524 0.00500442 -0.00546475 0.999972 -0.512997 -0.773804 0.145901
FixedParameters: 0 0 0

#Transform 155
Transform: AffineTransform_float_3_3
Parameters: 0.999932 0.0110892 -0.00372948 -0.0110678 0.999922 0.00566366 0.00379152 -0.00562234 0.999977 -0.529011 -0.733007 0.0618991
FixedParameters: 0 0 0
