# transform file /out/sourcedata/freesurfer/sub-v1s3x0050780_ses-1/mri/transforms/cc_up.lta
# created by oesteban on Tue Mar 10 01:11:08 2026

type      = 0 # LINEAR_VOX_TO_VOX
nxforms   = 1
mean      = 127.0000 134.0000 125.0000
sigma     = 10000.0000
1 4 4
9.992861151695251e-01 3.773989900946617e-02 -1.726332353428006e-03 -3.171013355255127e+00 
-3.773984313011169e-02 9.992876052856445e-01 6.519805901916698e-05 1.486978530883789e+01 
1.727563096210361e-03 0.000000000000000e+00 9.999985694885254e-01 1.678076934814453e+01 
0.000000000000000e+00 0.000000000000000e+00 0.000000000000000e+00 1.000000000000000e+00 
src volume info
valid = 1  # volume info valid
filename = /out/sourcedata/freesurfer/sub-v1s3x0050780_ses-1/mri/norm.mgz
volume = 256 256 256
voxelsize = 1.000000000000000e+00 1.000000000000000e+00 1.000000000000000e+00
xras   = -1.000000000000000e+00 0.000000000000000e+00 0.000000000000000e+00
yras   = 0.000000000000000e+00 0.000000000000000e+00 -1.000000000000000e+00
zras   = 0.000000000000000e+00 1.000000000000000e+00 0.000000000000000e+00
cras   = 2.910339355468750e+00 -1.174642181396484e+01 4.729263305664062e+00
dst volume info
valid = 1  # volume info valid
filename = /out/sourcedata/freesurfer/sub-v1s3x0050780_ses-1/mri/norm.mgz
volume = 256 256 256
voxelsize = 1.000000000000000e+00 1.000000000000000e+00 1.000000000000000e+00
xras   = -1.000000000000000e+00 0.000000000000000e+00 0.000000000000000e+00
yras   = 0.000000000000000e+00 0.000000000000000e+00 -1.000000000000000e+00
zras   = 0.000000000000000e+00 1.000000000000000e+00 0.000000000000000e+00
cras   = 2.910339355468750e+00 -1.174642181396484e+01 4.729263305664062e+00
