# transform file /out/sourcedata/freesurfer/sub-v1s3x0050812_ses-1/mri/transforms/cc_up.lta
# created by oesteban on Tue Mar 10 02:35:17 2026

type      = 0 # LINEAR_VOX_TO_VOX
nxforms   = 1
mean      = 131.0000 131.0000 123.0000
sigma     = 10000.0000
1 4 4
9.993290305137634e-01 -3.658075258135796e-02 -1.833274727687240e-03 2.623072147369385e+00 
3.658068925142288e-02 9.993306994438171e-01 -6.710747402394190e-05 5.368122577667236e+00 
1.834502560086548e-03 0.000000000000000e+00 9.999983310699463e-01 7.763554096221924e+00 
0.000000000000000e+00 0.000000000000000e+00 0.000000000000000e+00 1.000000000000000e+00 
src volume info
valid = 1  # volume info valid
filename = /out/sourcedata/freesurfer/sub-v1s3x0050812_ses-1/mri/norm.mgz
volume = 256 256 256
voxelsize = 1.000000000000000e+00 1.000000000000000e+00 1.000000000000000e+00
xras   = -1.000000000000000e+00 0.000000000000000e+00 0.000000000000000e+00
yras   = 0.000000000000000e+00 0.000000000000000e+00 -1.000000000000000e+00
zras   = 0.000000000000000e+00 1.000000000000000e+00 0.000000000000000e+00
cras   = 9.734802246093750e+00 -7.085403442382812e+00 7.487022399902344e+00
dst volume info
valid = 1  # volume info valid
filename = /out/sourcedata/freesurfer/sub-v1s3x0050812_ses-1/mri/norm.mgz
volume = 256 256 256
voxelsize = 1.000000000000000e+00 1.000000000000000e+00 1.000000000000000e+00
xras   = -1.000000000000000e+00 0.000000000000000e+00 0.000000000000000e+00
yras   = 0.000000000000000e+00 0.000000000000000e+00 -1.000000000000000e+00
zras   = 0.000000000000000e+00 1.000000000000000e+00 0.000000000000000e+00
cras   = 9.734802246093750e+00 -7.085403442382812e+00 7.487022399902344e+00
