# transform file /out/sourcedata/freesurfer/sub-v1s3x0050811_ses-1/mri/transforms/cc_up.lta
# created by oesteban on Tue Mar 10 02:44:15 2026

type      = 0 # LINEAR_VOX_TO_VOX
nxforms   = 1
mean      = 129.0000 135.0000 122.0000
sigma     = 10000.0000
1 4 4
9.999098777770996e-01 -6.059509236365557e-03 1.198052987456322e-02 -1.609115958213806e+00 
6.059074308723211e-03 9.999816417694092e-01 7.259746053023264e-05 8.212430953979492e+00 
-1.198074966669083e-02 0.000000000000000e+00 9.999282360076904e-01 1.755355834960938e+01 
0.000000000000000e+00 0.000000000000000e+00 0.000000000000000e+00 1.000000000000000e+00 
src volume info
valid = 1  # volume info valid
filename = /out/sourcedata/freesurfer/sub-v1s3x0050811_ses-1/mri/norm.mgz
volume = 256 256 256
voxelsize = 1.000000000000000e+00 1.000000000000000e+00 1.000000000000000e+00
xras   = -1.000000000000000e+00 0.000000000000000e+00 0.000000000000000e+00
yras   = 0.000000000000000e+00 0.000000000000000e+00 -1.000000000000000e+00
zras   = 0.000000000000000e+00 1.000000119209290e+00 0.000000000000000e+00
cras   = -6.989746093750000e-01 -8.520065307617188e+00 8.310401916503906e+00
dst volume info
valid = 1  # volume info valid
filename = /out/sourcedata/freesurfer/sub-v1s3x0050811_ses-1/mri/norm.mgz
volume = 256 256 256
voxelsize = 1.000000000000000e+00 1.000000000000000e+00 1.000000000000000e+00
xras   = -1.000000000000000e+00 0.000000000000000e+00 0.000000000000000e+00
yras   = 0.000000000000000e+00 0.000000000000000e+00 -1.000000000000000e+00
zras   = 0.000000000000000e+00 1.000000119209290e+00 0.000000000000000e+00
cras   = -6.989746093750000e-01 -8.520065307617188e+00 8.310401916503906e+00
