#Insight Transform File V1.0
#Transform 0
Transform: AffineTransform_float_3_3
Parameters: 0.999999 -0.00158704 0.000744674 0.00158496 0.999995 0.00272818 -0.000749326 -0.00272682 0.999996 0.027092 0.140325 0.163054
FixedParameters: 0 0 0

#Transform 1
Transform: AffineTransform_float_3_3
Parameters: 1 -0.000522723 0.00101463 0.000521277 0.999999 0.000713529 -0.00101437 -0.00071247 0.999999 0.00170934 0.114594 0.117912
FixedParameters: 0 0 0

#Transform 2
Transform: AffineTransform_float_3_3
Parameters: 0.999999 -0.000107228 0.00145098 0.000106774 1 0.000156155 -0.00145102 -0.000156845 0.999999 -0.0243918 0.11929 0.0667522
FixedParameters: 0 0 0

#Transform 3
Transform: AffineTransform_float_3_3
Parameters: 1 -0.000194633 0.00105088 0.000194368 1 0.000602205 -0.00105012 -0.000601796 1 -0.0337839 0.118637 0.0877615
FixedParameters: 0 0 0

#Transform 4
Transform: AffineTransform_float_3_3
Parameters: 0.999999 -0.000346037 0.00183843 0.000342964 0.999998 0.00165163 -0.00183857 -0.00165137 0.999997 -0.0298675 0.116452 0.0956434
FixedParameters: 0 0 0

#Transform 5
Transform: AffineTransform_float_3_3
Parameters: 0.999999 -0.000343985 0.00141976 0.000343015 0.999999 0.000693487 -0.00142024 -0.000693512 0.999999 -0.0155098 0.104623 0.0734155
FixedParameters: 0 0 0

#Transform 6
Transform: AffineTransform_float_3_3
Parameters: 0.999999 -0.000215668 0.000712798 0.000215332 0.999999 0.000937154 -0.000713202 -0.000937846 1 0.021537 0.0909645 0.046534
FixedParameters: 0 0 0

#Transform 7
Transform: AffineTransform_float_3_3
Parameters: 1 -0.000343548 0.000940801 0.000343452 1 0.000582324 -0.000941201 -0.000581677 1 0.0135154 0.0921673 0.0427635
FixedParameters: 0 0 0

#Transform 8
Transform: AffineTransform_float_3_3
Parameters: 0.999999 -0.000343396 0.000831836 0.000343604 1 0.000476286 -0.000832163 -0.000475714 0.999999 0.00244009 0.102734 0.0100344
FixedParameters: 0 0 0

#Transform 9
Transform: AffineTransform_float_3_3
Parameters: 0.999999 -0.000343375 0.000628795 0.000343625 1 0.000596216 -0.000629204 -0.000595784 0.999999 0.00432313 0.0765265 0.0356184
FixedParameters: 0 0 0

#Transform 10
Transform: AffineTransform_float_3_3
Parameters: 0.999999 -0.000475767 0.000859576 0.000475232 0.999999 0.000892409 -0.000860424 -0.000892591 0.999999 0.00137482 0.0699893 -0.00676246
FixedParameters: 0 0 0

#Transform 11
Transform: AffineTransform_float_3_3
Parameters: 1 -0.000815674 0.000859361 0.000814326 1 0.000784701 -0.000860639 -0.000783299 1 -0.00570024 0.0675114 -0.0376938
FixedParameters: 0 0 0

#Transform 12
Transform: AffineTransform_float_3_3
Parameters: 1 -0.00071064 0.000933514 0.00070936 0.999999 0.000685663 -0.000934487 -0.000685336 1 0.00281026 0.0751204 -0.00641176
FixedParameters: 0 0 0

#Transform 13
Transform: AffineTransform_float_3_3
Parameters: 1 -4.57594e-06 0.000661996 4.42405e-06 0.999999 0.000870003 -0.000662004 -0.000869997 1 0.00484728 0.0609366 0.0154454
FixedParameters: 0 0 0

#Transform 14
Transform: AffineTransform_float_3_3
Parameters: 1 -0.00035501 1.67952e-05 0.00035499 1 0.000577006 -1.72048e-05 -0.000576994 1 -0.0106259 0.0420963 -0.0516341
FixedParameters: 0 0 0

#Transform 15
Transform: AffineTransform_float_3_3
Parameters: 1 -0.000399967 -0.000105126 0.000400033 1 0.000314958 0.000104874 -0.000315042 1 -0.00418093 0.0506673 -0.0507989
FixedParameters: 0 0 0

#Transform 16
Transform: AffineTransform_float_3_3
Parameters: 1 -0.000402942 -0.000100233 0.000402058 1 0.00057896 9.97672e-05 -0.00057904 1 0.00606516 0.0344229 -0.00558915
FixedParameters: 0 0 0

#Transform 17
Transform: AffineTransform_float_3_3
Parameters: 1 -0.000310003 5.86515e-06 0.000309997 1 0.000435002 -6.13485e-06 -0.000434998 1 0.00591559 0.0295666 -1.097e-05
FixedParameters: 0 0 0

#Transform 18
Transform: AffineTransform_float_3_3
Parameters: 1 -0.000405902 -0.00030713 0.000406098 1 0.000319875 0.00030687 -0.000320125 1 0.00643616 0.0250426 0.0313372
FixedParameters: 0 0 0

#Transform 19
Transform: AffineTransform_float_3_3
Parameters: 1 -2.1014e-05 6.49955e-05 2.0986e-05 1 0.000216001 -6.50045e-05 -0.000215999 1 -0.00340995 -0.000277388 0.0572159
FixedParameters: 0 0 0

#Transform 20
Transform: AffineTransform_float_3_3
Parameters: 1 0.000112971 0.000171019 -0.000113029 1 0.000166981 -0.000170981 -0.000167019 1 -0.00279491 0.0100042 0.0244535
FixedParameters: 0 0 0

#Transform 21
Transform: AffineTransform_float_3_3
Parameters: 1 0.000129008 -2.79653e-05 -0.000128992 1 0.000269004 2.80347e-05 -0.000268996 1 -0.00250829 0.00977072 0.0402343
FixedParameters: 0 0 0

#Transform 22
Transform: AffineTransform_float_3_3
Parameters: 1 -0.000220146 0.000250872 0.000220854 1 0.000582055 -0.000251129 -0.000581945 1 -0.00441331 0.00567364 0.0176849
FixedParameters: 0 0 0

#Transform 23
Transform: AffineTransform_float_3_3
Parameters: 1 -0.00047516 0.000262711 0.00047484 0.999999 0.000609125 -0.000263289 -0.000608875 1 0.00494127 -0.000281551 0.00857932
FixedParameters: 0 0 0

#Transform 24
Transform: AffineTransform_float_3_3
Parameters: 1 -0.00047501 0.000276983 0.00047499 1 3.51316e-05 -0.000277017 -3.48684e-05 1 -0.00837593 0.0117145 -0.0694787
FixedParameters: 0 0 0

#Transform 25
Transform: AffineTransform_float_3_3
Parameters: 1 -0.000888119 -0.000188442 0.000887883 1 -0.000628168 0.000188558 0.000627833 1 -0.00504335 0.0106607 -0.120059
FixedParameters: 0 0 0

#Transform 26
Transform: AffineTransform_float_3_3
Parameters: 0.999999 -0.000883083 -0.000209647 0.000882916 0.999999 -0.000400185 0.000209353 0.000399815 1 -0.00516935 0.0136243 -0.148579
FixedParameters: 0 0 0

#Transform 27
Transform: AffineTransform_float_3_3
Parameters: 1 -0.000624897 -0.000311205 0.000624102 1 0.000328806 0.000310795 -0.000329194 1 0.00578792 0.0113946 -0.187816
FixedParameters: 0 0 0

#Transform 28
Transform: AffineTransform_float_3_3
Parameters: 1 -0.000475026 -0.000288957 0.000474974 1 -9.11372e-05 0.000289043 9.08627e-05 1 -0.0121473 -0.0112725 -0.202366
FixedParameters: 0 0 0

#Transform 29
Transform: AffineTransform_float_3_3
Parameters: 0.999999 -0.000951153 -0.000774811 0.000950846 0.999999 -0.000198737 0.000775188 0.000197263 0.999999 -0.00388515 -0.00896609 -0.186999
FixedParameters: 0 0 0

#Transform 30
Transform: AffineTransform_float_3_3
Parameters: 0.999999 -0.00101281 -0.000780253 0.0010132 1 0.00024921 0.000779747 -0.00024979 0.999999 0.00587593 -0.00985164 -0.197939
FixedParameters: 0 0 0

#Transform 31
Transform: AffineTransform_float_3_3
Parameters: 0.999999 -0.00149242 -0.00109342 0.00149158 0.999999 -0.000386632 0.00109358 0.000384369 1 0.00557223 -0.00719195 -0.279648
FixedParameters: 0 0 0

#Transform 32
Transform: AffineTransform_float_3_3
Parameters: 0.999998 -0.0014022 -0.00103773 0.0014018 0.999999 -0.000195455 0.00103827 0.000193545 1 0.00559833 -0.0194796 -0.246181
FixedParameters: 0 0 0

#Transform 33
Transform: AffineTransform_float_3_3
Parameters: 0.999999 -0.000955074 -0.000995929 0.000954927 1 -7.39511e-05 0.00099607 7.30488e-05 0.999999 -0.0033589 -0.0571268 -0.211687
FixedParameters: 0 0 0

#Transform 34
Transform: AffineTransform_float_3_3
Parameters: 0.999998 -0.00114153 -0.00113047 0.00114047 0.999999 -0.00046929 0.00113154 0.000468709 1 0.000730023 -0.0448487 -0.249951
FixedParameters: 0 0 0

#Transform 35
Transform: AffineTransform_float_3_3
Parameters: 0.999999 -0.00105251 -0.000686218 0.00105249 0.999999 -0.000743723 0.000686783 0.000743278 1 0.00569958 -0.0396057 -0.254997
FixedParameters: 0 0 0

#Transform 36
Transform: AffineTransform_float_3_3
Parameters: 1 -0.000866062 -0.000712925 0.000865938 0.999999 -8.66173e-05 0.000713075 8.63824e-05 0.999999 -0.0228973 -0.0531404 -0.232002
FixedParameters: 0 0 0

#Transform 37
Transform: AffineTransform_float_3_3
Parameters: 0.999999 -0.000477212 -0.000632595 0.000477788 0.999999 0.0012457 0.000632405 -0.0012463 0.999999 -0.0339159 -0.0608531 -0.149728
FixedParameters: 0 0 0

#Transform 38
Transform: AffineTransform_float_3_3
Parameters: 1 -0.000395152 0.000168644 0.000394847 0.999999 0.000902066 -0.000169356 -0.000901932 0.999999 -0.0532141 -0.0635178 -0.213593
FixedParameters: 0 0 0

#Transform 39
Transform: AffineTransform_float_3_3
Parameters: 1 -0.00032804 6.17858e-05 0.000327959 0.999999 0.00065302 -6.22142e-05 -0.000652979 1 -0.0469115 -0.0860294 -0.198498
FixedParameters: 0 0 0

#Transform 40
Transform: AffineTransform_float_3_3
Parameters: 1 -0.000461035 0.000140884 0.000460964 1 0.000251065 -0.000141116 -0.000250935 1 -0.0355608 -0.0932406 -0.213223
FixedParameters: 0 0 0

#Transform 41
Transform: AffineTransform_float_3_3
Parameters: 1 -0.000460926 -0.000209164 0.000461074 1 0.000354904 0.000208837 -0.000354096 1 -0.0411734 -0.0995495 -0.236244
FixedParameters: 0 0 0

#Transform 42
Transform: AffineTransform_float_3_3
Parameters: 0.999999 -0.000460896 -0.000615078 0.000461104 1 0.000169716 0.000614922 -0.000169283 1 -0.0526078 -0.138415 -0.195294
FixedParameters: 0 0 0

#Transform 43
Transform: AffineTransform_float_3_3
Parameters: 1 -0.000460932 -0.000270116 0.000461068 1 0.000250875 0.000269884 -0.000251124 1 -0.0391194 -0.121837 -0.222507
FixedParameters: 0 0 0

#Transform 44
Transform: AffineTransform_float_3_3
Parameters: 1 -0.000980767 -0.000270846 0.000981234 0.999999 0.000862734 0.000270153 -0.000863265 0.999999 -0.0191799 -0.145182 -0.187023
FixedParameters: 0 0 0

#Transform 45
Transform: AffineTransform_float_3_3
Parameters: 1 -0.00109135 -0.000272611 0.00109265 0.999996 0.0023917 0.000270388 -0.0023913 0.999997 -0.0063782 -0.156226 -0.123988
FixedParameters: 0 0 0

#Transform 46
Transform: AffineTransform_float_3_3
Parameters: 1 -0.000549579 -0.000270856 0.000549421 0.999998 0.00155685 0.000270145 -0.00155715 0.999999 -0.00567141 -0.139794 -0.19612
FixedParameters: 0 0 0

#Transform 47
Transform: AffineTransform_float_3_3
Parameters: 1 -0.000931118 -0.000566807 0.000930882 0.999999 -0.000207528 0.000567194 0.000207472 1 -0.00761398 -0.152942 -0.237634
FixedParameters: 0 0 0

#Transform 48
Transform: AffineTransform_float_3_3
Parameters: 1 -0.0011811 -0.000269585 0.00118091 0.999999 -0.000351319 0.000270414 0.000350681 1 0.00410886 -0.172435 -0.2113
FixedParameters: 0 0 0

#Transform 49
Transform: AffineTransform_float_3_3
Parameters: 0.999999 -0.00118067 -0.000468831 0.00118033 0.999999 0.000703447 0.00046717 -0.000703552 0.999999 0.0175707 -0.31181 -0.0519835
FixedParameters: 0 0 0

#Transform 50
Transform: AffineTransform_float_3_3
Parameters: 0.999989 -0.00480433 -0.000376399 0.00480969 0.999896 0.0136044 0.000311594 -0.0136057 0.999908 0.0742134 -0.317691 0.435924
FixedParameters: 0 0 0

#Transform 51
Transform: AffineTransform_float_3_3
Parameters: 0.999996 -0.00287411 -0.000166643 0.00287589 0.999914 0.0127446 0.000130357 -0.0127454 0.999919 0.0567455 -0.241145 0.248386
FixedParameters: 0 0 0

#Transform 52
Transform: AffineTransform_float_3_3
Parameters: 0.999994 -0.00322406 -0.00112706 0.00323094 0.999976 0.0062124 0.00110695 -0.00621561 0.99998 0.0661927 -0.268024 -0.0305133
FixedParameters: 0 0 0

#Transform 53
Transform: AffineTransform_float_3_3
Parameters: 0.999999 -0.000769212 -0.000315875 0.000772788 0.99996 0.00892176 0.000309118 -0.00892124 0.99996 0.0116657 -0.264619 -0.0923228
FixedParameters: 0 0 0

#Transform 54
Transform: AffineTransform_float_3_3
Parameters: 0.999999 -0.000760126 -0.000212808 0.000761865 0.999959 0.00894484 0.000205193 -0.00894516 0.99996 0.00316931 -0.271709 -0.168031
FixedParameters: 0 0 0

#Transform 55
Transform: AffineTransform_float_3_3
Parameters: 0.999998 -0.00138389 -0.00137425 0.00139411 0.999972 0.0073811 0.00136375 -0.0073829 0.999972 0.00221914 -0.261428 -0.167152
FixedParameters: 0 0 0

#Transform 56
Transform: AffineTransform_float_3_3
Parameters: 0.999998 -0.00188868 -0.000581212 0.00189332 0.99997 0.00751591 0.000567785 -0.00751708 0.999971 0.0457669 -0.242264 -0.172608
FixedParameters: 0 0 0

#Transform 57
Transform: AffineTransform_float_3_3
Parameters: 0.999998 -0.00172946 -0.0010347 0.00173653 0.999971 0.00732821 0.0010213 -0.00732978 0.999972 0.032575 -0.270226 -0.169166
FixedParameters: 0 0 0

#Transform 58
Transform: AffineTransform_float_3_3
Parameters: 0.999998 -0.00151869 -0.00123554 0.00152732 0.99997 0.00757213 0.00122447 -0.00757387 0.99997 0.0186283 -0.277294 -0.206951
FixedParameters: 0 0 0

#Transform 59
Transform: AffineTransform_float_3_3
Parameters: 0.999998 -0.00200237 -0.00110381 0.00201064 0.999967 0.0078768 0.00108819 -0.0078792 0.999969 0.0469353 -0.299527 -0.181291
FixedParameters: 0 0 0

#Transform 60
Transform: AffineTransform_float_3_3
Parameters: 0.999998 -0.00194501 8.56072e-05 0.001944 0.999943 0.0104872 -0.000105392 -0.0104868 0.999945 0.0541593 -0.300484 0.0148421
FixedParameters: 0 0 0

#Transform 61
Transform: AffineTransform_float_3_3
Parameters: 0.999998 -0.00195817 -0.00029632 0.00196083 0.99995 0.00985845 0.000277681 -0.00985957 0.999952 0.0499377 -0.330554 -0.11516
FixedParameters: 0 0 0

#Transform 62
Transform: AffineTransform_float_3_3
Parameters: 0.999997 -0.00232823 -0.000516986 0.00233277 0.999953 0.00943282 0.000495016 -0.00943418 0.999956 0.046332 -0.32386 -0.171985
FixedParameters: 0 0 0

#Transform 63
Transform: AffineTransform_float_3_3
Parameters: 0.999998 -0.00156417 -0.00139241 0.00157584 0.999963 0.00853782 0.00137959 -0.00854018 0.999962 0.0352371 -0.361398 -0.246995
FixedParameters: 0 0 0

#Transform 64
Transform: AffineTransform_float_3_3
Parameters: 0.999998 -0.00169968 -0.00152868 0.00171032 0.999971 0.00743441 0.00151533 -0.0074366 0.999971 0.0250648 -0.356855 -0.262601
FixedParameters: 0 0 0

#Transform 65
Transform: AffineTransform_float_3_3
Parameters: 0.999998 -0.00183866 -0.00128592 0.00184935 0.999966 0.00808965 0.00127108 -0.00809237 0.999967 0.0227374 -0.35811 -0.256738
FixedParameters: 0 0 0

#Transform 66
Transform: AffineTransform_float_3_3
Parameters: 0.999996 -0.00280082 -0.0011457 0.00281018 0.999964 0.00808982 0.0011233 -0.00809318 0.999966 0.0673412 -0.355561 -0.246082
FixedParameters: 0 0 0

#Transform 67
Transform: AffineTransform_float_3_3
Parameters: 0.999999 -0.00164488 -0.000506572 0.00164811 0.999964 0.00824017 0.000492436 -0.00824082 0.999966 0.00112621 -0.376695 -0.259552
FixedParameters: 0 0 0

#Transform 68
Transform: AffineTransform_float_3_3
Parameters: 1 -0.000902615 -0.000535462 0.000907381 0.999965 0.00824651 0.000527536 -0.00824648 0.999966 -0.00412479 -0.359766 -0.276144
FixedParameters: 0 0 0

#Transform 69
Transform: AffineTransform_float_3_3
Parameters: 0.999999 -0.000875787 -0.000395198 0.000879219 0.999966 0.00820366 0.0003888 -0.00820435 0.999967 -0.0218025 -0.378849 -0.27149
FixedParameters: 0 0 0

#Transform 70
Transform: AffineTransform_float_3_3
Parameters: 1 -0.00110724 -0.000451347 0.00111077 0.999964 0.00842651 0.000442656 -0.0084265 0.999965 -0.00473385 -0.391504 -0.275535
FixedParameters: 0 0 0

#Transform 71
Transform: AffineTransform_float_3_3
Parameters: 0.999999 -0.00116535 -0.000432956 0.00116965 0.999963 0.0085295 0.000423039 -0.0085295 0.999963 -0.0109439 -0.386215 -0.303451
FixedParameters: 0 0 0

#Transform 72
Transform: AffineTransform_float_3_3
Parameters: 1 -0.000415958 0.00021424 0.000414044 0.999959 0.00906109 -0.000217761 -0.00906091 0.999959 -0.0311051 -0.423339 -0.252109
FixedParameters: 0 0 0

#Transform 73
Transform: AffineTransform_float_3_3
Parameters: 0.999999 -0.000768431 -0.000429447 0.000771564 0.999964 0.00837067 0.000422556 -0.00837132 0.999965 -0.0132201 -0.418125 -0.277041
FixedParameters: 0 0 0

#Transform 74
Transform: AffineTransform_float_3_3
Parameters: 0.999999 -0.000802399 -0.00030591 0.000804601 0.999962 0.00859775 0.000299094 -0.00859724 0.999963 -0.00974558 -0.450865 -0.282103
FixedParameters: 0 0 0

#Transform 75
Transform: AffineTransform_float_3_3
Parameters: 1 -0.000903233 -0.000791787 0.000909769 0.999962 0.00858828 0.000784216 -0.00858871 0.999963 -0.00179794 -0.437062 -0.29305
FixedParameters: 0 0 0

#Transform 76
Transform: AffineTransform_float_3_3
Parameters: 0.999999 -0.00123697 -0.000446318 0.00124103 0.999957 0.00913445 0.000435681 -0.00913554 0.999958 -0.00686017 -0.44144 -0.322665
FixedParameters: 0 0 0

#Transform 77
Transform: AffineTransform_float_3_3
Parameters: 0.999999 -0.00122412 -0.000426295 0.00122787 0.999957 0.00921248 0.000414706 -0.00921251 0.999957 -0.00337737 -0.453101 -0.294696
FixedParameters: 0 0 0

#Transform 78
Transform: AffineTransform_float_3_3
Parameters: 0.999999 -0.00140819 -0.000303338 0.0014108 0.999954 0.00946159 0.000289664 -0.00946242 0.999955 -0.0104699 -0.479651 -0.277133
FixedParameters: 0 0 0

#Transform 79
Transform: AffineTransform_float_3_3
Parameters: 0.999999 0.000261738 -0.000728614 -0.000255267 0.999958 0.00923319 0.000730388 -0.00923282 0.999957 -0.075475 -0.463052 -0.335779
FixedParameters: 0 0 0

#Transform 80
Transform: AffineTransform_float_3_3
Parameters: 0.999999 0.000182465 -0.000971447 -0.000174539 0.999962 0.00870617 0.000972556 -0.00870682 0.999961 -0.0689058 -0.469573 -0.327293
FixedParameters: 0 0 0

#Transform 81
Transform: AffineTransform_float_3_3
Parameters: 0.999999 -0.000159472 -0.000799538 0.000167522 0.999955 0.00942387 0.000797457 -0.00942413 0.999956 -0.0496953 -0.459666 -0.313466
FixedParameters: 0 0 0

#Transform 82
Transform: AffineTransform_float_3_3
Parameters: 0.999999 -0.000211748 -0.000852834 0.000218254 0.999963 0.00851282 0.000851173 -0.00851218 0.999964 -0.0438702 -0.490934 -0.285111
FixedParameters: 0 0 0

#Transform 83
Transform: AffineTransform_float_3_3
Parameters: 1 -0.00035787 -0.000604068 0.000363129 0.999963 0.00851278 0.00060093 -0.00851321 0.999963 -0.0383511 -0.496045 -0.31178
FixedParameters: 0 0 0

#Transform 84
Transform: AffineTransform_float_3_3
Parameters: 0.999999 -0.000221772 -0.000701998 0.000228228 0.99996 0.00888384 0.0007 -0.00888416 0.999961 -0.0418788 -0.501668 -0.288118
FixedParameters: 0 0 0

#Transform 85
Transform: AffineTransform_float_3_3
Parameters: 0.999999 -0.000356119 -0.00079711 0.000362889 0.999963 0.00864972 0.000794891 -0.00864929 0.999963 -0.0122202 -0.574337 -0.181195
FixedParameters: 0 0 0

#Transform 86
Transform: AffineTransform_float_3_3
Parameters: 0.999999 -0.000357002 -0.000662268 0.000363005 0.999958 0.00907976 0.000659731 -0.00907923 0.999958 -0.0125384 -0.602197 -0.161627
FixedParameters: 0 0 0

#Transform 87
Transform: AffineTransform_float_3_3
Parameters: 0.999999 -0.000355731 -0.000777367 0.000363265 0.999956 0.00936972 0.00077363 -0.00937028 0.999956 -0.0123231 -0.61101 -0.180435
FixedParameters: 0 0 0

#Transform 88
Transform: AffineTransform_float_3_3
Parameters: 0.999999 -0.000891279 -0.000840267 0.000899719 0.999957 0.00923425 0.000831727 -0.00923475 0.999957 0.0229348 -0.628568 -0.168522
FixedParameters: 0 0 0

#Transform 89
Transform: AffineTransform_float_3_3
Parameters: 0.999999 -0.00062867 -0.000627407 0.000635325 0.999949 0.0101396 0.00062059 -0.0101404 0.999949 -0.00239653 -0.63652 -0.148795
FixedParameters: 0 0 0

#Transform 90
Transform: AffineTransform_float_3_3
Parameters: 1 -0.000943779 -0.000527453 0.000949217 0.999949 0.0099875 0.000517545 -0.00998849 0.99995 -0.0043869 -0.634198 -0.155394
FixedParameters: 0 0 0

#Transform 91
Transform: AffineTransform_float_3_3
Parameters: 1 -0.000549814 -0.000931878 0.000558187 0.999961 0.00880648 0.00092712 -0.00880751 0.999961 -0.00398422 -0.65708 -0.185493
FixedParameters: 0 0 0

#Transform 92
Transform: AffineTransform_float_3_3
Parameters: 1 -0.00102261 -0.00036076 0.00102639 0.999954 0.00952763 0.000351236 -0.00952836 0.999954 -0.00366012 -0.681121 -0.133263
FixedParameters: 0 0 0

#Transform 93
Transform: AffineTransform_float_3_3
Parameters: 0.999999 -0.000952183 -0.000182737 0.00095382 0.999948 0.0102158 0.000173265 -0.0102162 0.999948 -0.0043445 -0.686063 -0.115251
FixedParameters: 0 0 0

#Transform 94
Transform: AffineTransform_float_3_3
Parameters: 0.999999 -0.00101417 -0.00107628 0.00102583 0.999939 0.0110529 0.00106473 -0.0110541 0.999939 0.0404163 -0.706892 -0.069245
FixedParameters: 0 0 0

#Transform 95
Transform: AffineTransform_float_3_3
Parameters: 0.999997 -0.00162381 -0.00139469 0.00163818 0.999947 0.0102317 0.00137731 -0.0102343 0.999946 0.0397343 -0.704184 -0.121042
FixedParameters: 0 0 0

#Transform 96
Transform: AffineTransform_float_3_3
Parameters: 0.999998 -0.00142114 -0.00154276 0.00143686 0.999945 0.0103298 0.00152824 -0.0103322 0.999946 0.0405392 -0.69523 -0.120989
FixedParameters: 0 0 0

#Transform 97
Transform: AffineTransform_float_3_3
Parameters: 0.999998 -0.00142105 -0.00154285 0.00143695 0.999945 0.0103878 0.00152815 -0.0103902 0.999945 0.0405438 -0.696854 -0.121175
FixedParameters: 0 0 0

#Transform 98
Transform: AffineTransform_float_3_3
Parameters: 0.999997 -0.00160116 -0.00143078 0.00161584 0.999945 0.0104327 0.00141422 -0.0104343 0.999944 0.0444095 -0.708245 -0.110376
FixedParameters: 0 0 0

#Transform 99
Transform: AffineTransform_float_3_3
Parameters: 0.999998 -0.00137952 -0.00138755 0.00139447 0.999944 0.0104891 0.00137245 -0.0104909 0.999944 0.0437944 -0.731138 -0.127744
FixedParameters: 0 0 0

#Transform 100
Transform: AffineTransform_float_3_3
Parameters: 0.999999 -0.00150083 -0.0011083 0.00151217 0.999948 0.0101523 0.0010927 -0.0101537 0.999948 0.0317001 -0.751809 -0.121007
FixedParameters: 0 0 0

#Transform 101
Transform: AffineTransform_float_3_3
Parameters: 0.999998 -0.00161982 -0.0011095 0.00163119 0.999947 0.0101522 0.00109349 -0.0101538 0.999948 0.0460738 -0.755535 -0.120958
FixedParameters: 0 0 0

#Transform 102
Transform: AffineTransform_float_3_3
Parameters: 0.999998 -0.00167375 -0.00111016 0.00168525 0.999947 0.0102152 0.00109284 -0.0102169 0.999947 0.0386962 -0.762207 -0.108892
FixedParameters: 0 0 0

#Transform 103
Transform: AffineTransform_float_3_3
Parameters: 0.999998 -0.00176445 -0.00111155 0.00177555 0.999943 0.010478 0.00109345 -0.0104799 0.999944 0.0385181 -0.763675 -0.121561
FixedParameters: 0 0 0

#Transform 104
Transform: AffineTransform_float_3_3
Parameters: 0.999997 -0.00203501 -0.00152656 0.00205099 0.999942 0.0105499 0.00150444 -0.0105531 0.999943 0.0513713 -0.769277 -0.120812
FixedParameters: 0 0 0

#Transform 105
Transform: AffineTransform_float_3_3
Parameters: 0.999997 -0.00178177 -0.00136873 0.00179524 0.999943 0.0104696 0.00135028 -0.0104714 0.999945 0.0467751 -0.779796 -0.0838126
FixedParameters: 0 0 0

#Transform 106
Transform: AffineTransform_float_3_3
Parameters: 0.999998 -0.00134201 -0.000921723 0.001352 0.99994 0.0109298 0.000907276 -0.0109312 0.99994 0.0168782 -0.790929 -0.110932
FixedParameters: 0 0 0

#Transform 107
Transform: AffineTransform_float_3_3
Parameters: 0.999998 -0.00179888 -0.00108858 0.00181011 0.999946 0.0102981 0.00106941 -0.0103 0.999947 0.0455979 -0.812407 -0.109777
FixedParameters: 0 0 0

#Transform 108
Transform: AffineTransform_float_3_3
Parameters: 0.999997 -0.00182495 -0.00115624 0.00183704 0.999943 0.0105049 0.00113676 -0.0105071 0.999944 0.0337048 -0.833903 -0.0894095
FixedParameters: 0 0 0

#Transform 109
Transform: AffineTransform_float_3_3
Parameters: 0.999998 -0.00181251 -0.00108935 0.00182449 0.999941 0.010642 0.00106964 -0.010644 0.999943 0.0450502 -0.834026 -0.112477
FixedParameters: 0 0 0

#Transform 110
Transform: AffineTransform_float_3_3
Parameters: 0.999997 -0.00207648 -0.00109218 0.00208751 0.999941 0.0106507 0.00106982 -0.0106532 0.999942 0.0434404 -0.839083 -0.0954859
FixedParameters: 0 0 0

#Transform 111
Transform: AffineTransform_float_3_3
Parameters: 0.999997 -0.0017909 -0.00115498 0.0018021 0.999942 0.0105609 0.00113603 -0.010563 0.999943 0.0460762 -0.849269 -0.109766
FixedParameters: 0 0 0

#Transform 112
Transform: AffineTransform_float_3_3
Parameters: 0.999998 -0.00193861 -0.00125002 0.00195239 0.999939 0.0108036 0.00122898 -0.0108064 0.999941 0.0481943 -0.863627 -0.129766
FixedParameters: 0 0 0

#Transform 113
Transform: AffineTransform_float_3_3
Parameters: 0.999997 -0.00195977 -0.00138481 0.00197424 0.999936 0.0110863 0.00136319 -0.0110887 0.999937 0.0496457 -0.872759 -0.134275
FixedParameters: 0 0 0

#Transform 114
Transform: AffineTransform_float_3_3
Parameters: 0.999997 -0.0023499 -0.00131552 0.0023631 0.999938 0.0108259 0.00128949 -0.0108281 0.999941 0.0526258 -0.891645 -0.117899
FixedParameters: 0 0 0

#Transform 115
Transform: AffineTransform_float_3_3
Parameters: 0.999998 -0.0019916 -0.00112524 0.00200341 0.999936 0.0111328 0.00110376 -0.0111352 0.999938 0.0560134 -0.89567 -0.099327
FixedParameters: 0 0 0

#Transform 116
Transform: AffineTransform_float_3_3
Parameters: 0.999998 -0.000881425 -0.00138896 0.000899575 0.99991 0.0134298 0.00137704 -0.0134312 0.999909 0.00981028 -0.852344 -0.182886
FixedParameters: 0 0 0

#Transform 117
Transform: AffineTransform_float_3_3
Parameters: 0.999999 0.000416619 -0.00179146 -0.000378391 0.999768 0.0215037 0.00179955 -0.0215033 0.999767 0.01894 -0.793057 -0.297738
FixedParameters: 0 0 0

#Transform 118
Transform: AffineTransform_float_3_3
Parameters: 0.999998 -0.000169429 -0.0019708 0.000208577 0.999798 0.0200966 0.00196721 -0.0200964 0.999796 0.026389 -0.814906 -0.290086
FixedParameters: 0 0 0

#Transform 119
Transform: AffineTransform_float_3_3
Parameters: 0.999997 -0.00115596 -0.00189522 0.00120103 0.999712 0.0239388 0.00186678 -0.0239412 0.999711 0.0489169 -0.864433 -0.123258
FixedParameters: 0 0 0

#Transform 120
Transform: AffineTransform_float_3_3
Parameters: 0.999999 -0.000379699 -0.00137137 0.00040231 0.999867 0.0162975 0.00136562 -0.0162985 0.999866 0.0209851 -0.899072 -0.272677
FixedParameters: 0 0 0

#Transform 121
Transform: AffineTransform_float_3_3
Parameters: 0.999999 -0.000246806 -0.00133749 0.000270185 0.999849 0.0173687 0.00133251 -0.0173694 0.999849 0.0174537 -0.886035 -0.33074
FixedParameters: 0 0 0

#Transform 122
Transform: AffineTransform_float_3_3
Parameters: 1 0.000124757 -0.00101097 -0.000107243 0.999846 0.0175451 0.00101304 -0.0175449 0.999845 0.0139243 -0.891038 -0.296236
FixedParameters: 0 0 0

#Transform 123
Transform: AffineTransform_float_3_3
Parameters: 1 0.000199184 -0.00100958 -0.000180809 0.999839 0.0179792 0.00101341 -0.0179788 0.999838 0.0200668 -0.884726 -0.338971
FixedParameters: 0 0 0

#Transform 124
Transform: AffineTransform_float_3_3
Parameters: 1 8.28167e-05 -0.0010117 -6.5178e-05 0.999845 0.0175981 0.0010133 -0.0175979 0.999844 0.0186212 -0.906033 -0.311775
FixedParameters: 0 0 0

#Transform 125
Transform: AffineTransform_float_3_3
Parameters: 1 7.03466e-05 -0.00121495 -4.96524e-05 0.999846 0.0175611 0.00121606 -0.0175609 0.999845 0.0223563 -0.920548 -0.343732
FixedParameters: 0 0 0

#Transform 126
Transform: AffineTransform_float_3_3
Parameters: 1 6.83494e-05 -0.00119497 -4.665e-05 0.99984 0.0178571 0.00119602 -0.0178569 0.99984 0.0220179 -0.937474 -0.334393
FixedParameters: 0 0 0

#Transform 127
Transform: AffineTransform_float_3_3
Parameters: 0.999999 0.000107663 -0.00101127 -9.0324e-05 0.999847 0.0174501 0.00101373 -0.0174499 0.999847 0.0106447 -0.950491 -0.383474
FixedParameters: 0 0 0

#Transform 128
Transform: AffineTransform_float_3_3
Parameters: 0.999999 -4.28638e-05 -0.00142598 6.81365e-05 0.999844 0.0176319 0.00142502 -0.0176321 0.999843 0.0155661 -0.933341 -0.375912
FixedParameters: 0 0 0

#Transform 129
Transform: AffineTransform_float_3_3
Parameters: 0.999999 0.000253153 -0.000980731 -0.000235842 0.999847 0.0174512 0.000985265 -0.0174508 0.999847 0.0153276 -0.963102 -0.336654
FixedParameters: 0 0 0

#Transform 130
Transform: AffineTransform_float_3_3
Parameters: 1 -2.25175e-05 -0.00070446 3.44912e-05 0.999867 0.016304 0.000704531 -0.016304 0.999867 0.00546859 -0.993168 -0.340581
FixedParameters: 0 0 0

#Transform 131
Transform: AffineTransform_float_3_3
Parameters: 0.999999 -0.00039181 0.00118767 0.00035918 0.999621 0.0275014 -0.00119833 -0.0275005 0.999621 0.0749646 -1.14655 0.206081
FixedParameters: 0 0 0

#Transform 132
Transform: AffineTransform_float_3_3
Parameters: 0.999988 -0.00290671 0.00411626 0.0027373 0.999169 0.0406508 -0.00423076 -0.0406392 0.999165 0.112564 -1.12914 0.528287
FixedParameters: 0 0 0

#Transform 133
Transform: AffineTransform_float_3_3
Parameters: 0.999971 -0.00416086 0.00634376 0.00397716 0.999584 0.028571 -0.00645921 -0.0285449 0.999571 0.181232 -1.15026 0.293517
FixedParameters: 0 0 0

#Transform 134
Transform: AffineTransform_float_3_3
Parameters: 0.99997 -0.00610378 0.00478505 0.00599822 0.999744 0.0218184 -0.00491695 -0.0217887 0.999751 0.150829 -1.17519 0.0478029
FixedParameters: 0 0 0

#Transform 135
Transform: AffineTransform_float_3_3
Parameters: 0.99999 -0.0030129 -0.00308424 0.00309011 0.999675 0.0253047 0.00300775 -0.0253143 0.999675 -0.026018 -1.10956 -0.113078
FixedParameters: 0 0 0

#Transform 136
Transform: AffineTransform_float_3_3
Parameters: 0.999984 -0.0051256 -0.00212656 0.0051794 0.999651 0.0259134 0.00199342 -0.0259246 0.999662 0.209779 -1.11478 -0.175191
FixedParameters: 0 0 0

#Transform 137
Transform: AffineTransform_float_3_3
Parameters: 0.99997 -0.00513409 0.00568131 0.00498891 0.999664 0.0254371 -0.00580971 -0.0254079 0.999661 0.061887 -1.06788 -0.141034
FixedParameters: 0 0 0

#Transform 138
Transform: AffineTransform_float_3_3
Parameters: 0.999672 -0.00400708 0.0253197 0.00328093 0.999584 0.0286525 -0.0254243 -0.0285605 0.999268 0.038658 -0.982328 -0.629994
FixedParameters: 0 0 0

#Transform 139
Transform: AffineTransform_float_3_3
Parameters: 0.999434 -0.00637828 0.0330257 0.00504769 0.999178 0.0402085 -0.0332553 -0.0400185 0.998646 -0.00213907 -0.850918 -0.836682
FixedParameters: 0 0 0

#Transform 140
Transform: AffineTransform_float_3_3
Parameters: 0.999886 -0.00490399 0.0142297 0.00435901 0.999265 0.0380804 -0.0144063 -0.0380147 0.999174 0.208649 -0.866689 -0.431009
FixedParameters: 0 0 0

#Transform 141
Transform: AffineTransform_float_3_3
Parameters: 0.999686 -0.00671392 0.0241123 0.0058641 0.999365 0.0351474 -0.0243327 -0.0349956 0.999091 0.219688 -0.981677 -0.342581
FixedParameters: 0 0 0

#Transform 142
Transform: AffineTransform_float_3_3
Parameters: 0.99986 -0.00558431 0.0158158 0.00502867 0.999377 0.0349365 -0.0160012 -0.0348516 0.999265 0.276279 -0.953828 -0.263762
FixedParameters: 0 0 0

#Transform 143
Transform: AffineTransform_float_3_3
Parameters: 0.99986 -0.00606844 0.0156023 0.00552153 0.999378 0.034831 -0.0158047 -0.03474 0.999272 0.284321 -0.94673 -0.226696
FixedParameters: 0 0 0

#Transform 144
Transform: AffineTransform_float_3_3
Parameters: 0.999865 -0.00590296 0.0153781 0.00536206 0.999374 0.0349832 -0.0155749 -0.0348968 0.999269 0.28339 -0.961592 -0.273253
FixedParameters: 0 0 0

#Transform 145
Transform: AffineTransform_float_3_3
Parameters: 0.999866 -0.00598112 0.0152234 0.0054429 0.999368 0.0351476 -0.0154236 -0.0350595 0.999266 0.292448 -0.979136 -0.285171
FixedParameters: 0 0 0

#Transform 146
Transform: AffineTransform_float_3_3
Parameters: 0.999863 -0.00598937 0.0154355 0.0054536 0.999387 0.0345609 -0.0156336 -0.0344711 0.999284 0.295256 -1.00139 -0.292705
FixedParameters: 0 0 0

#Transform 147
Transform: AffineTransform_float_3_3
Parameters: 0.999873 -0.00585777 0.0148357 0.00533126 0.999363 0.0353006 -0.0150323 -0.0352174 0.999266 0.273684 -0.994685 -0.274763
FixedParameters: 0 0 0

#Transform 148
Transform: AffineTransform_float_3_3
Parameters: 0.999893 -0.00552628 0.0135583 0.00504474 0.999362 0.0353502 -0.0137447 -0.0352788 0.999283 0.278484 -1.01444 -0.24443
FixedParameters: 0 0 0

#Transform 149
Transform: AffineTransform_float_3_3
Parameters: 0.999895 -0.00529372 0.0134539 0.00481128 0.999353 0.0356615 -0.0136341 -0.0355936 0.999274 0.273359 -1.01969 -0.272813
FixedParameters: 0 0 0

#Transform 150
Transform: AffineTransform_float_3_3
Parameters: 0.999894 -0.00529086 0.0135216 0.00481011 0.999364 0.0353518 -0.0137004 -0.0352823 0.999284 0.274647 -1.03783 -0.262816
FixedParameters: 0 0 0

#Transform 151
Transform: AffineTransform_float_3_3
Parameters: 0.999894 -0.00524922 0.0135928 0.00476478 0.999362 0.0354135 -0.0137702 -0.0353455 0.999281 0.273902 -1.04442 -0.227058
FixedParameters: 0 0 0

#Transform 152
Transform: AffineTransform_float_3_3
Parameters: 0.999899 -0.00495579 0.013335 0.0044962 0.999401 0.0342924 -0.013497 -0.0342286 0.999323 0.263965 -1.076 -0.221964
FixedParameters: 0 0 0

#Transform 153
Transform: AffineTransform_float_3_3
Parameters: 0.999904 -0.00493432 0.0129317 0.0044827 0.999387 0.0347003 -0.0130943 -0.0346387 0.999314 0.270195 -1.08909 -0.227798
FixedParameters: 0 0 0

#Transform 154
Transform: AffineTransform_float_3_3
Parameters: 0.999915 -0.00467859 0.0122213 0.00423739 0.999349 0.0358309 -0.0123817 -0.0357761 0.999283 0.248756 -1.1112 -0.149651
FixedParameters: 0 0 0

#Transform 155
Transform: AffineTransform_float_3_3
Parameters: 0.999933 -0.00412425 0.0108698 0.00371574 0.999296 0.0373149 -0.0110163 -0.0372721 0.999245 0.239294 -1.15083 -0.00517239
FixedParameters: 0 0 0
