#Insight Transform File V1.0
#Transform 0
Transform: AffineTransform_float_3_3
Parameters: 1 -0.000141448 0.000994835 0.00013355 0.999964 0.00848713 -0.000996169 -0.00848686 0.999963 0.0103757 -0.0251514 0.221492
FixedParameters: 0 0 0

#Transform 1
Transform: AffineTransform_float_3_3
Parameters: 0.999999 9.11042e-05 0.000734755 -9.68976e-05 0.999968 0.00802793 -0.000734246 -0.00802807 0.999968 -0.000489082 -0.0333531 0.216602
FixedParameters: 0 0 0

#Transform 2
Transform: AffineTransform_float_3_3
Parameters: 0.999998 0.000435657 0.00159514 -0.000447341 0.999974 0.0071173 -0.00159186 -0.0071177 0.999974 -0.0139093 -0.0244435 0.244976
FixedParameters: 0 0 0

#Transform 3
Transform: AffineTransform_float_3_3
Parameters: 0.999998 0.000328179 0.00162963 -0.000340814 0.999969 0.00787245 -0.00162637 -0.00787354 0.999967 -0.00987806 -0.0353872 0.246812
FixedParameters: 0 0 0

#Transform 4
Transform: AffineTransform_float_3_3
Parameters: 0.999998 0.000530711 0.00154093 -0.00054129 0.999973 0.00733517 -0.00153707 -0.00733582 0.999972 -0.00653812 -0.0319604 0.228159
FixedParameters: 0 0 0

#Transform 5
Transform: AffineTransform_float_3_3
Parameters: 0.999998 0.0004867 0.00152132 -0.000500297 0.999961 0.00875424 -0.00151668 -0.00875474 0.99996 -0.00731614 -0.0613876 0.299773
FixedParameters: 0 0 0

#Transform 6
Transform: AffineTransform_float_3_3
Parameters: 0.999999 0.00050565 0.00141311 -0.000516348 0.999967 0.00804227 -0.00140889 -0.00804371 0.999966 -0.00941595 -0.0478125 0.248342
FixedParameters: 0 0 0

#Transform 7
Transform: AffineTransform_float_3_3
Parameters: 0.999999 0.000459396 0.00146038 -0.000470601 0.999973 0.00726931 -0.00145662 -0.00726967 0.999972 -0.00526418 -0.0544688 0.235689
FixedParameters: 0 0 0

#Transform 8
Transform: AffineTransform_float_3_3
Parameters: 1 7.13288e-05 0.00113151 -7.96676e-05 0.999977 0.00678092 -0.00113049 -0.00678109 0.999977 0.00355959 -0.0573197 0.203371
FixedParameters: 0 0 0

#Transform 9
Transform: AffineTransform_float_3_3
Parameters: 0.999999 -0.000134 0.00135914 0.000125 0.999978 0.00662018 -0.00135986 -0.00661983 0.999977 0.00660323 -0.047771 0.200735
FixedParameters: 0 0 0

#Transform 10
Transform: AffineTransform_float_3_3
Parameters: 0.999999 -0.000387588 0.00135986 0.000380412 0.999985 0.00557553 -0.00136214 -0.00557548 0.999984 0.0129411 -0.0534609 0.173948
FixedParameters: 0 0 0

#Transform 11
Transform: AffineTransform_float_3_3
Parameters: 0.999999 -0.000432476 0.00119969 0.000426523 0.999986 0.00539252 -0.00120232 -0.00539248 0.999984 0.0164407 -0.061218 0.180586
FixedParameters: 0 0 0

#Transform 12
Transform: AffineTransform_float_3_3
Parameters: 0.999999 -0.000127563 0.00146536 0.000120439 0.999986 0.00516018 -0.00146564 -0.00515981 0.999985 0.00600263 -0.0520746 0.170787
FixedParameters: 0 0 0

#Transform 13
Transform: AffineTransform_float_3_3
Parameters: 0.999999 -0.000143724 0.00136641 0.000138279 0.999991 0.0041872 -0.00136659 -0.00418781 0.999991 0.012178 -0.0514146 0.145364
FixedParameters: 0 0 0

#Transform 14
Transform: AffineTransform_float_3_3
Parameters: 1 -8.85092e-05 -0.000186234 8.94903e-05 0.999996 0.00263798 0.000185765 -0.00263701 0.999996 0.025958 -0.0543362 0.107731
FixedParameters: 0 0 0

#Transform 15
Transform: AffineTransform_float_3_3
Parameters: 1 -6.6211e-05 -0.000490107 6.67888e-05 0.999998 0.00160997 0.000489893 -0.00161003 0.999998 0.0297377 -0.0305951 0.0892331
FixedParameters: 0 0 0

#Transform 16
Transform: AffineTransform_float_3_3
Parameters: 1 0.000235535 -0.000257512 -0.000235466 0.999998 0.00207606 0.000257489 -0.00207594 0.999998 0.0378922 -0.037465 0.112063
FixedParameters: 0 0 0

#Transform 17
Transform: AffineTransform_float_3_3
Parameters: 1 2.49939e-05 3.05049e-06 -2.5006e-05 0.999998 0.00202 -2.94949e-06 -0.00202 0.999998 0.0305334 -0.0260596 0.0975374
FixedParameters: 0 0 0

#Transform 18
Transform: AffineTransform_float_3_3
Parameters: 1 -0.000207825 -0.000103352 0.000207174 0.999998 0.00169198 0.00010265 -0.00169202 0.999998 0.0219042 -0.0290664 0.0815729
FixedParameters: 0 0 0

#Transform 19
Transform: AffineTransform_float_3_3
Parameters: 1 7.1494e-05 -0.00043792 -7.05059e-05 1 0.00112803 0.00043808 -0.00112797 1 0.0141888 -0.00799795 0.0289616
FixedParameters: 0 0 0

#Transform 20
Transform: AffineTransform_float_3_3
Parameters: 1 0.000151753 0.000261144 -0.000152247 0.999999 0.00094596 -0.000260856 -0.00094604 1 -0.0141037 -0.0180516 0.0210455
FixedParameters: 0 0 0

#Transform 21
Transform: AffineTransform_float_3_3
Parameters: 1 0.000237955 6.51642e-05 -0.000238045 0.999999 0.000689984 -6.48357e-05 -0.000690015 1 0.00472864 -0.0212839 0.0154023
FixedParameters: 0 0 0

#Transform 22
Transform: AffineTransform_float_3_3
Parameters: 1 8.10288e-05 -6.59646e-05 -8.09711e-05 1 0.000437005 6.60354e-05 -0.000436995 1 0.0176854 -0.0380115 0.0229031
FixedParameters: 0 0 0

#Transform 23
Transform: AffineTransform_float_3_3
Parameters: 1 0.000342108 0.000548557 -0.000342891 0.999998 0.00162681 -0.000547442 -0.00162719 0.999998 -0.00562078 -0.038901 0.0464816
FixedParameters: 0 0 0

#Transform 24
Transform: AffineTransform_float_3_3
Parameters: 0.999999 -6.24287e-05 0.000759884 6.05711e-05 0.999998 0.00188005 -0.000760115 -0.00187995 0.999998 0.0161041 -0.0374647 0.0719496
FixedParameters: 0 0 0

#Transform 25
Transform: AffineTransform_float_3_3
Parameters: 1 9.93523e-05 0.00038017 -9.9649e-05 0.999998 0.00170396 -0.000380831 -0.00170404 0.999998 0.00839603 -0.0115328 0.0671258
FixedParameters: 0 0 0

#Transform 26
Transform: AffineTransform_float_3_3
Parameters: 0.999999 0.000582711 0.000617218 -0.000583287 0.999997 0.00208864 -0.000615782 -0.00208936 0.999997 -0.0150502 -0.0197539 0.0691974
FixedParameters: 0 0 0

#Transform 27
Transform: AffineTransform_float_3_3
Parameters: 0.999999 0.000510177 0.000585718 -0.000510823 0.999999 0.0014057 -0.000585283 -0.0014053 0.999999 -0.0105613 -0.0214918 0.0621846
FixedParameters: 0 0 0

#Transform 28
Transform: AffineTransform_float_3_3
Parameters: 0.999999 0.00127637 -0.000790404 -0.00127563 0.999999 0.000467009 0.000791595 -0.00046599 0.999999 -0.00166392 -0.00583461 0.0700239
FixedParameters: 0 0 0

#Transform 29
Transform: AffineTransform_float_3_3
Parameters: 1 0.000832956 0.000692853 -0.000832044 0.999998 -0.00137858 -0.000694148 0.00137842 0.999999 -0.00235801 -0.0107586 0.0285026
FixedParameters: 0 0 0

#Transform 30
Transform: AffineTransform_float_3_3
Parameters: 0.999998 0.00224353 0.000199131 -0.00224247 0.999994 -0.00261645 -0.000204869 0.00261655 0.999996 -0.0369665 0.024602 0.0661894
FixedParameters: 0 0 0

#Transform 31
Transform: AffineTransform_float_3_3
Parameters: 0.999998 0.00195665 0.000686488 -0.00195435 0.99999 -0.00384235 -0.000694513 0.00384065 0.999993 0.0197522 0.0356664 0.0118683
FixedParameters: 0 0 0

#Transform 32
Transform: AffineTransform_float_3_3
Parameters: 0.999998 0.00195347 -0.000120005 -0.00195453 0.999988 -0.00460878 0.000110995 0.00460823 0.99999 0.0699128 0.066169 -0.0757029
FixedParameters: 0 0 0

#Transform 33
Transform: AffineTransform_float_3_3
Parameters: 0.999999 0.00149443 -0.000357622 -0.00149557 0.999989 -0.00442847 0.000351379 0.00442953 0.99999 0.0317121 0.0515924 -0.182166
FixedParameters: 0 0 0

#Transform 34
Transform: AffineTransform_float_3_3
Parameters: 0.999999 0.00185846 -0.000119697 -0.00185854 0.999988 -0.00467879 0.000111305 0.00467922 0.999989 -0.00759267 0.0145885 -0.0631091
FixedParameters: 0 0 0

#Transform 35
Transform: AffineTransform_float_3_3
Parameters: 0.999996 0.00232812 0.00104467 -0.00232289 0.999986 -0.00487144 -0.00105533 0.00486956 0.999987 -0.0306555 0.0463845 -0.0968257
FixedParameters: 0 0 0

#Transform 36
Transform: AffineTransform_float_3_3
Parameters: 0.999999 0.00170901 0.000611667 -0.001706 0.999986 -0.00488105 -0.000619334 0.00487995 0.999988 -0.0201606 0.0366207 -0.0534017
FixedParameters: 0 0 0

#Transform 37
Transform: AffineTransform_float_3_3
Parameters: 0.999998 0.0013737 0.00104987 -0.00136829 0.999989 -0.00446844 -0.00105612 0.00446755 0.999989 -0.0181368 0.00134248 -0.187575
FixedParameters: 0 0 0

#Transform 38
Transform: AffineTransform_float_3_3
Parameters: 1 0.00091276 0.000180195 -0.000912242 0.999991 -0.00417117 -0.000183807 0.00417083 0.999992 -0.023661 -0.00307968 -0.167787
FixedParameters: 0 0 0

#Transform 39
Transform: AffineTransform_float_3_3
Parameters: 0.999999 0.00130584 -0.000627609 -0.00130916 0.999987 -0.00505419 0.000621391 0.00505482 0.999987 -0.00682162 0.0547179 -0.116751
FixedParameters: 0 0 0

#Transform 40
Transform: AffineTransform_float_3_3
Parameters: 0.999999 0.00137026 -0.000645985 -0.00137374 0.999982 -0.00581912 0.000638015 0.00582088 0.999983 -0.00105424 0.0355185 -0.174089
FixedParameters: 0 0 0

#Transform 41
Transform: AffineTransform_float_3_3
Parameters: 0.999998 0.00164927 -0.00119316 -0.00165873 0.999971 -0.00735204 0.00118184 0.00735396 0.999973 0.0177105 0.0533021 -0.212969
FixedParameters: 0 0 0

#Transform 42
Transform: AffineTransform_float_3_3
Parameters: 0.999999 0.001343 -0.00119122 -0.00135201 0.999971 -0.00758641 0.00118178 0.00758861 0.999971 0.000121162 0.0486546 -0.243308
FixedParameters: 0 0 0

#Transform 43
Transform: AffineTransform_float_3_3
Parameters: 0.999998 0.00104179 -0.00133184 -0.0010522 0.999964 -0.00843961 0.00132217 0.00844139 0.999964 0.00335947 0.0375075 -0.211958
FixedParameters: 0 0 0

#Transform 44
Transform: AffineTransform_float_3_3
Parameters: 0.999999 0.00125594 -0.00128094 -0.00126706 0.999961 -0.00867038 0.00127006 0.0086716 0.999961 -0.0114112 0.0343928 -0.206338
FixedParameters: 0 0 0

#Transform 45
Transform: AffineTransform_float_3_3
Parameters: 0.999998 0.00164822 -0.00166578 -0.00166578 0.999941 -0.0107273 0.00164822 0.0107297 0.999941 -0.0101961 0.0611833 -0.298094
FixedParameters: 0 0 0

#Transform 46
Transform: AffineTransform_float_3_3
Parameters: 0.999993 -0.00389937 -7.1407e-05 0.00389965 0.999758 0.0216419 -1.23996e-05 -0.0216421 0.999766 0.300972 -0.7078 1.99471
FixedParameters: 0 0 0

#Transform 47
Transform: AffineTransform_float_3_3
Parameters: 0.99997 -0.00613868 0.00486733 0.00567135 0.995845 0.0908813 -0.0054047 -0.0908506 0.99585 0.0233613 -1.39374 2.88509
FixedParameters: 0 0 0

#Transform 48
Transform: AffineTransform_float_3_3
Parameters: 0.999974 -0.00502002 0.00507241 0.00451101 0.99539 0.0958113 -0.00552958 -0.0957857 0.995386 -0.0210369 -1.29465 2.39303
FixedParameters: 0 0 0

#Transform 49
Transform: AffineTransform_float_3_3
Parameters: 0.999984 -0.00130459 0.00547176 0.000860474 0.996756 0.08048 -0.00555828 -0.080474 0.996741 -0.075516 -1.09184 2.32634
FixedParameters: 0 0 0

#Transform 50
Transform: AffineTransform_float_3_3
Parameters: 0.999987 -0.00271945 0.00430271 0.00239153 0.997228 0.0743592 -0.00449326 -0.0743477 0.997222 -0.0544776 -0.886488 1.30294
FixedParameters: 0 0 0

#Transform 51
Transform: AffineTransform_float_3_3
Parameters: 0.99998 -0.00218293 0.00595673 0.00178105 0.997774 0.0666649 -0.00608927 -0.066653 0.997757 -0.0366364 -0.828304 1.01288
FixedParameters: 0 0 0

#Transform 52
Transform: AffineTransform_float_3_3
Parameters: 0.999979 0.000414539 0.00656124 -0.000779449 0.998451 0.0556431 -0.00652774 -0.0556469 0.998429 -0.124115 -0.60872 0.688147
FixedParameters: 0 0 0

#Transform 53
Transform: AffineTransform_float_3_3
Parameters: 0.999979 -0.00177626 0.00632101 0.00142174 0.998452 0.0556152 -0.00640999 -0.0556048 0.998433 -0.0983663 -0.660151 0.751366
FixedParameters: 0 0 0

#Transform 54
Transform: AffineTransform_float_3_3
Parameters: 0.999982 -0.00336125 0.00501237 0.00309472 0.998631 0.0522115 -0.00518162 -0.0521956 0.998624 -0.0215292 -0.752323 0.63616
FixedParameters: 0 0 0

#Transform 55
Transform: AffineTransform_float_3_3
Parameters: 0.999979 -0.000988344 0.00642148 0.00065468 0.998662 0.0517073 -0.00646349 -0.0517017 0.998641 -0.0624667 -0.681263 0.673331
FixedParameters: 0 0 0

#Transform 56
Transform: AffineTransform_float_3_3
Parameters: 0.999985 -0.00133039 0.00541537 0.00107863 0.998934 0.0461616 -0.00547062 -0.0461555 0.99892 -0.0495285 -0.626704 0.626035
FixedParameters: 0 0 0

#Transform 57
Transform: AffineTransform_float_3_3
Parameters: 0.999988 -0.00160284 0.0044834 0.00142213 0.999196 0.0400518 -0.0045446 -0.0400441 0.999187 -0.00628268 -0.709693 0.660476
FixedParameters: 0 0 0

#Transform 58
Transform: AffineTransform_float_3_3
Parameters: 0.999965 -0.00692015 -0.0045809 0.00718785 0.998094 0.0612952 0.00414811 -0.0613258 0.998109 0.440788 -1.28664 0.0245135
FixedParameters: 0 0 0

#Transform 59
Transform: AffineTransform_float_3_3
Parameters: 0.999973 -0.003329 -0.00665746 0.00363398 0.998919 0.0463391 0.00649554 -0.0463619 0.998903 0.293545 -0.697571 -0.139426
FixedParameters: 0 0 0

#Transform 60
Transform: AffineTransform_float_3_3
Parameters: 0.999973 -0.00541783 -0.00508918 0.00560017 0.999318 0.0364925 0.00488782 -0.0365195 0.999321 0.269222 -0.516468 0.0085828
FixedParameters: 0 0 0

#Transform 61
Transform: AffineTransform_float_3_3
Parameters: 0.999933 -0.00589791 -0.00997541 0.00644806 0.998407 0.0560424 0.00962857 -0.0561025 0.998378 0.355938 -0.89963 0.02441
FixedParameters: 0 0 0

#Transform 62
Transform: AffineTransform_float_3_3
Parameters: 0.99995 -0.00456541 -0.00891131 0.00497863 0.998885 0.046956 0.00868771 -0.0469981 0.998857 0.307423 -0.795971 0.0483891
FixedParameters: 0 0 0

#Transform 63
Transform: AffineTransform_float_3_3
Parameters: 0.999959 -0.00204966 -0.00875712 0.00237733 0.999292 0.0375337 0.00867386 -0.0375533 0.999257 0.230602 -0.533305 -0.176677
FixedParameters: 0 0 0

#Transform 64
Transform: AffineTransform_float_3_3
Parameters: 0.999959 -0.00236612 -0.00880321 0.00266291 0.999423 0.0338669 0.00871879 -0.033889 0.999387 0.257362 -0.485747 -0.317635
FixedParameters: 0 0 0

#Transform 65
Transform: AffineTransform_float_3_3
Parameters: 0.999959 -0.0022212 -0.00875094 0.0024698 0.99959 0.0285235 0.00868406 -0.0285444 0.999555 0.249408 -0.438825 -0.315461
FixedParameters: 0 0 0

#Transform 66
Transform: AffineTransform_float_3_3
Parameters: 0.999966 -0.00168351 -0.00805336 0.00189651 0.999649 0.0264506 0.00800662 -0.0264654 0.999617 0.22028 -0.432804 -0.307541
FixedParameters: 0 0 0

#Transform 67
Transform: AffineTransform_float_3_3
Parameters: 0.999965 -0.00176576 -0.00818354 0.00196524 0.999701 0.0244038 0.00813745 -0.0244182 0.999668 0.228836 -0.421407 -0.328933
FixedParameters: 0 0 0

#Transform 68
Transform: AffineTransform_float_3_3
Parameters: 0.999968 -0.00139774 -0.00796535 0.00157128 0.999762 0.0217872 0.00793364 -0.0217988 0.999731 0.218267 -0.411779 -0.364153
FixedParameters: 0 0 0

#Transform 69
Transform: AffineTransform_float_3_3
Parameters: 0.999972 -0.00183389 -0.00727612 0.00197811 0.999799 0.0199872 0.00723789 -0.0200008 0.999774 0.223604 -0.405106 -0.349301
FixedParameters: 0 0 0

#Transform 70
Transform: AffineTransform_float_3_3
Parameters: 0.999978 -0.00213767 -0.00629165 0.00225134 0.999835 0.0180612 0.00625234 -0.0180748 0.999817 0.253679 -0.380741 -0.319722
FixedParameters: 0 0 0

#Transform 71
Transform: AffineTransform_float_3_3
Parameters: 0.999979 -0.00224816 -0.0061926 0.00233584 0.999896 0.0142148 0.0061594 -0.0142292 0.99988 0.271664 -0.32316 -0.305764
FixedParameters: 0 0 0

#Transform 72
Transform: AffineTransform_float_3_3
Parameters: 0.999977 -0.00278556 -0.00619733 0.00286544 0.999914 0.0128475 0.00616067 -0.0128645 0.999899 0.279704 -0.334694 -0.273502
FixedParameters: 0 0 0

#Transform 73
Transform: AffineTransform_float_3_3
Parameters: 0.999973 -0.00395961 -0.00630649 0.00404238 0.999906 0.0131049 0.00625351 -0.0131301 0.999894 0.24615 -0.38554 -0.255841
FixedParameters: 0 0 0

#Transform 74
Transform: AffineTransform_float_3_3
Parameters: 0.999978 -0.00366436 -0.00541966 0.00373063 0.999917 0.012337 0.00537335 -0.012357 0.999909 0.230404 -0.366037 -0.224744
FixedParameters: 0 0 0

#Transform 75
Transform: AffineTransform_float_3_3
Parameters: 0.999985 -0.00336674 -0.00429249 0.00340927 0.999946 0.00987752 0.00425951 -0.00989149 0.999942 0.194025 -0.328732 -0.153779
FixedParameters: 0 0 0

#Transform 76
Transform: AffineTransform_float_3_3
Parameters: 0.999985 -0.00379432 -0.00396642 0.00383069 0.99995 0.00928195 0.00393158 -0.00929706 0.999949 0.201307 -0.33454 -0.121677
FixedParameters: 0 0 0

#Transform 77
Transform: AffineTransform_float_3_3
Parameters: 0.999988 -0.00324338 -0.00371981 0.00327463 0.999959 0.00852692 0.00369219 -0.00853808 0.999956 0.190849 -0.327692 -0.136565
FixedParameters: 0 0 0

#Transform 78
Transform: AffineTransform_float_3_3
Parameters: 0.999992 -0.0023171 -0.00321272 0.0023359 0.99998 0.00589154 0.00319929 -0.00589846 0.999978 0.164326 -0.28498 -0.136898
FixedParameters: 0 0 0

#Transform 79
Transform: AffineTransform_float_3_3
Parameters: 0.999992 -0.00273689 -0.00287056 0.00275011 0.999986 0.00457314 0.00285744 -0.00458086 0.999986 0.172174 -0.320285 -0.13737
FixedParameters: 0 0 0

#Transform 80
Transform: AffineTransform_float_3_3
Parameters: 0.999989 -0.00305077 -0.00338959 0.00306824 0.999983 0.00509166 0.00337441 -0.00510135 0.999982 0.182874 -0.343987 -0.134396
FixedParameters: 0 0 0

#Transform 81
Transform: AffineTransform_float_3_3
Parameters: 0.999988 -0.0031753 -0.00371036 0.0031927 0.999985 0.00450321 0.00369664 -0.00451479 0.999983 0.218326 -0.340499 -0.142059
FixedParameters: 0 0 0

#Transform 82
Transform: AffineTransform_float_3_3
Parameters: 0.999988 -0.00303149 -0.00390786 0.00304751 0.999987 0.00422515 0.00389514 -0.00423686 0.999984 0.227497 -0.314836 -0.147683
FixedParameters: 0 0 0

#Transform 83
Transform: AffineTransform_float_3_3
Parameters: 0.999988 -0.00326417 -0.00382471 0.00327884 0.999987 0.00387851 0.00381229 -0.00389149 0.999985 0.231898 -0.325682 -0.146574
FixedParameters: 0 0 0

#Transform 84
Transform: AffineTransform_float_3_3
Parameters: 0.999985 -0.00362519 -0.00406068 0.00363582 0.99999 0.00265928 0.00405132 -0.00267373 0.999988 0.238054 -0.322464 -0.117778
FixedParameters: 0 0 0

#Transform 85
Transform: AffineTransform_float_3_3
Parameters: 0.999987 -0.0033547 -0.00382941 0.0033623 0.999992 0.00190115 0.00382259 -0.00191485 0.999991 0.236367 -0.336468 -0.159366
FixedParameters: 0 0 0

#Transform 86
Transform: AffineTransform_float_3_3
Parameters: 0.999988 -0.0023712 -0.00412003 0.0023728 0.999997 0.000431229 0.00411896 -0.000440772 0.999991 0.187021 -0.363797 -0.164746
FixedParameters: 0 0 0

#Transform 87
Transform: AffineTransform_float_3_3
Parameters: 0.999989 -0.00201911 -0.00429184 0.00202289 0.999997 0.000903328 0.00429017 -0.000911672 0.999991 0.170404 -0.379474 -0.169179
FixedParameters: 0 0 0

#Transform 88
Transform: AffineTransform_float_3_3
Parameters: 0.999991 -0.00154346 -0.00409208 0.00154054 0.999998 -0.00060331 0.00409293 0.000596689 0.999992 0.151329 -0.358912 -0.204173
FixedParameters: 0 0 0

#Transform 89
Transform: AffineTransform_float_3_3
Parameters: 0.99999 -0.00211748 -0.00388711 0.00211453 0.999998 -0.000897229 0.00388989 0.000889772 0.999992 0.17711 -0.359776 -0.257645
FixedParameters: 0 0 0

#Transform 90
Transform: AffineTransform_float_3_3
Parameters: 0.999991 -0.00251436 -0.00342107 0.00250864 0.999995 -0.0015696 0.00342493 0.0015614 0.999993 0.195728 -0.341644 -0.254422
FixedParameters: 0 0 0

#Transform 91
Transform: AffineTransform_float_3_3
Parameters: 0.999989 -0.00270091 -0.00388351 0.00269309 0.999995 -0.00204048 0.00388949 0.00203052 0.999991 0.202723 -0.349154 -0.278576
FixedParameters: 0 0 0

#Transform 92
Transform: AffineTransform_float_3_3
Parameters: 0.99999 -0.00244338 -0.00387986 0.00243163 0.999992 -0.00293346 0.00388714 0.00292453 0.999988 0.194323 -0.358036 -0.275204
FixedParameters: 0 0 0

#Transform 93
Transform: AffineTransform_float_3_3
Parameters: 0.99999 -0.00220827 -0.00371032 0.00219673 0.999993 -0.00303918 0.00371668 0.00303082 0.999989 0.188939 -0.351794 -0.269278
FixedParameters: 0 0 0

#Transform 94
Transform: AffineTransform_float_3_3
Parameters: 0.999989 -0.00226189 -0.00415947 0.0022481 0.999992 -0.00334239 0.00416752 0.00333261 0.999986 0.191672 -0.356016 -0.288574
FixedParameters: 0 0 0

#Transform 95
Transform: AffineTransform_float_3_3
Parameters: 0.999989 -0.0022657 -0.00416704 0.00225129 0.999991 -0.00353042 0.00417496 0.00352058 0.999985 0.179455 -0.355715 -0.295556
FixedParameters: 0 0 0

#Transform 96
Transform: AffineTransform_float_3_3
Parameters: 0.99999 -0.00154705 -0.00414478 0.00153295 0.999993 -0.00339039 0.00414922 0.00338361 0.999985 0.156594 -0.361042 -0.309569
FixedParameters: 0 0 0

#Transform 97
Transform: AffineTransform_float_3_3
Parameters: 0.99999 -0.00161389 -0.00432574 0.00159612 0.999991 -0.00390395 0.00433126 0.00389705 0.999983 0.144996 -0.360224 -0.297457
FixedParameters: 0 0 0

#Transform 98
Transform: AffineTransform_float_3_3
Parameters: 0.999989 -0.00189583 -0.00426368 0.00187718 0.999989 -0.00441505 0.00427132 0.00440695 0.999981 0.158351 -0.371248 -0.304482
FixedParameters: 0 0 0

#Transform 99
Transform: AffineTransform_float_3_3
Parameters: 0.999989 -0.00163382 -0.0044047 0.00161418 0.999988 -0.00449916 0.0044123 0.00449184 0.99998 0.159259 -0.378316 -0.313426
FixedParameters: 0 0 0

#Transform 100
Transform: AffineTransform_float_3_3
Parameters: 0.999988 -0.00124943 -0.00476191 0.00122558 0.999987 -0.00491889 0.00476808 0.0049131 0.999976 0.144418 -0.362101 -0.318104
FixedParameters: 0 0 0

#Transform 101
Transform: AffineTransform_float_3_3
Parameters: 0.999989 -0.00122425 -0.00448171 0.00120076 0.999986 -0.00518643 0.00448728 0.00518156 0.999976 0.142694 -0.358709 -0.340657
FixedParameters: 0 0 0

#Transform 102
Transform: AffineTransform_float_3_3
Parameters: 0.999988 -0.00112811 -0.00476212 0.00110389 0.999986 -0.00527332 0.00476788 0.00526769 0.999975 0.134585 -0.378443 -0.367984
FixedParameters: 0 0 0

#Transform 103
Transform: AffineTransform_float_3_3
Parameters: 0.999988 -0.0013971 -0.00466856 0.0013729 0.999984 -0.00537547 0.00467544 0.00536853 0.999974 0.128813 -0.37845 -0.338091
FixedParameters: 0 0 0

#Transform 104
Transform: AffineTransform_float_3_3
Parameters: 0.999987 0.000264686 -0.00506303 -0.000301317 0.999974 -0.00717357 0.00506097 0.00717444 0.999962 0.0574481 -0.371274 -0.337605
FixedParameters: 0 0 0

#Transform 105
Transform: AffineTransform_float_3_3
Parameters: 0.999987 -0.00070326 -0.00501105 0.000667738 0.999973 -0.00723444 0.00501596 0.00723056 0.999962 0.0835935 -0.356619 -0.308484
FixedParameters: 0 0 0

#Transform 106
Transform: AffineTransform_float_3_3
Parameters: 0.999984 -0.0030188 -0.00492467 0.0030152 0.999995 -0.000778862 0.00492633 0.000764141 0.999987 0.15322 -0.469853 -0.203597
FixedParameters: 0 0 0

#Transform 107
Transform: AffineTransform_float_3_3
Parameters: 0.999971 -0.00287346 -0.00714204 0.00288155 0.999996 0.00104645 0.00713896 -0.00106655 0.999974 0.188252 -0.498129 -0.229028
FixedParameters: 0 0 0

#Transform 108
Transform: AffineTransform_float_3_3
Parameters: 0.999977 -0.00253618 -0.00640593 0.00253582 0.999997 -3.62451e-05 0.00640607 1.97535e-05 0.999979 0.166898 -0.495118 -0.240571
FixedParameters: 0 0 0

#Transform 109
Transform: AffineTransform_float_3_3
Parameters: 0.999979 -0.00263262 -0.00591929 0.00262138 0.999995 -0.00180055 0.00592371 0.00178544 0.999981 0.184489 -0.490947 -0.297116
FixedParameters: 0 0 0

#Transform 110
Transform: AffineTransform_float_3_3
Parameters: 0.999986 -0.00218796 -0.00492751 0.00217104 0.999991 -0.00344475 0.0049345 0.00343425 0.999982 0.171757 -0.457756 -0.322056
FixedParameters: 0 0 0

#Transform 111
Transform: AffineTransform_float_3_3
Parameters: 0.999986 -0.00223414 -0.00492457 0.00221086 0.999986 -0.00469995 0.00493443 0.00468904 0.999977 0.160385 -0.447065 -0.295743
FixedParameters: 0 0 0

#Transform 112
Transform: AffineTransform_float_3_3
Parameters: 0.999984 -0.00193224 -0.00532684 0.00190376 0.999984 -0.00530123 0.00533716 0.00529077 0.999972 0.161591 -0.459428 -0.349402
FixedParameters: 0 0 0

#Transform 113
Transform: AffineTransform_float_3_3
Parameters: 0.999985 -0.00128574 -0.0051832 0.00125826 0.999985 -0.0053526 0.0051898 0.0053454 0.999972 0.16176 -0.441784 -0.358327
FixedParameters: 0 0 0

#Transform 114
Transform: AffineTransform_float_3_3
Parameters: 0.999986 -0.00188898 -0.00492962 0.00185902 0.99998 -0.00607925 0.00494139 0.00607075 0.99997 0.185598 -0.460939 -0.396468
FixedParameters: 0 0 0

#Transform 115
Transform: AffineTransform_float_3_3
Parameters: 0.999984 -0.00176411 -0.0053382 0.00172789 0.999975 -0.00676233 0.0053498 0.00675267 0.999963 0.191144 -0.441725 -0.404756
FixedParameters: 0 0 0

#Transform 116
Transform: AffineTransform_float_3_3
Parameters: 0.999981 -0.00161316 -0.00605515 0.00156785 0.999971 -0.00745464 0.00606685 0.00744536 0.999954 0.200118 -0.441504 -0.424015
FixedParameters: 0 0 0

#Transform 117
Transform: AffineTransform_float_3_3
Parameters: 0.999978 -0.000846937 -0.00659442 0.000794064 0.999968 -0.00802642 0.00660058 0.00802059 0.999946 0.176854 -0.434251 -0.441349
FixedParameters: 0 0 0

#Transform 118
Transform: AffineTransform_float_3_3
Parameters: 0.999984 -0.000660207 -0.00551543 0.000646793 0.999997 -0.0023956 0.00551756 0.00239239 0.999982 0.142331 -0.59673 -0.108772
FixedParameters: 0 0 0

#Transform 119
Transform: AffineTransform_float_3_3
Parameters: 0.99999 -0.000324767 -0.00429998 0.000310238 0.999995 -0.00320136 0.00430001 0.00320063 0.999985 0.0905718 -0.585926 -0.211497
FixedParameters: 0 0 0

#Transform 120
Transform: AffineTransform_float_3_3
Parameters: 0.999991 -0.000338093 -0.00434985 0.000322909 0.999994 -0.00346944 0.00435115 0.00346856 0.999984 0.107701 -0.556193 -0.187844
FixedParameters: 0 0 0

#Transform 121
Transform: AffineTransform_float_3_3
Parameters: 0.999987 -0.00134853 -0.00477536 0.00133247 0.999993 -0.0034634 0.00477964 0.0034566 0.999982 0.160817 -0.453988 -0.238934
FixedParameters: 0 0 0

#Transform 122
Transform: AffineTransform_float_3_3
Parameters: 0.999985 -0.00126391 -0.00540779 0.0012371 0.999987 -0.00497577 0.00541322 0.00496923 0.999973 0.144137 -0.47033 -0.306793
FixedParameters: 0 0 0

#Transform 123
Transform: AffineTransform_float_3_3
Parameters: 0.999974 -0.000399754 -0.00728033 0.000325242 0.999948 -0.0101286 0.00728467 0.0101264 0.999922 0.126673 -0.416883 -0.372467
FixedParameters: 0 0 0

#Transform 124
Transform: AffineTransform_float_3_3
Parameters: 0.999988 0.000370156 -0.004745 -0.000394845 0.999986 -0.00523619 0.004743 0.00523782 0.999975 0.0799015 -0.435848 -0.326545
FixedParameters: 0 0 0

#Transform 125
Transform: AffineTransform_float_3_3
Parameters: 0.999981 0.00114453 -0.00595096 -0.00120947 0.999938 -0.011009 0.00593804 0.011016 0.999921 0.0408482 -0.377274 -0.350927
FixedParameters: 0 0 0

#Transform 126
Transform: AffineTransform_float_3_3
Parameters: 0.999974 0.00165874 -0.00700449 -0.00174725 0.999919 -0.0126131 0.00698251 0.0126249 0.999896 0.0531105 -0.368973 -0.561042
FixedParameters: 0 0 0

#Transform 127
Transform: AffineTransform_float_3_3
Parameters: 0.999978 0.00106537 -0.00654698 -0.00114763 0.999919 -0.0126308 0.00653302 0.0126382 0.999899 0.0783284 -0.374102 -0.514483
FixedParameters: 0 0 0

#Transform 128
Transform: AffineTransform_float_3_3
Parameters: 0.999977 8.03623e-05 -0.00669433 -0.000156646 0.999936 -0.0112992 0.00669365 0.0112998 0.999914 0.106627 -0.379218 -0.551654
FixedParameters: 0 0 0

#Transform 129
Transform: AffineTransform_float_3_3
Parameters: 0.999978 0.00071396 -0.00648468 -0.000797044 0.999917 -0.0128121 0.00647532 0.0128169 0.999897 0.0551273 -0.39538 -0.434956
FixedParameters: 0 0 0

#Transform 130
Transform: AffineTransform_float_3_3
Parameters: 0.999978 0.00136771 -0.00638233 -0.0014543 0.999905 -0.013692 0.00636368 0.013701 0.999886 0.0323664 -0.377819 -0.377332
FixedParameters: 0 0 0

#Transform 131
Transform: AffineTransform_float_3_3
Parameters: 0.999946 -0.000619055 -0.0103842 0.000470938 0.999899 -0.0142537 0.0103928 0.0142483 0.999845 0.308083 -0.410468 -0.584461
FixedParameters: 0 0 0

#Transform 132
Transform: AffineTransform_float_3_3
Parameters: 0.999985 0.0029868 -0.0047345 -0.0029862 0.999995 0.000176141 0.00473551 -0.000161858 0.999989 0.0215991 -0.53176 -0.294069
FixedParameters: 0 0 0

#Transform 133
Transform: AffineTransform_float_3_3
Parameters: 0.99997 0.00434106 -0.00631939 -0.00439493 0.999954 -0.00854647 0.0062816 0.00857452 0.999943 -0.00563895 -0.345985 -0.560769
FixedParameters: 0 0 0

#Transform 134
Transform: AffineTransform_float_3_3
Parameters: 0.99997 0.00421794 -0.00649967 -0.00429507 0.99992 -0.0118884 0.00644934 0.0119156 0.999908 -0.0158454 -0.299927 -0.600626
FixedParameters: 0 0 0

#Transform 135
Transform: AffineTransform_float_3_3
Parameters: 0.999971 0.00488423 -0.005871 -0.00493877 0.999944 -0.00935028 0.00582501 0.00937873 0.999939 -0.0140998 -0.361397 -0.724011
FixedParameters: 0 0 0

#Transform 136
Transform: AffineTransform_float_3_3
Parameters: 0.999961 0.00505602 -0.00733065 -0.00517799 0.999847 -0.0167177 0.00724536 0.0167553 0.999834 -0.0322329 -0.283277 -0.692294
FixedParameters: 0 0 0

#Transform 137
Transform: AffineTransform_float_3_3
Parameters: 0.999959 0.00506569 -0.007571 -0.00520231 0.999822 -0.0180944 0.00747799 0.0181336 0.999807 -0.0299309 -0.278947 -0.774794
FixedParameters: 0 0 0

#Transform 138
Transform: AffineTransform_float_3_3
Parameters: 0.999952 0.00572237 -0.00796244 -0.00588062 0.999782 -0.0200441 0.00784557 0.0200899 0.999768 -0.0379489 -0.243381 -0.821276
FixedParameters: 0 0 0

#Transform 139
Transform: AffineTransform_float_3_3
Parameters: 0.999954 0.00562445 -0.00784466 -0.00577757 0.999792 -0.0195626 0.00773333 0.0196064 0.999778 -0.0385842 -0.27176 -0.796324
FixedParameters: 0 0 0

#Transform 140
Transform: AffineTransform_float_3_3
Parameters: 0.999946 0.00565193 -0.00873489 -0.00583607 0.999759 -0.0211932 0.00861311 0.0212428 0.999737 -0.0130549 -0.258346 -0.900797
FixedParameters: 0 0 0

#Transform 141
Transform: AffineTransform_float_3_3
Parameters: 0.999949 0.00550377 -0.00840589 -0.00567122 0.999784 -0.0200013 0.00829409 0.0200477 0.999764 -0.0245046 -0.275985 -0.811509
FixedParameters: 0 0 0

#Transform 142
Transform: AffineTransform_float_3_3
Parameters: 0.999961 0.00572752 -0.00680193 -0.00585849 0.999794 -0.0194709 0.00668909 0.0195101 0.999788 -0.0400801 -0.286649 -0.91502
FixedParameters: 0 0 0

#Transform 143
Transform: AffineTransform_float_3_3
Parameters: 0.999956 0.00580865 -0.00726923 -0.00596235 0.999757 -0.0212556 0.00714375 0.0212974 0.999747 -0.0680922 -0.279544 -0.794564
FixedParameters: 0 0 0

#Transform 144
Transform: AffineTransform_float_3_3
Parameters: 0.99996 0.00536273 -0.00706758 -0.00551326 0.999756 -0.0214169 0.00695041 0.0214551 0.999745 -0.0762745 -0.304219 -0.777746
FixedParameters: 0 0 0

#Transform 145
Transform: AffineTransform_float_3_3
Parameters: 0.999954 0.00562061 -0.00785673 -0.00579139 0.999745 -0.0218345 0.00773226 0.0218795 0.99973 -0.0551009 -0.309116 -0.790667
FixedParameters: 0 0 0

#Transform 146
Transform: AffineTransform_float_3_3
Parameters: 0.999956 0.00563148 -0.00747871 -0.00580152 0.999723 -0.0228416 0.00734828 0.0228844 0.999711 -0.0816084 -0.283978 -0.820188
FixedParameters: 0 0 0

#Transform 147
Transform: AffineTransform_float_3_3
Parameters: 0.999954 0.00543532 -0.0079181 -0.00561568 0.99972 -0.0229776 0.0077909 0.0230214 0.999704 -0.0595867 -0.316008 -0.836037
FixedParameters: 0 0 0

#Transform 148
Transform: AffineTransform_float_3_3
Parameters: 0.99995 0.00551923 -0.00841479 -0.00571778 0.999701 -0.0237841 0.00828122 0.0238309 0.999681 -0.0301454 -0.32353 -0.875145
FixedParameters: 0 0 0

#Transform 149
Transform: AffineTransform_float_3_3
Parameters: 0.999943 0.00558324 -0.00909384 -0.00583076 0.999606 -0.0274495 0.00893716 0.0275015 0.999582 -0.0600895 -0.285035 -0.876741
FixedParameters: 0 0 0

#Transform 150
Transform: AffineTransform_float_3_3
Parameters: 0.999942 0.00550389 -0.00927585 -0.00577911 0.999537 -0.0298971 0.00910714 0.0299499 0.99951 -0.0474297 -0.298349 -0.880613
FixedParameters: 0 0 0

#Transform 151
Transform: AffineTransform_float_3_3
Parameters: 0.999945 0.00535422 -0.00909934 -0.00562181 0.999548 -0.0295515 0.00893764 0.0296005 0.999522 -0.0406612 -0.316927 -0.873596
FixedParameters: 0 0 0

#Transform 152
Transform: AffineTransform_float_3_3
Parameters: 0.999953 0.00452088 -0.00859189 -0.00477112 0.999556 -0.0294354 0.00845513 0.0294756 0.999529 -0.00992246 -0.354801 -0.891394
FixedParameters: 0 0 0

#Transform 153
Transform: AffineTransform_float_3_3
Parameters: 0.999946 0.00505496 -0.00908836 -0.00531805 0.999561 -0.0291542 0.00893762 0.0292017 0.999533 -0.0132036 -0.354646 -0.907571
FixedParameters: 0 0 0

#Transform 154
Transform: AffineTransform_float_3_3
Parameters: 0.999947 0.00536452 -0.00885612 -0.00562448 0.999545 -0.0296548 0.0086929 0.0297032 0.999521 -0.0365507 -0.36339 -0.899392
FixedParameters: 0 0 0

#Transform 155
Transform: AffineTransform_float_3_3
Parameters: 0.999943 0.00564977 -0.00907591 -0.00591723 0.999541 -0.029692 0.00890408 0.029744 0.999518 -0.0422854 -0.354316 -0.926705
FixedParameters: 0 0 0
