#Insight Transform File V1.0
#Transform 0
Transform: AffineTransform_float_3_3
Parameters: 1 0.00032534 0.000123105 -0.00032466 0.999996 -0.00275204 -0.000123894 0.00275196 0.999996 0.00981148 0.015924 -0.0166893
FixedParameters: 0 0 0

#Transform 1
Transform: AffineTransform_float_3_3
Parameters: 1 0.000159119 0.000356502 -0.000157879 0.999995 -0.00313806 -0.000357497 0.00313794 0.999995 0.00903336 0.0278744 -0.0277063
FixedParameters: 0 0 0

#Transform 2
Transform: AffineTransform_float_3_3
Parameters: 1 5.643e-07 0.000197999 -4.35696e-07 0.999996 -0.00285 -0.000198002 0.00285 0.999996 0.0140716 0.00546996 -0.0424818
FixedParameters: 0 0 0

#Transform 3
Transform: AffineTransform_float_3_3
Parameters: 1 0.000387706 0.000262962 -0.000386294 0.999997 -0.0026791 -0.000264036 0.0026789 0.999997 -0.000342449 0.0128728 -0.0320254
FixedParameters: 0 0 0

#Transform 4
Transform: AffineTransform_float_3_3
Parameters: 1 0.000330429 0.000568171 -0.000328571 0.999997 -0.00251319 -0.000568827 0.00251281 0.999996 0.000821813 0.0247802 -0.0773534
FixedParameters: 0 0 0

#Transform 5
Transform: AffineTransform_float_3_3
Parameters: 1 0.000448998 -1.32994e-06 -0.000449001 0.999996 -0.002962 -3.29943e-07 0.002962 0.999995 -0.0277493 0.0200746 -0.0595822
FixedParameters: 0 0 0

#Transform 6
Transform: AffineTransform_float_3_3
Parameters: 1 0.000200999 -6.32949e-07 -0.000201002 0.999995 -0.003149 3.67046e-07 0.003149 0.999995 -0.0153538 -0.0193736 -0.106537
FixedParameters: 0 0 0

#Transform 7
Transform: AffineTransform_float_3_3
Parameters: 1 -7.01636e-05 -6.08118e-05 6.98359e-05 0.999997 -0.00268601 6.11878e-05 0.002686 0.999997 -0.0169293 0.0232176 -0.0914347
FixedParameters: 0 0 0

#Transform 8
Transform: AffineTransform_float_3_3
Parameters: 1 -3.62074e-05 -0.000107931 3.67925e-05 0.999998 -0.001921 0.000108071 0.001921 0.999998 -0.0444482 0.0321418 -0.0528222
FixedParameters: 0 0 0

#Transform 9
Transform: AffineTransform_float_3_3
Parameters: 1 9.3626e-05 -0.000211166 -9.43738e-05 0.999999 -0.00177198 0.000210833 0.00177202 0.999999 -0.0278106 0.00697389 -0.0649361
FixedParameters: 0 0 0

#Transform 10
Transform: AffineTransform_float_3_3
Parameters: 1 -0.00011693 -0.000419742 0.000116069 0.999997 -0.00221505 0.000420258 0.00221495 0.999998 -0.0244213 -0.00964146 -0.0887323
FixedParameters: 0 0 0

#Transform 11
Transform: AffineTransform_float_3_3
Parameters: 1 0.000384046 2.42815e-05 -0.000383954 0.999998 -0.00187101 -2.47184e-05 0.00187099 0.999998 -0.0234764 0.0394268 -0.0538507
FixedParameters: 0 0 0

#Transform 12
Transform: AffineTransform_float_3_3
Parameters: 1 -5.61655e-05 -8.88957e-05 5.58343e-05 0.999999 -0.00186101 8.91041e-05 0.001861 0.999999 -0.0314262 0.0195158 -0.0459882
FixedParameters: 0 0 0

#Transform 13
Transform: AffineTransform_float_3_3
Parameters: 1 -5.01889e-05 -9.08959e-05 4.98109e-05 0.999998 -0.002077 9.11036e-05 0.00207699 0.999998 -0.0176755 -0.00423201 -0.0772681
FixedParameters: 0 0 0

#Transform 14
Transform: AffineTransform_float_3_3
Parameters: 1 0.000317789 -0.000111603 -0.00031821 0.999998 -0.00189597 0.000110397 0.00189604 0.999998 -0.0185244 0.024885 -0.0348316
FixedParameters: 0 0 0

#Transform 15
Transform: AffineTransform_float_3_3
Parameters: 1 0.000203979 -1.42984e-05 -0.000204022 0.999999 -0.001463 1.47015e-05 0.001463 0.999999 -0.0125352 0.00682509 -0.0110411
FixedParameters: 0 0 0

#Transform 16
Transform: AffineTransform_float_3_3
Parameters: 1 -0.000109088 -5.48253e-05 0.000108913 0.999998 -0.00160201 5.41745e-05 0.00160199 0.999998 -0.0175757 -0.00174572 -0.0410727
FixedParameters: 0 0 0

#Transform 17
Transform: AffineTransform_float_3_3
Parameters: 1 0.000384105 0.000306869 -0.000383895 1 -0.000341118 -0.000307131 0.000340882 1 -0.004266 0.0308722 0.0271849
FixedParameters: 0 0 0

#Transform 18
Transform: AffineTransform_float_3_3
Parameters: 1 0.000383749 -0.000265364 -0.000384251 1 -0.000946899 0.000264636 0.000947103 1 -0.00921736 0.0263472 0.0161442
FixedParameters: 0 0 0

#Transform 19
Transform: AffineTransform_float_3_3
Parameters: 0.999999 0.00086716 -0.000553747 -0.000866838 0.999999 0.00029148 0.000553252 -0.00029052 1 -0.0148319 0.0545854 0.0654561
FixedParameters: 0 0 0

#Transform 20
Transform: AffineTransform_float_3_3
Parameters: 1 0.000378133 -0.000229782 -0.000377867 1 0.000577087 0.000230218 -0.000577913 1 -0.0202142 0.0038545 0.0390075
FixedParameters: 0 0 0

#Transform 21
Transform: AffineTransform_float_3_3
Parameters: 1 0.000582103 -0.000171651 -0.000581897 0.999999 0.0005991 0.000172348 -0.000598899 1 -0.0127149 0.040898 0.0599695
FixedParameters: 0 0 0

#Transform 22
Transform: AffineTransform_float_3_3
Parameters: 1 0.000561074 -0.000107615 -0.000560925 0.999999 0.00068706 0.000108385 -0.000686939 1 -0.0127441 0.0328978 0.0611814
FixedParameters: 0 0 0

#Transform 23
Transform: AffineTransform_float_3_3
Parameters: 1 0.000473401 -0.000450579 -0.0004736 1 0.000889214 0.000450421 -0.000888788 1 -0.00946156 0.0109301 0.0314936
FixedParameters: 0 0 0

#Transform 24
Transform: AffineTransform_float_3_3
Parameters: 1 0.000280067 -0.000167889 -0.000279933 1 0.000397047 0.000168111 -0.000396953 1 -0.00819829 0.0134769 0.0241729
FixedParameters: 0 0 0

#Transform 25
Transform: AffineTransform_float_3_3
Parameters: 1 0.000167144 -0.000236898 -0.000166855 1 0.000610039 0.000237102 -0.00060996 1 -0.00618573 0.0307697 0.0649537
FixedParameters: 0 0 0

#Transform 26
Transform: AffineTransform_float_3_3
Parameters: 1 0.000136183 -0.000133814 -0.000135816 0.999999 0.00137002 0.000134186 -0.00136998 0.999999 -0.00621432 0.0411068 0.0829291
FixedParameters: 0 0 0

#Transform 27
Transform: AffineTransform_float_3_3
Parameters: 1 -0.000114547 0.000278776 0.000114454 0.999998 0.00196303 -0.000278225 -0.00196297 0.999998 -0.0026932 0.0295337 0.0993246
FixedParameters: 0 0 0

#Transform 28
Transform: AffineTransform_float_3_3
Parameters: 1 -5.00725e-05 6.39433e-05 4.99275e-05 1 0.001133 -6.40566e-05 -0.001133 1 -0.00464773 -0.00487283 0.0433207
FixedParameters: 0 0 0

#Transform 29
Transform: AffineTransform_float_3_3
Parameters: 1 -0.000114074 6.38686e-05 0.000113926 1 0.00115201 -6.41313e-05 -0.00115199 1 -0.00365434 0.0362853 0.0834629
FixedParameters: 0 0 0

#Transform 30
Transform: AffineTransform_float_3_3
Parameters: 1 0.000364889 6.4628e-05 -0.00036511 0.999999 0.00172098 -6.33717e-05 -0.00172102 0.999998 -0.0108771 0.0581797 0.145608
FixedParameters: 0 0 0

#Transform 31
Transform: AffineTransform_float_3_3
Parameters: 1 0.000363421 0.00054306 -0.000364579 0.999995 0.0029108 -0.000541941 -0.0029102 0.999995 0.0207966 0.0389777 0.0848846
FixedParameters: 0 0 0

#Transform 32
Transform: AffineTransform_float_3_3
Parameters: 1 0.000228534 0.000257415 -0.000228466 0.999999 0.00181294 -0.000256586 -0.00181306 0.999999 0.0147215 0.0852925 0.119959
FixedParameters: 0 0 0

#Transform 33
Transform: AffineTransform_float_3_3
Parameters: 1 -0.000187619 0.000256549 0.000186382 0.999997 0.00241005 -0.00025645 -0.00240995 0.999997 0.0309751 0.0386991 0.0985576
FixedParameters: 0 0 0

#Transform 34
Transform: AffineTransform_float_3_3
Parameters: 1 -0.000155851 -7.92946e-05 0.000156151 0.999998 0.00188899 7.97052e-05 -0.00188901 0.999998 0.029426 0.0344427 0.0622347
FixedParameters: 0 0 0

#Transform 35
Transform: AffineTransform_float_3_3
Parameters: 1 -3.71623e-06 -0.000123009 4.28375e-06 0.999998 0.002307 0.00012299 -0.002307 0.999998 0.030315 0.0730771 0.10051
FixedParameters: 0 0 0

#Transform 36
Transform: AffineTransform_float_3_3
Parameters: 1 -3.68077e-07 -0.000240002 6.31919e-07 0.999996 0.002633 0.000239999 -0.002633 0.999996 0.0197947 0.0579649 0.0882849
FixedParameters: 0 0 0

#Transform 37
Transform: AffineTransform_float_3_3
Parameters: 1 0.000114461 -0.000173697 -0.000113538 0.999997 0.00265402 0.000174302 -0.00265398 0.999997 0.0288537 0.0333573 0.0785847
FixedParameters: 0 0 0

#Transform 38
Transform: AffineTransform_float_3_3
Parameters: 1 8.34012e-05 -0.000173808 -8.25984e-05 0.999998 0.00230702 0.000174191 -0.00230699 0.999998 0.0233256 0.0201179 0.0649248
FixedParameters: 0 0 0

#Transform 39
Transform: AffineTransform_float_3_3
Parameters: 1 0.000233401 -0.000173462 -0.0002336 0.999998 0.00230704 0.000173539 -0.00230696 0.999998 0.00689129 0.0675806 0.0915811
FixedParameters: 0 0 0

#Transform 40
Transform: AffineTransform_float_3_3
Parameters: 1 0.00036545 -0.000173053 -0.00036455 0.999996 0.00259206 0.000173945 -0.00259193 0.999996 0.0105522 0.083908 0.11362
FixedParameters: 0 0 0

#Transform 41
Transform: AffineTransform_float_3_3
Parameters: 1 0.000365487 -0.000172974 -0.000364513 0.999996 0.00280906 0.000174025 -0.00280894 0.999996 0.0159026 0.0400808 0.0883994
FixedParameters: 0 0 0

#Transform 42
Transform: AffineTransform_float_3_3
Parameters: 1 0.000615005 -1.41882e-06 -0.000614995 0.999996 0.002571 2.58116e-06 -0.002571 0.999996 0.0203391 0.06731 0.126187
FixedParameters: 0 0 0

#Transform 43
Transform: AffineTransform_float_3_3
Parameters: 1 0.000365777 -0.00032212 -0.000364224 0.999997 0.00240812 0.000322878 -0.00240788 0.999997 0.0259004 0.0311544 0.0970279
FixedParameters: 0 0 0

#Transform 44
Transform: AffineTransform_float_3_3
Parameters: 1 0.000884533 -0.000264224 -0.000884468 0.999997 0.00200823 0.000265777 -0.00200876 0.999998 0.0406309 0.0427476 0.115269
FixedParameters: 0 0 0

#Transform 45
Transform: AffineTransform_float_3_3
Parameters: 0.999999 0.000884449 -0.000171703 -0.00088455 0.999996 0.00259815 0.000174298 -0.00259785 0.999996 0.0300398 0.0727354 0.148392
FixedParameters: 0 0 0

#Transform 46
Transform: AffineTransform_float_3_3
Parameters: 1 0.001091 -0.000274054 -0.00109 0.999993 0.0036193 0.000277947 -0.0036187 0.999994 0.00510881 0.084004 0.186819
FixedParameters: 0 0 0

#Transform 47
Transform: AffineTransform_float_3_3
Parameters: 1 0.000983688 -0.000453356 -0.000982313 0.999992 0.00370845 0.000456646 -0.00370755 0.999993 0.0225178 0.0536575 0.188221
FixedParameters: 0 0 0

#Transform 48
Transform: AffineTransform_float_3_3
Parameters: 1 0.000951944 -0.000319202 -0.000951058 0.999995 0.0029413 0.000321798 -0.00294069 0.999995 0.0399655 0.0691107 0.195742
FixedParameters: 0 0 0

#Transform 49
Transform: AffineTransform_float_3_3
Parameters: 1 0.00104746 -0.000171239 -0.00104655 0.999996 0.00263618 0.00017376 -0.00263682 0.999996 0.0376725 0.0787892 0.189321
FixedParameters: 0 0 0

#Transform 50
Transform: AffineTransform_float_3_3
Parameters: 1 0.0011319 -0.000291528 -0.0011311 0.999994 0.00306933 0.000294473 -0.00306867 0.999995 0.0370566 0.0915696 0.19741
FixedParameters: 0 0 0

#Transform 51
Transform: AffineTransform_float_3_3
Parameters: 0.999999 0.00143777 -0.000167509 -0.00143623 0.999989 0.00451624 0.000173489 -0.00451675 0.99999 0.0199983 0.087139 0.247712
FixedParameters: 0 0 0

#Transform 52
Transform: AffineTransform_float_3_3
Parameters: 1 0.000653618 -0.000171666 -0.000653381 0.999994 0.00357311 0.000174335 -0.00357289 0.999993 0.0286382 0.0749244 0.193955
FixedParameters: 0 0 0

#Transform 53
Transform: AffineTransform_float_3_3
Parameters: 1 0.000909945 -0.000370258 -0.000908058 0.999986 0.00521734 0.000374744 -0.00521766 0.999987 0.0138737 0.098715 0.276006
FixedParameters: 0 0 0

#Transform 54
Transform: AffineTransform_float_3_3
Parameters: 0.999999 0.00120828 -0.000435737 -0.00120572 0.999986 0.00518853 0.000442261 -0.00518747 0.999987 0.0165899 0.0817055 0.263638
FixedParameters: 0 0 0

#Transform 55
Transform: AffineTransform_float_3_3
Parameters: 0.999997 0.00250411 -0.00109465 -0.00249989 0.99999 0.00373775 0.00110435 -0.00373525 0.999993 -0.0167894 0.145348 0.326024
FixedParameters: 0 0 0

#Transform 56
Transform: AffineTransform_float_3_3
Parameters: 0.999998 0.00172669 -0.000988848 -0.00172231 0.999988 0.00472872 0.000996153 -0.00472629 0.999989 0.0115969 0.10201 0.324762
FixedParameters: 0 0 0

#Transform 57
Transform: AffineTransform_float_3_3
Parameters: 0.999996 0.0024983 -0.000798731 -0.00249569 0.999988 0.00411401 0.000809271 -0.00411199 0.999991 -0.00336366 0.157368 0.318505
FixedParameters: 0 0 0

#Transform 58
Transform: AffineTransform_float_3_3
Parameters: 0.999998 0.00189004 -0.00081367 -0.00188596 0.999986 0.00494255 0.000822331 -0.00494146 0.999988 0.0287554 0.131051 0.347596
FixedParameters: 0 0 0

#Transform 59
Transform: AffineTransform_float_3_3
Parameters: 0.999998 0.00188956 -0.000738964 -0.00188645 0.999987 0.0047874 0.000747038 -0.0047856 0.999989 0.0283824 0.103206 0.281575
FixedParameters: 0 0 0

#Transform 60
Transform: AffineTransform_float_3_3
Parameters: 0.999997 0.00233032 -0.00101386 -0.00232468 0.999983 0.00521637 0.00102614 -0.00521362 0.999986 0.0110436 0.151305 0.340026
FixedParameters: 0 0 0

#Transform 61
Transform: AffineTransform_float_3_3
Parameters: 0.999998 0.002102 -0.00101365 -0.002096 0.999981 0.00588614 0.00102635 -0.00588386 0.999982 0.0122434 0.130709 0.3529
FixedParameters: 0 0 0

#Transform 62
Transform: AffineTransform_float_3_3
Parameters: 0.999996 0.00255148 -0.00101231 -0.00254653 0.999983 0.0053746 0.0010257 -0.00537141 0.999985 0.0147801 0.142684 0.328292
FixedParameters: 0 0 0

#Transform 63
Transform: AffineTransform_float_3_3
Parameters: 0.999997 0.00247564 -0.00101231 -0.00246936 0.999981 0.00553852 0.00102569 -0.00553548 0.999984 0.00712658 0.163792 0.363511
FixedParameters: 0 0 0

#Transform 64
Transform: AffineTransform_float_3_3
Parameters: 0.999996 0.00261651 -0.00114828 -0.00260949 0.99998 0.00563402 0.00116272 -0.00563098 0.999984 0.00704209 0.178025 0.395553
FixedParameters: 0 0 0

#Transform 65
Transform: AffineTransform_float_3_3
Parameters: 0.999996 0.00223501 -0.00132155 -0.00222699 0.99998 0.00603196 0.00133545 -0.00602904 0.999981 0.0162285 0.139945 0.389867
FixedParameters: 0 0 0

#Transform 66
Transform: AffineTransform_float_3_3
Parameters: 0.999997 0.00214974 -0.00101392 -0.00214426 0.999982 0.00562619 0.00102608 -0.00562381 0.999983 0.0261483 0.130328 0.382282
FixedParameters: 0 0 0

#Transform 67
Transform: AffineTransform_float_3_3
Parameters: 0.999997 0.00231715 -0.0010143 -0.00231185 0.999984 0.00505436 0.00102569 -0.00505164 0.999986 0.0410582 0.136756 0.39065
FixedParameters: 0 0 0

#Transform 68
Transform: AffineTransform_float_3_3
Parameters: 0.999996 0.00222203 -0.00138579 -0.00221497 0.999985 0.00505509 0.00139721 -0.00505191 0.999987 0.0400639 0.166558 0.398417
FixedParameters: 0 0 0

#Transform 69
Transform: AffineTransform_float_3_3
Parameters: 0.999996 0.00265854 -0.00143107 -0.00265046 0.999982 0.00524782 0.00144493 -0.00524418 0.999985 0.0222299 0.177328 0.418873
FixedParameters: 0 0 0

#Transform 70
Transform: AffineTransform_float_3_3
Parameters: 0.999994 0.00288302 -0.00163318 -0.00287398 0.999981 0.00549872 0.00164882 -0.00549427 0.999983 0.00302757 0.179657 0.466613
FixedParameters: 0 0 0

#Transform 71
Transform: AffineTransform_float_3_3
Parameters: 0.999995 0.00270645 -0.00194013 -0.00269455 0.999979 0.00588026 0.00195687 -0.00587574 0.999981 0.000991791 0.179513 0.5075
FixedParameters: 0 0 0

#Transform 72
Transform: AffineTransform_float_3_3
Parameters: 0.999996 0.00260493 -0.00151374 -0.00259608 0.99998 0.00586996 0.00152826 -0.00586605 0.999981 0.0447023 0.169342 0.490744
FixedParameters: 0 0 0

#Transform 73
Transform: AffineTransform_float_3_3
Parameters: 0.999995 0.00250973 -0.0018848 -0.00249927 0.999981 0.00567274 0.0018992 -0.00566826 0.999982 0.0410922 0.177737 0.500663
FixedParameters: 0 0 0

#Transform 74
Transform: AffineTransform_float_3_3
Parameters: 0.999995 0.00268731 -0.00174321 -0.0026767 0.999979 0.0058877 0.00175878 -0.00588331 0.999981 0.0198098 0.188414 0.526747
FixedParameters: 0 0 0

#Transform 75
Transform: AffineTransform_float_3_3
Parameters: 0.999994 0.00292467 -0.00187943 -0.00291233 0.999974 0.00670851 0.00189957 -0.00670248 0.999975 0.0070781 0.205208 0.549475
FixedParameters: 0 0 0

#Transform 76
Transform: AffineTransform_float_3_3
Parameters: 0.999994 0.0030349 -0.0020674 -0.0030181 0.999963 0.0081303 0.0020916 -0.00812371 0.999965 0.0143056 0.191438 0.579616
FixedParameters: 0 0 0

#Transform 77
Transform: AffineTransform_float_3_3
Parameters: 0.999994 0.00281237 -0.00209182 -0.00279863 0.999972 0.0068409 0.00211118 -0.00683411 0.999975 0.0202976 0.168449 0.518329
FixedParameters: 0 0 0

#Transform 78
Transform: AffineTransform_float_3_3
Parameters: 0.999994 0.00282705 -0.00208071 -0.00281196 0.99997 0.0071999 0.00210029 -0.00719411 0.999972 0.019691 0.184431 0.522225
FixedParameters: 0 0 0

#Transform 79
Transform: AffineTransform_float_3_3
Parameters: 0.999992 0.00298497 -0.00236578 -0.00296403 0.999956 0.00881708 0.00239222 -0.00881092 0.999959 0.00421134 0.223492 0.621819
FixedParameters: 0 0 0

#Transform 80
Transform: AffineTransform_float_3_3
Parameters: 0.999992 0.00297176 -0.00239648 -0.00295024 0.999959 0.00862014 0.00242151 -0.00861287 0.99996 0.0244858 0.177514 0.610021
FixedParameters: 0 0 0

#Transform 81
Transform: AffineTransform_float_3_3
Parameters: 0.999993 0.00288144 -0.00211578 -0.00286456 0.999966 0.00773511 0.00213721 -0.00772889 0.999968 0.0283901 0.184712 0.581228
FixedParameters: 0 0 0

#Transform 82
Transform: AffineTransform_float_3_3
Parameters: 0.999993 0.00297889 -0.00220977 -0.00296011 0.99996 0.00850161 0.00223524 -0.00849541 0.999962 0.0269259 0.193623 0.618946
FixedParameters: 0 0 0

#Transform 83
Transform: AffineTransform_float_3_3
Parameters: 0.999991 0.00259796 -0.00314794 -0.00257104 0.99996 0.00853916 0.00317006 -0.00853083 0.999958 0.0248898 0.188155 0.622528
FixedParameters: 0 0 0

#Transform 84
Transform: AffineTransform_float_3_3
Parameters: 0.999992 0.00273268 -0.00293942 -0.00270533 0.999956 0.00904103 0.00296357 -0.00903298 0.999955 0.0279031 0.157649 0.617755
FixedParameters: 0 0 0

#Transform 85
Transform: AffineTransform_float_3_3
Parameters: 0.999991 0.00293192 -0.00285059 -0.00290707 0.999958 0.00870736 0.00287641 -0.00869864 0.999958 0.0216584 0.172085 0.628796
FixedParameters: 0 0 0

#Transform 86
Transform: AffineTransform_float_3_3
Parameters: 0.999991 0.00307696 -0.00290067 -0.00305004 0.999952 0.00925293 0.00292933 -0.00924406 0.999953 0.0154069 0.210427 0.670046
FixedParameters: 0 0 0

#Transform 87
Transform: AffineTransform_float_3_3
Parameters: 0.999992 0.00316689 -0.00268794 -0.00314211 0.999952 0.00921552 0.00271606 -0.00920647 0.999954 0.024711 0.176209 0.637578
FixedParameters: 0 0 0

#Transform 88
Transform: AffineTransform_float_3_3
Parameters: 0.999991 0.0030026 -0.00295824 -0.00297641 0.999959 0.00861989 0.00298376 -0.00861113 0.999959 0.017827 0.167686 0.626168
FixedParameters: 0 0 0

#Transform 89
Transform: AffineTransform_float_3_3
Parameters: 0.999992 0.00291186 -0.0029699 -0.00288515 0.999956 0.00900765 0.0029951 -0.00899936 0.999955 0.0200456 0.176923 0.651592
FixedParameters: 0 0 0

#Transform 90
Transform: AffineTransform_float_3_3
Parameters: 0.999991 0.00304615 -0.00296737 -0.00301785 0.999951 0.00944704 0.00299563 -0.00943796 0.999951 0.0127354 0.184543 0.680856
FixedParameters: 0 0 0

#Transform 91
Transform: AffineTransform_float_3_3
Parameters: 0.999989 0.00314345 -0.00335598 -0.00311055 0.999946 0.00992554 0.00338702 -0.00991546 0.999945 0.0262837 0.159805 0.675535
FixedParameters: 0 0 0

#Transform 92
Transform: AffineTransform_float_3_3
Parameters: 0.999991 0.00297464 -0.00304731 -0.00294536 0.999952 0.00935905 0.00307569 -0.00934993 0.999951 0.00572243 0.167353 0.65802
FixedParameters: 0 0 0

#Transform 93
Transform: AffineTransform_float_3_3
Parameters: 0.99999 0.00337528 -0.00296184 -0.00334573 0.999942 0.01017 0.00299516 -0.01016 0.999944 0.0126001 0.197183 0.706841
FixedParameters: 0 0 0

#Transform 94
Transform: AffineTransform_float_3_3
Parameters: 0.99999 0.00315247 -0.00311346 -0.00312053 0.999942 0.0103798 0.00314555 -0.0103702 0.999942 0.0180488 0.182867 0.72032
FixedParameters: 0 0 0

#Transform 95
Transform: AffineTransform_float_3_3
Parameters: 0.99999 0.00305731 -0.00327817 -0.0030257 0.999948 0.00981502 0.00330784 -0.00980499 0.999947 0.0101706 0.150695 0.689065
FixedParameters: 0 0 0

#Transform 96
Transform: AffineTransform_float_3_3
Parameters: 0.99999 0.00340956 -0.00305009 -0.00337845 0.999942 0.0102914 0.00308492 -0.0102806 0.999943 -0.00772829 0.187455 0.712299
FixedParameters: 0 0 0

#Transform 97
Transform: AffineTransform_float_3_3
Parameters: 0.999989 0.00333311 -0.00350617 -0.0032959 0.999936 0.0108187 0.00354185 -0.0108073 0.999936 0.00733424 0.179905 0.739371
FixedParameters: 0 0 0

#Transform 98
Transform: AffineTransform_float_3_3
Parameters: 0.999989 0.00297449 -0.00342798 -0.00293551 0.999933 0.0111782 0.00346101 -0.0111678 0.999931 0.00991463 0.15116 0.743922
FixedParameters: 0 0 0

#Transform 99
Transform: AffineTransform_float_3_3
Parameters: 0.999989 0.003035 -0.00341446 -0.002998 0.999938 0.0107904 0.00344653 -0.0107797 0.999936 0.0129517 0.141928 0.740653
FixedParameters: 0 0 0

#Transform 100
Transform: AffineTransform_float_3_3
Parameters: 0.99999 0.00328477 -0.00296814 -0.00325224 0.999935 0.0109778 0.00300387 -0.0109682 0.999936 0.00766425 0.140206 0.735325
FixedParameters: 0 0 0

#Transform 101
Transform: AffineTransform_float_3_3
Parameters: 0.99999 0.00348771 -0.00296364 -0.0034533 0.999927 0.0116344 0.00300437 -0.0116246 0.999928 0.0132203 0.153045 0.780594
FixedParameters: 0 0 0

#Transform 102
Transform: AffineTransform_float_3_3
Parameters: 0.999989 0.00326923 -0.00332075 -0.00323178 0.999932 0.0111559 0.00335625 -0.0111451 0.999933 0.0169122 0.134833 0.739607
FixedParameters: 0 0 0

#Transform 103
Transform: AffineTransform_float_3_3
Parameters: 0.99999 0.0030233 -0.00348514 -0.0029857 0.999935 0.0109425 0.00351787 -0.0109325 0.999934 0.0165702 0.155784 0.760807
FixedParameters: 0 0 0

#Transform 104
Transform: AffineTransform_float_3_3
Parameters: 0.999989 0.00345302 -0.00296483 -0.00341898 0.999929 0.0114033 0.00300416 -0.0113927 0.99993 0.00646538 0.15301 0.770804
FixedParameters: 0 0 0

#Transform 105
Transform: AffineTransform_float_3_3
Parameters: 0.999987 0.00346523 -0.00358465 -0.00342277 0.999926 0.0117214 0.00362434 -0.0117086 0.999925 0.00819966 0.152747 0.793409
FixedParameters: 0 0 0

#Transform 106
Transform: AffineTransform_float_3_3
Parameters: 0.999986 0.00355614 -0.00388628 -0.00350986 0.999924 0.0118158 0.00392772 -0.0118022 0.999922 0.00533395 0.151841 0.797676
FixedParameters: 0 0 0

#Transform 107
Transform: AffineTransform_float_3_3
Parameters: 0.999986 0.00391259 -0.00350236 -0.00387442 0.999933 0.0109577 0.00354464 -0.0109433 0.999934 -0.0117122 0.167913 0.805359
FixedParameters: 0 0 0

#Transform 108
Transform: AffineTransform_float_3_3
Parameters: 0.999987 0.0038162 -0.00357131 -0.0037708 0.999914 0.0125786 0.00361869 -0.0125644 0.999915 -0.00979134 0.144095 0.840936
FixedParameters: 0 0 0

#Transform 109
Transform: AffineTransform_float_3_3
Parameters: 0.999985 0.00407526 -0.00349518 -0.00403274 0.999917 0.0122963 0.00354483 -0.0122817 0.999919 -0.00213746 0.151765 0.817399
FixedParameters: 0 0 0

#Transform 110
Transform: AffineTransform_float_3_3
Parameters: 0.999986 0.00413685 -0.00348787 -0.00408816 0.999895 0.0138985 0.00354414 -0.0138845 0.999898 -0.00680986 0.17498 0.893663
FixedParameters: 0 0 0

#Transform 111
Transform: AffineTransform_float_3_3
Parameters: 0.999985 0.00376876 -0.00409954 -0.00371226 0.999899 0.0137644 0.00415047 -0.0137496 0.999897 -0.00606601 0.149386 0.869338
FixedParameters: 0 0 0

#Transform 112
Transform: AffineTransform_float_3_3
Parameters: 0.999984 0.00406761 -0.00379648 -0.00401738 0.999904 0.0132455 0.00385052 -0.0132305 0.999905 -0.0137386 0.140118 0.844124
FixedParameters: 0 0 0

#Transform 113
Transform: AffineTransform_float_3_3
Parameters: 0.999983 0.00409363 -0.00400695 -0.00403636 0.99989 0.0142874 0.00406505 -0.0142706 0.99989 -0.0204711 0.166535 0.895307
FixedParameters: 0 0 0

#Transform 114
Transform: AffineTransform_float_3_3
Parameters: 0.999983 0.00415959 -0.00414096 -0.0041014 0.999893 0.0140592 0.00419904 -0.0140418 0.999893 -0.0107249 0.130026 0.89253
FixedParameters: 0 0 0

#Transform 115
Transform: AffineTransform_float_3_3
Parameters: 0.999985 0.00386914 -0.00385032 -0.00381686 0.999898 0.0137149 0.00390269 -0.0137001 0.999898 0.00111147 0.117133 0.864743
FixedParameters: 0 0 0

#Transform 116
Transform: AffineTransform_float_3_3
Parameters: 0.999985 0.00421244 -0.00370217 -0.00415957 0.999893 0.0140596 0.00376082 -0.0140444 0.999895 -0.00672941 0.145642 0.889648
FixedParameters: 0 0 0

#Transform 117
Transform: AffineTransform_float_3_3
Parameters: 0.999983 0.00408153 -0.00413604 -0.00402246 0.999893 0.0140639 0.00419295 -0.0140461 0.999892 -0.00710759 0.140507 0.906193
FixedParameters: 0 0 0

#Transform 118
Transform: AffineTransform_float_3_3
Parameters: 0.999983 0.00408063 -0.0042892 -0.00401937 0.99989 0.0142805 0.00434681 -0.0142625 0.999889 -0.0230965 0.14296 0.935067
FixedParameters: 0 0 0

#Transform 119
Transform: AffineTransform_float_3_3
Parameters: 0.999983 0.00391174 -0.00435533 -0.00385026 0.999893 0.014096 0.00440968 -0.014079 0.999891 -0.00726188 0.11395 0.905313
FixedParameters: 0 0 0

#Transform 120
Transform: AffineTransform_float_3_3
Parameters: 0.999983 0.00398193 -0.00410458 -0.00392408 0.999894 0.0140263 0.00415942 -0.0140097 0.999893 -0.00918739 0.112041 0.909129
FixedParameters: 0 0 0

#Transform 121
Transform: AffineTransform_float_3_3
Parameters: 0.999983 0.00403503 -0.00416968 -0.00397597 0.999893 0.0140698 0.00422633 -0.0140532 0.999893 -0.00853407 0.124175 0.905361
FixedParameters: 0 0 0

#Transform 122
Transform: AffineTransform_float_3_3
Parameters: 0.999982 0.00418765 -0.00435055 -0.00412536 0.999889 0.0143112 0.00440945 -0.0142928 0.999888 -0.0159485 0.136646 0.934896
FixedParameters: 0 0 0

#Transform 123
Transform: AffineTransform_float_3_3
Parameters: 0.999981 0.0043072 -0.00440411 -0.0042428 0.999886 0.014485 0.00446588 -0.014465 0.999885 -0.0037749 0.115591 0.924444
FixedParameters: 0 0 0

#Transform 124
Transform: AffineTransform_float_3_3
Parameters: 0.999981 0.00438871 -0.00435058 -0.00432929 0.999897 0.0136411 0.00440943 -0.0136219 0.999898 -0.00817914 0.119325 0.903238
FixedParameters: 0 0 0

#Transform 125
Transform: AffineTransform_float_3_3
Parameters: 0.999982 0.00397819 -0.00443842 -0.00391282 0.999885 0.0146006 0.00449557 -0.0145834 0.999883 -0.0177262 0.110429 0.964653
FixedParameters: 0 0 0

#Transform 126
Transform: AffineTransform_float_3_3
Parameters: 0.999981 0.00411193 -0.00460295 -0.00404608 0.999891 0.0142409 0.00466105 -0.0142221 0.999888 -0.0101868 0.0821354 0.901832
FixedParameters: 0 0 0

#Transform 127
Transform: AffineTransform_float_3_3
Parameters: 0.999982 0.0041722 -0.0041868 -0.0041138 0.999896 0.0138145 0.00424419 -0.0137965 0.999896 -0.00656425 0.0833956 0.899386
FixedParameters: 0 0 0

#Transform 128
Transform: AffineTransform_float_3_3
Parameters: 0.999983 0.00399562 -0.00435425 -0.00393339 0.999894 0.0140684 0.00440974 -0.0140506 0.999891 -0.0101411 0.103222 0.923275
FixedParameters: 0 0 0

#Transform 129
Transform: AffineTransform_float_3_3
Parameters: 0.999983 0.00420835 -0.00406544 -0.00414664 0.999879 0.0149831 0.00412856 -0.0149659 0.99988 -0.00658366 0.100408 0.960072
FixedParameters: 0 0 0

#Transform 130
Transform: AffineTransform_float_3_3
Parameters: 0.99998 0.00429079 -0.00453606 -0.0042202 0.999871 0.0155035 0.00460194 -0.0154836 0.99987 -0.00822961 0.0945035 0.964542
FixedParameters: 0 0 0

#Transform 131
Transform: AffineTransform_float_3_3
Parameters: 0.999982 0.00452088 -0.00396203 -0.00446413 0.999889 0.0142479 0.00402597 -0.0142301 0.99989 0.00513294 0.072573 0.933321
FixedParameters: 0 0 0

#Transform 132
Transform: AffineTransform_float_3_3
Parameters: 0.999981 0.00432678 -0.00434047 -0.00425821 0.99987 0.0155068 0.00440752 -0.0154872 0.999871 -0.0042719 0.099963 0.981178
FixedParameters: 0 0 0

#Transform 133
Transform: AffineTransform_float_3_3
Parameters: 0.999979 0.0045273 -0.00479629 -0.00444871 0.999858 0.0162107 0.00486871 -0.0161893 0.999857 -0.0223276 0.085956 1.02188
FixedParameters: 0 0 0

#Transform 134
Transform: AffineTransform_float_3_3
Parameters: 0.999979 0.00433529 -0.00483655 -0.00425972 0.999872 0.0154709 0.00490244 -0.0154491 0.999868 -0.0139272 0.050207 0.96944
FixedParameters: 0 0 0

#Transform 135
Transform: AffineTransform_float_3_3
Parameters: 0.999982 0.00369394 -0.00487255 -0.00362105 0.999882 0.0148949 0.00492745 -0.0148771 0.999877 -0.0266377 0.0469457 0.964843
FixedParameters: 0 0 0

#Transform 136
Transform: AffineTransform_float_3_3
Parameters: 0.999982 0.00387174 -0.0045828 -0.00380326 0.999882 0.0149137 0.00464021 -0.0148963 0.999879 -0.032478 0.0656004 0.979899
FixedParameters: 0 0 0

#Transform 137
Transform: AffineTransform_float_3_3
Parameters: 0.999981 0.00355728 -0.00501634 -0.00347673 0.999864 0.0161187 0.00507267 -0.0161013 0.999857 -0.0375914 0.0703032 1.0662
FixedParameters: 0 0 0

#Transform 138
Transform: AffineTransform_float_3_3
Parameters: 0.999979 0.00409992 -0.00488869 -0.00402109 0.999867 0.015844 0.00495229 -0.015824 0.999863 -0.0250664 0.0270064 1.00519
FixedParameters: 0 0 0

#Transform 139
Transform: AffineTransform_float_3_3
Parameters: 0.999979 0.00443498 -0.0048283 -0.00435003 0.999838 0.0174704 0.0049047 -0.0174496 0.999835 -0.0335217 0.0847307 1.08178
FixedParameters: 0 0 0

#Transform 140
Transform: AffineTransform_float_3_3
Parameters: 0.999976 0.00493947 -0.00471909 -0.00484953 0.999812 0.0187863 0.0048109 -0.0187637 0.999813 -0.0467022 0.0944982 1.1085
FixedParameters: 0 0 0

#Transform 141
Transform: AffineTransform_float_3_3
Parameters: 0.999977 0.00462 -0.00497807 -0.004529 0.999825 0.018139 0.00506093 -0.018116 0.999823 -0.0398562 0.0631243 1.0671
FixedParameters: 0 0 0

#Transform 142
Transform: AffineTransform_float_3_3
Parameters: 0.999978 0.00492487 -0.00458529 -0.00483413 0.999796 0.0196236 0.00468071 -0.0196004 0.999797 -0.0579768 0.124473 1.16651
FixedParameters: 0 0 0

#Transform 143
Transform: AffineTransform_float_3_3
Parameters: 0.999978 0.00511871 -0.00438823 -0.00502729 0.999774 0.0206615 0.00449277 -0.0206385 0.999777 -0.05949 0.123174 1.16328
FixedParameters: 0 0 0

#Transform 144
Transform: AffineTransform_float_3_3
Parameters: 0.999976 0.00503632 -0.00463846 -0.00493768 0.999768 0.0209704 0.00474253 -0.0209466 0.99977 -0.0525758 0.140172 1.16528
FixedParameters: 0 0 0

#Transform 145
Transform: AffineTransform_float_3_3
Parameters: 0.999973 0.00508398 -0.00518163 -0.00496901 0.999747 0.0219673 0.00529237 -0.0219407 0.999746 -0.065017 0.13483 1.18348
FixedParameters: 0 0 0

#Transform 146
Transform: AffineTransform_float_3_3
Parameters: 0.999975 0.00489328 -0.00507524 -0.0047797 0.99974 0.0222908 0.00518377 -0.0222652 0.999738 -0.0448546 0.069272 1.17973
FixedParameters: 0 0 0

#Transform 147
Transform: AffineTransform_float_3_3
Parameters: 0.999976 0.00455398 -0.00533729 -0.00443203 0.999733 0.0226472 0.00543872 -0.0226238 0.99973 -0.0428171 0.10789 1.21111
FixedParameters: 0 0 0

#Transform 148
Transform: AffineTransform_float_3_3
Parameters: 0.999974 0.00459734 -0.00568361 -0.00446068 0.999704 0.023944 0.00579141 -0.023918 0.999697 -0.0485193 0.120547 1.27687
FixedParameters: 0 0 0

#Transform 149
Transform: AffineTransform_float_3_3
Parameters: 0.999971 0.00514987 -0.00548726 -0.00501714 0.999701 0.0239582 0.00560874 -0.0239298 0.999698 -0.0367692 0.0711741 1.23095
FixedParameters: 0 0 0

#Transform 150
Transform: AffineTransform_float_3_3
Parameters: 0.999977 0.00418776 -0.00537355 -0.00406526 0.999735 0.0226554 0.00546646 -0.0226336 0.999729 -0.0198472 0.0783281 1.2264
FixedParameters: 0 0 0

#Transform 151
Transform: AffineTransform_float_3_3
Parameters: 0.999973 0.00482752 -0.00543873 -0.00469849 0.999711 0.0235822 0.00555028 -0.0235558 0.999707 -0.0223075 0.105751 1.27006
FixedParameters: 0 0 0

#Transform 152
Transform: AffineTransform_float_3_3
Parameters: 0.999978 0.0046761 -0.00481359 -0.00456492 0.999724 0.0230405 0.00491943 -0.0230175 0.999723 -0.00327661 0.102007 1.25755
FixedParameters: 0 0 0

#Transform 153
Transform: AffineTransform_float_3_3
Parameters: 0.999976 0.00437849 -0.00525041 -0.00426051 0.99974 0.0223709 0.0053466 -0.0223481 0.999736 0.00140213 0.00890971 1.17264
FixedParameters: 0 0 0

#Transform 154
Transform: AffineTransform_float_3_3
Parameters: 0.999977 0.00454087 -0.00508704 -0.00442413 0.999732 0.022755 0.00518896 -0.022732 0.999728 -0.0141742 0.079343 1.2354
FixedParameters: 0 0 0

#Transform 155
Transform: AffineTransform_float_3_3
Parameters: 0.999975 0.00480153 -0.00504598 -0.00468046 0.999709 0.0236342 0.005158 -0.0236098 0.999708 -0.0147135 0.0557653 1.2812
FixedParameters: 0 0 0
