#Insight Transform File V1.0
#Transform 0
Transform: AffineTransform_float_3_3
Parameters: 0.999992 -0.00233296 0.00344422 0.00230804 0.999971 0.00723401 -0.00346078 -0.00722599 0.999968 0.0835311 -0.103317 0.0700247
FixedParameters: 0 0 0

#Transform 1
Transform: AffineTransform_float_3_3
Parameters: 0.999992 -0.00185134 0.00347514 0.00182666 0.999974 0.0069944 -0.00348786 -0.0069886 0.99997 0.0730714 -0.0766665 -0.00492378
FixedParameters: 0 0 0

#Transform 2
Transform: AffineTransform_float_3_3
Parameters: 0.999992 -0.00156755 0.00348438 0.00154644 0.999979 0.00618043 -0.00349462 -0.00617456 0.999975 0.0821215 -0.0889009 -0.0571728
FixedParameters: 0 0 0

#Transform 3
Transform: AffineTransform_float_3_3
Parameters: 0.999994 -0.00165373 0.00327461 0.00163527 0.999983 0.0057144 -0.0032844 -0.00570861 0.999979 0.0715337 -0.0632937 -0.0794522
FixedParameters: 0 0 0

#Transform 4
Transform: AffineTransform_float_3_3
Parameters: 0.999993 -0.00194212 0.00326487 0.00192488 0.999985 0.00523932 -0.00327412 -0.00523368 0.999981 0.0850918 -0.0877899 -0.080204
FixedParameters: 0 0 0

#Transform 5
Transform: AffineTransform_float_3_3
Parameters: 0.999998 0.000596816 0.00186364 -0.000605181 0.99999 0.00439388 -0.00186036 -0.00439512 0.999988 0.0571592 -0.0861837 -0.0985148
FixedParameters: 0 0 0

#Transform 6
Transform: AffineTransform_float_3_3
Parameters: 0.999999 0.000408924 0.00143246 -0.000414078 0.999993 0.00354541 -0.00143154 -0.00354559 0.999992 0.0401038 -0.0892036 -0.102462
FixedParameters: 0 0 0

#Transform 7
Transform: AffineTransform_float_3_3
Parameters: 1 0.00075042 0.000892177 -0.000753583 0.999995 0.00289533 -0.000890823 -0.00289567 0.999996 0.044139 -0.0741033 -0.104272
FixedParameters: 0 0 0

#Transform 8
Transform: AffineTransform_float_3_3
Parameters: 1 0.000655071 0.000827737 -0.000655929 0.999999 0.00112346 -0.000826264 -0.00112354 0.999999 0.0437975 -0.0730188 -0.129731
FixedParameters: 0 0 0

#Transform 9
Transform: AffineTransform_float_3_3
Parameters: 0.999999 0.000618128 0.00123644 -0.000620874 0.999997 0.00232423 -0.00123556 -0.00232477 0.999996 0.0503619 -0.0924675 -0.101404
FixedParameters: 0 0 0

#Transform 10
Transform: AffineTransform_float_3_3
Parameters: 1 4.86951e-05 9.01654e-05 -4.93044e-05 0.999995 0.003385 -8.98336e-05 -0.00338501 0.999995 0.0295438 -0.086385 -0.0953064
FixedParameters: 0 0 0

#Transform 11
Transform: AffineTransform_float_3_3
Parameters: 0.999999 -0.000214377 -0.000768736 0.000216621 0.999994 0.00341383 0.000767265 -0.00341317 0.999994 0.0260087 -0.0956292 -0.0936599
FixedParameters: 0 0 0

#Transform 12
Transform: AffineTransform_float_3_3
Parameters: 0.999999 3.35998e-05 -0.000875904 -3.13998e-05 0.999995 0.00296803 0.000876097 -0.00296797 0.999995 0.0220855 -0.0854442 -0.0841412
FixedParameters: 0 0 0

#Transform 13
Transform: AffineTransform_float_3_3
Parameters: 1 -0.000156699 -0.00120443 0.0001593 0.999996 0.00274081 0.00120357 -0.00274119 0.999995 0.0226086 -0.101872 -0.110809
FixedParameters: 0 0 0

#Transform 14
Transform: AffineTransform_float_3_3
Parameters: 0.999999 7.61577e-05 -0.000711772 -7.38416e-05 0.999996 0.00303106 0.000712227 -0.00303095 0.999995 0.0140272 -0.119107 -0.0941665
FixedParameters: 0 0 0

#Transform 15
Transform: AffineTransform_float_3_3
Parameters: 0.999999 0.000682003 -0.00131148 -0.000680998 1 0.000764894 0.00131152 -0.000764107 0.999999 0.0454425 -0.112876 -0.0337954
FixedParameters: 0 0 0

#Transform 16
Transform: AffineTransform_float_3_3
Parameters: 0.999999 0.000445596 -0.00080567 -0.000444404 0.999999 0.000740358 0.000805329 -0.000739641 1 0.031461 -0.0552475 0.0400009
FixedParameters: 0 0 0

#Transform 17
Transform: AffineTransform_float_3_3
Parameters: 0.999999 0.000151082 -0.000767983 -0.000150918 1 0.000107116 0.000768016 -0.000106884 0.999999 0.0250037 -0.0537149 -0.0799402
FixedParameters: 0 0 0

#Transform 18
Transform: AffineTransform_float_3_3
Parameters: 0.999999 0.000377401 -0.00180871 -0.000375599 0.999999 0.00077468 0.00180929 -0.000774318 0.999998 0.0318339 -0.0457082 -0.0390303
FixedParameters: 0 0 0

#Transform 19
Transform: AffineTransform_float_3_3
Parameters: 0.999999 5.3523e-05 -0.00128106 -5.44769e-05 1 -0.00115293 0.00128094 0.00115307 0.999998 0.0116979 -0.024429 -0.0513396
FixedParameters: 0 0 0

#Transform 20
Transform: AffineTransform_float_3_3
Parameters: 0.999999 0.000977123 -0.000171299 -0.000976877 1 0.000717168 0.0001717 -0.000716833 0.999999 -0.00912703 0.00976749 0.00894604
FixedParameters: 0 0 0

#Transform 21
Transform: AffineTransform_float_3_3
Parameters: 1 0.000813362 -0.000656316 -0.000812637 0.999997 0.00207253 0.000658686 -0.00207246 0.999997 -0.0307316 0.0303258 0.00626122
FixedParameters: 0 0 0

#Transform 22
Transform: AffineTransform_float_3_3
Parameters: 0.999999 0.000767984 -0.000525564 -0.000767014 0.999998 0.0018714 0.000527436 -0.0018706 0.999998 -0.0300176 0.0372482 0.0178101
FixedParameters: 0 0 0

#Transform 23
Transform: AffineTransform_float_3_3
Parameters: 0.999999 0.000816169 -0.000131956 -0.00081583 0.999999 0.00127911 0.000133043 -0.00127889 0.999999 -0.0310053 0.0497335 0.0580194
FixedParameters: 0 0 0

#Transform 24
Transform: AffineTransform_float_3_3
Parameters: 0.999999 0.000752007 -9.79405e-05 -0.000751992 0.999999 7.90737e-05 9.80594e-05 -7.89263e-05 1 -0.0285768 0.0378584 0.0288362
FixedParameters: 0 0 0

#Transform 25
Transform: AffineTransform_float_3_3
Parameters: 1 0.0005972 0.000112947 -0.0005968 0.999999 -0.00176407 -0.000114053 0.00176393 0.999998 -0.0464318 0.0670859 0.0146251
FixedParameters: 0 0 0

#Transform 26
Transform: AffineTransform_float_3_3
Parameters: 0.999999 0.000408257 0.000595199 -0.000409742 0.999995 0.00293075 -0.000593802 -0.00293024 0.999995 -0.0319638 0.00498043 0.0662831
FixedParameters: 0 0 0

#Transform 27
Transform: AffineTransform_float_3_3
Parameters: 1 0.000599302 0.000655639 -0.000600698 1 0.00106461 -0.000654361 -0.00106539 0.999999 -0.0474386 0.00271906 0.0351385
FixedParameters: 0 0 0

#Transform 28
Transform: AffineTransform_float_3_3
Parameters: 0.999999 0.000710994 1.91969e-05 -0.000711005 0.999999 0.000276986 -1.8803e-05 -0.000277013 1 -0.0349788 0.0501073 0.00734464
FixedParameters: 0 0 0

#Transform 29
Transform: AffineTransform_float_3_3
Parameters: 1 0.000335026 7.58841e-05 -0.000334974 1 -0.000346025 -7.51159e-05 0.000345975 1 -0.0637849 0.0797557 0.0760891
FixedParameters: 0 0 0

#Transform 30
Transform: AffineTransform_float_3_3
Parameters: 1 0.000525034 1.8035e-05 -0.000525966 0.999998 -0.00183801 -1.89668e-05 0.00183799 0.999999 -0.0584672 0.106642 0.050609
FixedParameters: 0 0 0

#Transform 31
Transform: AffineTransform_float_3_3
Parameters: 0.999999 0.000906228 0.000493753 -0.000904771 0.999997 -0.00248145 -0.000496246 0.00248055 0.999997 -0.0664638 0.0770774 -0.0199984
FixedParameters: 0 0 0

#Transform 32
Transform: AffineTransform_float_3_3
Parameters: 0.999999 0.000885283 -0.000400588 -0.000886715 0.999998 -0.00179265 0.000398411 0.00179335 0.999999 -0.0746171 0.042307 -0.0308853
FixedParameters: 0 0 0

#Transform 33
Transform: AffineTransform_float_3_3
Parameters: 1 0.000139177 -0.000399288 -0.000139823 0.999998 -0.00206294 0.000398712 0.00206305 0.999998 -0.0849904 0.0673167 -0.0368569
FixedParameters: 0 0 0

#Transform 34
Transform: AffineTransform_float_3_3
Parameters: 1 0.00103021 -0.000401032 -0.00103079 0.999998 -0.00197159 0.000398968 0.00197241 0.999998 -0.0879258 0.0467133 -0.0349023
FixedParameters: 0 0 0

#Transform 35
Transform: AffineTransform_float_3_3
Parameters: 1 0.00113831 -0.000400955 -0.00113969 0.999998 -0.00171654 0.000399044 0.00171746 0.999999 -0.0824124 0.00408428 -0.0773079
FixedParameters: 0 0 0

#Transform 36
Transform: AffineTransform_float_3_3
Parameters: 0.999999 0.00125727 -0.000752894 -0.00125973 0.999996 -0.00230005 0.000750104 0.00230094 0.999997 -0.083642 0.0246425 -0.0371867
FixedParameters: 0 0 0

#Transform 37
Transform: AffineTransform_float_3_3
Parameters: 0.999999 0.00138501 -0.000507477 -0.00138699 0.999991 -0.0039513 0.000501523 0.0039517 0.999992 -0.077063 -0.0279905 -0.100218
FixedParameters: 0 0 0

#Transform 38
Transform: AffineTransform_float_3_3
Parameters: 0.999998 0.00152544 -0.00125035 -0.00152956 0.999995 -0.00285009 0.00124664 0.00285191 0.999995 -0.091104 0.0540989 -0.0700143
FixedParameters: 0 0 0

#Transform 39
Transform: AffineTransform_float_3_3
Parameters: 0.999999 0.00127484 -0.000326559 -0.00127616 0.999993 -0.00357458 0.000321441 0.00357441 0.999993 -0.0930732 -0.0542712 -0.111945
FixedParameters: 0 0 0

#Transform 40
Transform: AffineTransform_float_3_3
Parameters: 0.999999 0.00113016 -0.000654187 -0.00113184 0.999996 -0.00281726 0.000650814 0.00281774 0.999996 -0.0930079 -0.014458 -0.125401
FixedParameters: 0 0 0

#Transform 41
Transform: AffineTransform_float_3_3
Parameters: 1 0.00105484 -0.000547177 -0.00105716 0.999991 -0.00395542 0.000542822 0.00395657 0.999992 -0.0944013 -0.0108001 -0.105764
FixedParameters: 0 0 0

#Transform 42
Transform: AffineTransform_float_3_3
Parameters: 0.999999 0.00109072 -0.00103752 -0.00109528 0.999991 -0.00413187 0.00103248 0.00413313 0.999991 -0.0817249 -0.0437113 -0.0809105
FixedParameters: 0 0 0

#Transform 43
Transform: AffineTransform_float_3_3
Parameters: 0.999999 0.00100378 -0.000885518 -0.00100622 0.999997 -0.00250511 0.000883482 0.00250589 0.999997 -0.0712801 -0.0412922 -0.0754316
FixedParameters: 0 0 0

#Transform 44
Transform: AffineTransform_float_3_3
Parameters: 0.999999 0.00102198 -0.00075511 -0.00102503 0.999992 -0.00401523 0.00075189 0.00401577 0.999991 -0.0674606 -0.143638 -0.0406237
FixedParameters: 0 0 0

#Transform 45
Transform: AffineTransform_float_3_3
Parameters: 0.999998 0.000981441 -0.00124382 -0.000984559 0.999996 -0.00286378 0.00124118 0.00286522 0.999995 -0.0575112 -0.108567 -0.0278871
FixedParameters: 0 0 0

#Transform 46
Transform: AffineTransform_float_3_3
Parameters: 0.999999 0.000890228 -0.00125967 -0.000893773 0.999995 -0.00299688 0.00125733 0.00299812 0.999994 -0.0771838 -0.0801151 -0.0490296
FixedParameters: 0 0 0

#Transform 47
Transform: AffineTransform_float_3_3
Parameters: 0.999998 0.00142021 -0.00140386 -0.00142478 0.999993 -0.00341401 0.00139814 0.00341599 0.999993 -0.101867 -0.0830844 -0.0933183
FixedParameters: 0 0 0

#Transform 48
Transform: AffineTransform_float_3_3
Parameters: 0.999998 0.00118866 -0.00175231 -0.00119533 0.999992 -0.00361891 0.00174768 0.00362108 0.999992 -0.0969801 -0.112534 -0.0919712
FixedParameters: 0 0 0

#Transform 49
Transform: AffineTransform_float_3_3
Parameters: 1 0.000343496 -0.00113637 -0.000347504 0.999992 -0.00396661 0.00113463 0.00396639 0.999992 -0.123294 -0.0796852 -0.0589274
FixedParameters: 0 0 0

#Transform 50
Transform: AffineTransform_float_3_3
Parameters: 0.999999 0.000393816 -0.00135352 -0.000399186 0.999992 -0.00383246 0.00135248 0.00383253 0.999991 -0.125678 -0.0520219 -0.0802965
FixedParameters: 0 0 0

#Transform 51
Transform: AffineTransform_float_3_3
Parameters: 1 0.000643402 -0.000924219 -0.000647603 0.999988 -0.00498441 0.000921784 0.0049846 0.999987 -0.109914 -0.160069 -0.101983
FixedParameters: 0 0 0

#Transform 52
Transform: AffineTransform_float_3_3
Parameters: 1 0.000338605 -0.00102746 -0.000342392 0.999991 -0.00427965 0.00102554 0.00428035 0.999991 -0.119268 -0.0618848 -0.0789129
FixedParameters: 0 0 0

#Transform 53
Transform: AffineTransform_float_3_3
Parameters: 1 -3.65951e-05 -0.00102585 3.14042e-05 0.99999 -0.00447904 0.00102615 0.00447897 0.99999 -0.140815 -0.10491 -0.0511967
FixedParameters: 0 0 0

#Transform 54
Transform: AffineTransform_float_3_3
Parameters: 0.999998 0.00103204 -0.00159752 -0.00103897 0.99999 -0.00436435 0.00159348 0.00436665 0.999989 -0.126517 -0.0719856 -0.0605218
FixedParameters: 0 0 0

#Transform 55
Transform: AffineTransform_float_3_3
Parameters: 0.999998 0.000939292 -0.00165839 -0.000947709 0.999988 -0.00465243 0.00165461 0.00465456 0.999988 -0.136594 -0.0410341 -0.0557653
FixedParameters: 0 0 0

#Transform 56
Transform: AffineTransform_float_3_3
Parameters: 0.999999 0.0010224 -0.00153675 -0.0010306 0.999984 -0.00560343 0.00153125 0.00560457 0.999983 -0.133979 -0.0494165 -0.043118
FixedParameters: 0 0 0

#Transform 57
Transform: AffineTransform_float_3_3
Parameters: 0.999999 0.00113814 -0.00141137 -0.00114585 0.999984 -0.00557839 0.00140463 0.00558061 0.999984 -0.128227 -0.0389173 -0.0561836
FixedParameters: 0 0 0

#Transform 58
Transform: AffineTransform_float_3_3
Parameters: 0.999999 0.000251748 -0.00168073 -0.000263255 0.999978 -0.00669857 0.00167928 0.00669844 0.999976 -0.143078 -0.0765808 -0.0487807
FixedParameters: 0 0 0

#Transform 59
Transform: AffineTransform_float_3_3
Parameters: 0.999998 0.000416386 -0.00161677 -0.000427614 0.999979 -0.00656932 0.00161422 0.00657068 0.999977 -0.142336 -0.0548874 -0.04241
FixedParameters: 0 0 0

#Transform 60
Transform: AffineTransform_float_3_3
Parameters: 0.999997 0.000799468 -0.00202639 -0.00081253 0.999978 -0.00668637 0.00202061 0.00668763 0.999975 -0.143002 -0.0815602 -0.0531708
FixedParameters: 0 0 0

#Transform 61
Transform: AffineTransform_float_3_3
Parameters: 0.999998 0.000893215 -0.00135583 -0.000902786 0.999979 -0.00649279 0.00135017 0.00649422 0.999978 -0.159813 -0.0452095 -0.032998
FixedParameters: 0 0 0

#Transform 62
Transform: AffineTransform_float_3_3
Parameters: 0.999998 0.000893116 -0.00186326 -0.000903882 0.999983 -0.00584833 0.00185774 0.00585068 0.999981 -0.165756 -0.013385 -0.0575707
FixedParameters: 0 0 0

#Transform 63
Transform: AffineTransform_float_3_3
Parameters: 0.999997 0.000818695 -0.0023278 -0.000835306 0.999975 -0.00701208 0.0023222 0.00701392 0.999972 -0.151749 0.00835019 -0.0379241
FixedParameters: 0 0 0

#Transform 64
Transform: AffineTransform_float_3_3
Parameters: 0.999997 0.000590687 -0.0026639 -0.000608312 0.999978 -0.0065024 0.0026601 0.0065046 0.999976 -0.163246 0.0526161 0.0176125
FixedParameters: 0 0 0

#Transform 65
Transform: AffineTransform_float_3_3
Parameters: 0.999998 0.000589141 -0.00224749 -0.000605862 0.999971 -0.00750766 0.00224352 0.00750934 0.99997 -0.173292 0.0590931 -0.00857468
FixedParameters: 0 0 0

#Transform 66
Transform: AffineTransform_float_3_3
Parameters: 0.999996 5.74193e-06 -0.00275814 -2.72569e-05 0.999968 -0.00806996 0.00275787 0.00807005 0.999963 -0.185561 0.077037 -0.00581072
FixedParameters: 0 0 0

#Transform 67
Transform: AffineTransform_float_3_3
Parameters: 0.999995 0.000594493 -0.00285599 -0.000617508 0.999966 -0.00823727 0.00285101 0.00823873 0.999962 -0.201924 0.0949744 -0.0255237
FixedParameters: 0 0 0

#Transform 68
Transform: AffineTransform_float_3_3
Parameters: 0.999995 0.000686222 -0.00303095 -0.000711778 0.999963 -0.00851188 0.00302505 0.00851411 0.999959 -0.192922 0.0912789 -0.0395683
FixedParameters: 0 0 0

#Transform 69
Transform: AffineTransform_float_3_3
Parameters: 0.999997 0.00111958 -0.00210834 -0.00113742 0.999965 -0.00827863 0.00209866 0.00828038 0.999964 -0.177023 0.116696 -0.0441121
FixedParameters: 0 0 0

#Transform 70
Transform: AffineTransform_float_3_3
Parameters: 0.999997 0.0010283 -0.00210823 -0.0010467 0.99996 -0.00889082 0.00209878 0.00889218 0.999959 -0.176882 0.131948 -0.00818838
FixedParameters: 0 0 0

#Transform 71
Transform: AffineTransform_float_3_3
Parameters: 0.999998 0.000931688 -0.00210764 -0.000951308 0.999958 -0.00918102 0.00209835 0.00918298 0.999955 -0.175462 0.150464 0.030722
FixedParameters: 0 0 0

#Transform 72
Transform: AffineTransform_float_3_3
Parameters: 0.999996 0.000652459 -0.00247006 -0.000675539 0.999958 -0.00913536 0.00246393 0.00913764 0.999955 -0.195718 0.15917 0.0302816
FixedParameters: 0 0 0

#Transform 73
Transform: AffineTransform_float_3_3
Parameters: 0.999997 0.000631605 -0.0025559 -0.000655397 0.999958 -0.00916335 0.0025501 0.00916464 0.999955 -0.193911 0.131142 -0.0156895
FixedParameters: 0 0 0

#Transform 74
Transform: AffineTransform_float_3_3
Parameters: 0.999995 0.000631209 -0.00306906 -0.00065979 0.999955 -0.00938902 0.00306294 0.00939098 0.999951 -0.199818 0.183986 -0.0202828
FixedParameters: 0 0 0

#Transform 75
Transform: AffineTransform_float_3_3
Parameters: 0.999996 0.00143836 -0.00233646 -0.00146064 0.999956 -0.00928662 0.00232254 0.00928938 0.999954 -0.190533 0.119583 -0.0395062
FixedParameters: 0 0 0

#Transform 76
Transform: AffineTransform_float_3_3
Parameters: 0.999996 0.000630198 -0.00252931 -0.000654797 0.999951 -0.00981637 0.00252269 0.00981862 0.999948 -0.191643 0.114152 -0.0190096
FixedParameters: 0 0 0

#Transform 77
Transform: AffineTransform_float_3_3
Parameters: 0.999997 0.000857893 -0.00253095 -0.000881108 0.999958 -0.0091428 0.00252305 0.0091452 0.999955 -0.192889 0.100324 -0.0344724
FixedParameters: 0 0 0

#Transform 78
Transform: AffineTransform_float_3_3
Parameters: 0.999998 0.000663863 -0.00217656 -0.000685143 0.999953 -0.00972554 0.00217044 0.00972647 0.999951 -0.193866 0.0657609 -0.0622388
FixedParameters: 0 0 0

#Transform 79
Transform: AffineTransform_float_3_3
Parameters: 0.999997 0.000205021 -0.00234931 -0.000229977 0.999944 -0.0106375 0.00234669 0.0106375 0.99994 -0.191084 0.110878 -0.0338271
FixedParameters: 0 0 0

#Transform 80
Transform: AffineTransform_float_3_3
Parameters: 0.999996 0.000939515 -0.00238697 -0.000961484 0.999955 -0.00943573 0.00237803 0.00943826 0.999952 -0.209027 0.0837511 -0.0569898
FixedParameters: 0 0 0

#Transform 81
Transform: AffineTransform_float_3_3
Parameters: 0.999995 0.000288673 -0.00293403 -0.000318324 0.99995 -0.00999911 0.00293096 0.0100009 0.999945 -0.197375 0.114339 -0.0642617
FixedParameters: 0 0 0

#Transform 82
Transform: AffineTransform_float_3_3
Parameters: 0.999997 0.00023438 -0.00247546 -0.000258617 0.999951 -0.0099504 0.00247255 0.00995062 0.999948 -0.205062 0.130436 -0.0128863
FixedParameters: 0 0 0

#Transform 83
Transform: AffineTransform_float_3_3
Parameters: 0.999996 -0.000133925 -0.00279065 0.00010207 0.999934 -0.0114373 0.00279235 0.0114367 0.99993 -0.192485 0.0908707 0.0193554
FixedParameters: 0 0 0

#Transform 84
Transform: AffineTransform_float_3_3
Parameters: 0.999996 0.000169613 -0.00286382 -0.00019839 0.999951 -0.00991547 0.00286217 0.00991552 0.999946 -0.203779 0.172276 0.0352193
FixedParameters: 0 0 0

#Transform 85
Transform: AffineTransform_float_3_3
Parameters: 0.999996 0.000658908 -0.00295358 -0.000692097 0.999937 -0.011217 0.00294642 0.011219 0.999932 -0.210118 0.154847 0.0168614
FixedParameters: 0 0 0

#Transform 86
Transform: AffineTransform_float_3_3
Parameters: 0.999995 1.0219e-05 -0.00297634 -4.57767e-05 0.999927 -0.0120219 0.00297566 0.0120221 0.999924 -0.224046 0.0871209 -0.020469
FixedParameters: 0 0 0

#Transform 87
Transform: AffineTransform_float_3_3
Parameters: 0.999995 -0.000180153 -0.00311389 0.000138847 0.999912 -0.0132105 0.00311611 0.0132105 0.999908 -0.225379 0.0695103 -0.0492101
FixedParameters: 0 0 0

#Transform 88
Transform: AffineTransform_float_3_3
Parameters: 0.999996 -0.000240581 -0.00262768 0.000201415 0.999886 -0.0150526 0.00263133 0.0150524 0.999883 -0.205549 0.0220803 -0.0910701
FixedParameters: 0 0 0

#Transform 89
Transform: AffineTransform_float_3_3
Parameters: 0.999997 -0.000110872 -0.00269685 7.81257e-05 0.999925 -0.0121863 0.00269815 0.0121857 0.999922 -0.212986 0.119984 -0.00880945
FixedParameters: 0 0 0

#Transform 90
Transform: AffineTransform_float_3_3
Parameters: 0.999994 -0.000595393 -0.00335058 0.000552615 0.999916 -0.0129369 0.00335743 0.0129351 0.99991 -0.212777 0.118244 -0.08586
FixedParameters: 0 0 0

#Transform 91
Transform: AffineTransform_float_3_3
Parameters: 0.999993 -2.20944e-05 -0.00378303 -2.7107e-05 0.999916 -0.012977 0.00378396 0.012977 0.999908 -0.244176 0.165061 -0.0204701
FixedParameters: 0 0 0

#Transform 92
Transform: AffineTransform_float_3_3
Parameters: 0.999994 -0.000138011 -0.00357952 9.19848e-05 0.999918 -0.0128504 0.00358148 0.0128506 0.999911 -0.237661 0.141733 -0.0307018
FixedParameters: 0 0 0

#Transform 93
Transform: AffineTransform_float_3_3
Parameters: 0.999993 -0.000330862 -0.00372591 0.000281137 0.999911 -0.0133751 0.00373009 0.0133739 0.999903 -0.247313 0.113619 -0.0599191
FixedParameters: 0 0 0

#Transform 94
Transform: AffineTransform_float_3_3
Parameters: 0.999992 -0.000279926 -0.00417152 0.000222081 0.999903 -0.01388 0.00417449 0.0138789 0.999895 -0.257274 0.127639 -0.0396626
FixedParameters: 0 0 0

#Transform 95
Transform: AffineTransform_float_3_3
Parameters: 0.999992 -0.000732657 -0.00390362 0.000675335 0.999891 -0.0147518 0.00391439 0.0147483 0.999884 -0.268405 0.073139 -0.12977
FixedParameters: 0 0 0

#Transform 96
Transform: AffineTransform_float_3_3
Parameters: 0.999994 -0.000709051 -0.00356396 0.000677948 0.999962 -0.00870647 0.00357004 0.00870352 0.999955 -0.275216 0.167541 0.0541109
FixedParameters: 0 0 0

#Transform 97
Transform: AffineTransform_float_3_3
Parameters: 0.999994 -2.05861e-05 -0.00349094 -7.58662e-06 0.999969 -0.00790202 0.00349105 0.00790197 0.999962 -0.260231 0.216907 0.0833495
FixedParameters: 0 0 0

#Transform 98
Transform: AffineTransform_float_3_3
Parameters: 0.99999 -0.000148379 -0.00433976 0.000105616 0.999953 -0.00976455 0.00434124 0.00976345 0.999943 -0.266403 0.249063 0.0533859
FixedParameters: 0 0 0

#Transform 99
Transform: AffineTransform_float_3_3
Parameters: 0.99999 -0.000326916 -0.00433785 0.000282085 0.999947 -0.0103503 0.00434115 0.0103497 0.999937 -0.274599 0.257605 0.0571061
FixedParameters: 0 0 0

#Transform 100
Transform: AffineTransform_float_3_3
Parameters: 0.999991 -0.000357591 -0.00424233 0.000311404 0.999939 -0.0109774 0.00424667 0.0109766 0.99993 -0.271196 0.223572 0.039431
FixedParameters: 0 0 0

#Transform 101
Transform: AffineTransform_float_3_3
Parameters: 0.999988 -0.000200022 -0.00474206 0.000146974 0.999937 -0.0111798 0.00474394 0.0111782 0.999927 -0.282834 0.215199 0.0334674
FixedParameters: 0 0 0

#Transform 102
Transform: AffineTransform_float_3_3
Parameters: 0.999988 -0.000260705 -0.00473831 0.000206298 0.999934 -0.0115421 0.0047407 0.0115409 0.999922 -0.268648 0.212458 0.00321526
FixedParameters: 0 0 0

#Transform 103
Transform: AffineTransform_float_3_3
Parameters: 0.99999 0.00128274 -0.00427398 -0.00132225 0.999957 -0.00919444 0.00426202 0.00920055 0.999948 -0.387432 0.810975 0.33207
FixedParameters: 0 0 0

#Transform 104
Transform: AffineTransform_float_3_3
Parameters: 0.999991 -0.000489003 -0.00436959 0.000466995 0.999987 -0.00503509 0.00437241 0.00503291 0.999978 -0.359903 0.709359 0.332538
FixedParameters: 0 0 0

#Transform 105
Transform: AffineTransform_float_3_3
Parameters: 0.999991 -0.00114284 -0.00409861 0.00111616 0.999978 -0.00654463 0.00410539 0.00653937 0.99997 -0.365301 0.720198 0.286303
FixedParameters: 0 0 0

#Transform 106
Transform: AffineTransform_float_3_3
Parameters: 0.99999 -0.000992996 -0.00420972 0.000966001 0.999979 -0.00641012 0.00421627 0.00640587 0.99997 -0.368398 0.726683 0.255268
FixedParameters: 0 0 0

#Transform 107
Transform: AffineTransform_float_3_3
Parameters: 0.999988 -0.00157125 -0.00449855 0.00154076 0.999976 -0.00671901 0.00450845 0.006712 0.999968 -0.351963 0.779711 0.208825
FixedParameters: 0 0 0

#Transform 108
Transform: AffineTransform_float_3_3
Parameters: 0.999989 -0.0014584 -0.00461258 0.00142561 0.999973 -0.00723566 0.00462243 0.00722934 0.999963 -0.352629 0.766782 0.179677
FixedParameters: 0 0 0

#Transform 109
Transform: AffineTransform_float_3_3
Parameters: 0.999988 -0.000981706 -0.00481329 0.000938299 0.999959 -0.00907363 0.00482171 0.00906938 0.999947 -0.35 0.746595 0.127087
FixedParameters: 0 0 0

#Transform 110
Transform: AffineTransform_float_3_3
Parameters: 0.999987 -0.000895816 -0.004887 0.000851186 0.999957 -0.00916427 0.004895 0.00916073 0.999946 -0.358899 0.776874 0.170776
FixedParameters: 0 0 0

#Transform 111
Transform: AffineTransform_float_3_3
Parameters: 0.999987 -0.000858218 -0.00497961 0.000808777 0.999949 -0.0100782 0.0049884 0.0100738 0.999937 -0.390212 0.790373 0.16647
FixedParameters: 0 0 0

#Transform 112
Transform: AffineTransform_float_3_3
Parameters: 0.999988 -0.0015675 -0.00464456 0.00152049 0.999949 -0.00999918 0.00466043 0.00999182 0.999939 -0.375088 0.785313 0.164758
FixedParameters: 0 0 0

#Transform 113
Transform: AffineTransform_float_3_3
Parameters: 0.999988 -0.00134821 -0.00455056 0.0013018 0.999947 -0.010142 0.00456343 0.010136 0.999938 -0.379709 0.749766 0.131666
FixedParameters: 0 0 0

#Transform 114
Transform: AffineTransform_float_3_3
Parameters: 0.999988 -0.0015506 -0.00463072 0.00149841 0.999934 -0.0113411 0.00464729 0.0113339 0.999925 -0.379766 0.825828 0.153499
FixedParameters: 0 0 0

#Transform 115
Transform: AffineTransform_float_3_3
Parameters: 0.999992 -0.00158339 -0.00362189 0.00154561 0.999945 -0.0103017 0.00363811 0.0102963 0.999941 -0.369948 0.775823 0.177932
FixedParameters: 0 0 0

#Transform 116
Transform: AffineTransform_float_3_3
Parameters: 0.99999 -0.0013844 -0.00439234 0.00133759 0.999941 -0.010777 0.00440767 0.010771 0.999933 -0.400057 0.756837 0.137492
FixedParameters: 0 0 0

#Transform 117
Transform: AffineTransform_float_3_3
Parameters: 0.99998 -0.00120352 -0.00608993 0.00113048 0.999926 -0.0120611 0.00610407 0.0120539 0.999908 -0.423095 0.759121 0.177346
FixedParameters: 0 0 0

#Transform 118
Transform: AffineTransform_float_3_3
Parameters: 0.999982 -0.000960018 -0.00603872 0.000912983 0.99997 -0.00778366 0.00604629 0.00777835 0.999952 -0.502051 0.75314 0.181415
FixedParameters: 0 0 0

#Transform 119
Transform: AffineTransform_float_3_3
Parameters: 0.999984 -0.0010206 -0.00565662 0.000973401 0.999964 -0.00841064 0.00566539 0.00840535 0.999948 -0.52488 0.748776 0.153278
FixedParameters: 0 0 0

#Transform 120
Transform: AffineTransform_float_3_3
Parameters: 0.999982 -0.00122316 -0.00590024 0.00116485 0.999951 -0.00985005 0.00591176 0.00984295 0.999934 -0.528545 0.849393 0.188782
FixedParameters: 0 0 0

#Transform 121
Transform: AffineTransform_float_3_3
Parameters: 0.999983 -0.00099802 -0.0056549 0.000938976 0.999945 -0.0104305 0.00566509 0.0104245 0.999929 -0.515338 0.83742 0.125599
FixedParameters: 0 0 0

#Transform 122
Transform: AffineTransform_float_3_3
Parameters: 0.999983 -0.00144109 -0.00565026 0.00138191 0.999945 -0.010448 0.00566474 0.01044 0.99993 -0.502911 0.80838 0.144669
FixedParameters: 0 0 0

#Transform 123
Transform: AffineTransform_float_3_3
Parameters: 0.99998 -0.0021207 -0.00604571 0.0020593 0.999946 -0.0101937 0.00606729 0.0101803 0.99993 -0.493273 0.841374 0.1471
FixedParameters: 0 0 0

#Transform 124
Transform: AffineTransform_float_3_3
Parameters: 0.999983 -0.00166885 -0.00567717 0.00161315 0.999952 -0.00965333 0.00569283 0.00964367 0.999938 -0.507677 0.826407 0.0978002
FixedParameters: 0 0 0

#Transform 125
Transform: AffineTransform_float_3_3
Parameters: 0.999982 -0.00210388 -0.00549656 0.00204712 0.999944 -0.0103324 0.00551843 0.0103216 0.999931 -0.542119 0.831212 0.0798756
FixedParameters: 0 0 0

#Transform 126
Transform: AffineTransform_float_3_3
Parameters: 0.999982 -0.00158992 -0.00590138 0.00152308 0.999934 -0.0113272 0.00591863 0.0113178 0.999919 -0.52227 0.781109 0.0605122
FixedParameters: 0 0 0

#Transform 127
Transform: AffineTransform_float_3_3
Parameters: 0.999979 -0.00130178 -0.00625152 0.00121921 0.999914 -0.0130679 0.00626846 0.0130601 0.999895 -0.527862 0.762667 0.00207133
FixedParameters: 0 0 0

#Transform 128
Transform: AffineTransform_float_3_3
Parameters: 0.999979 -0.00143638 -0.00631082 0.00135364 0.999914 -0.0130378 0.00632818 0.0130292 0.999895 -0.535976 0.771792 0.0125783
FixedParameters: 0 0 0

#Transform 129
Transform: AffineTransform_float_3_3
Parameters: 0.999982 -0.00108866 -0.00601797 0.00101434 0.999922 -0.0123953 0.00603104 0.0123897 0.999905 -0.532942 0.728113 -0.0143818
FixedParameters: 0 0 0

#Transform 130
Transform: AffineTransform_float_3_3
Parameters: 0.999981 -0.000938837 -0.00608609 0.000850161 0.999895 -0.0144194 0.00609889 0.0144135 0.999877 -0.537312 0.76339 -0.0383752
FixedParameters: 0 0 0

#Transform 131
Transform: AffineTransform_float_3_3
Parameters: 0.99998 -0.000838625 -0.00636436 0.00074438 0.999891 -0.014699 0.00637563 0.0146939 0.999871 -0.57562 0.813948 -0.0374722
FixedParameters: 0 0 0

#Transform 132
Transform: AffineTransform_float_3_3
Parameters: 0.999976 -0.00143421 -0.00675434 0.00132278 0.999864 -0.0164413 0.00677766 0.0164317 0.999842 -0.561894 0.821936 -0.0573832
FixedParameters: 0 0 0

#Transform 133
Transform: AffineTransform_float_3_3
Parameters: 0.999975 -0.00139184 -0.00694989 0.00127115 0.999849 -0.0173623 0.00697311 0.0173527 0.999825 -0.577709 0.813846 -0.0439047
FixedParameters: 0 0 0

#Transform 134
Transform: AffineTransform_float_3_3
Parameters: 0.999976 -0.001672 -0.0067477 0.00154899 0.999834 -0.0181929 0.00677729 0.0181821 0.999811 -0.602606 0.829352 -0.0289016
FixedParameters: 0 0 0

#Transform 135
Transform: AffineTransform_float_3_3
Parameters: 0.999979 -0.00148791 -0.00633869 0.00137109 0.999829 -0.0184081 0.00636531 0.0183989 0.99981 -0.60064 0.828222 -0.0199893
FixedParameters: 0 0 0

#Transform 136
Transform: AffineTransform_float_3_3
Parameters: 0.999973 -0.00125324 -0.00721288 0.00111176 0.999808 -0.0195515 0.00723612 0.0195435 0.999783 -0.597828 0.853969 -0.032135
FixedParameters: 0 0 0

#Transform 137
Transform: AffineTransform_float_3_3
Parameters: 0.999976 -0.000763081 -0.00677871 0.000633933 0.999819 -0.0190237 0.00679129 0.0190193 0.999796 -0.587794 0.814903 -0.0293873
FixedParameters: 0 0 0

#Transform 138
Transform: AffineTransform_float_3_3
Parameters: 0.999974 -0.000673476 -0.00725942 0.000534517 0.999815 -0.0191974 0.00727161 0.0191936 0.99979 -0.588856 0.793416 -0.0702628
FixedParameters: 0 0 0

#Transform 139
Transform: AffineTransform_float_3_3
Parameters: 0.999971 -0.00156738 -0.00754752 0.00141863 0.999804 -0.0197573 0.0075765 0.0197457 0.999777 -0.593072 0.842663 -0.0723989
FixedParameters: 0 0 0

#Transform 140
Transform: AffineTransform_float_3_3
Parameters: 0.999968 -0.00128483 -0.00797048 0.00111518 0.999773 -0.0212756 0.00799553 0.0212654 0.999742 -0.59382 0.853005 -0.0583668
FixedParameters: 0 0 0

#Transform 141
Transform: AffineTransform_float_3_3
Parameters: 0.99997 -0.00119676 -0.00772227 0.00103225 0.999772 -0.0213036 0.00774575 0.0212954 0.999743 -0.590705 0.841285 -0.0661519
FixedParameters: 0 0 0

#Transform 142
Transform: AffineTransform_float_3_3
Parameters: 0.999968 -0.00106175 -0.0078568 0.000891251 0.999764 -0.0217037 0.00787819 0.0216963 0.999733 -0.573153 0.849057 -0.0816809
FixedParameters: 0 0 0

#Transform 143
Transform: AffineTransform_float_3_3
Parameters: 0.999969 -0.00112868 -0.00780997 0.000963322 0.999778 -0.0210572 0.00783202 0.0210498 0.999748 -0.555804 0.886718 -0.0737166
FixedParameters: 0 0 0

#Transform 144
Transform: AffineTransform_float_3_3
Parameters: 0.999975 -0.00114533 -0.00694975 0.00100068 0.999784 -0.0207365 0.00697125 0.0207285 0.999761 -0.566794 0.872658 -0.0879306
FixedParameters: 0 0 0

#Transform 145
Transform: AffineTransform_float_3_3
Parameters: 0.999976 -0.00139466 -0.00681216 0.00124034 0.999742 -0.022656 0.00684185 0.022647 0.99972 -0.548172 0.830865 -0.152242
FixedParameters: 0 0 0

#Transform 146
Transform: AffineTransform_float_3_3
Parameters: 0.99997 -0.000939328 -0.00777893 0.000764666 0.999749 -0.0223836 0.00779807 0.0223764 0.999719 -0.547292 0.823713 -0.203069
FixedParameters: 0 0 0

#Transform 147
Transform: AffineTransform_float_3_3
Parameters: 0.999968 -0.0010118 -0.00802738 0.000832207 0.99975 -0.0223704 0.00804763 0.0223626 0.999717 -0.549881 0.858282 -0.176048
FixedParameters: 0 0 0

#Transform 148
Transform: AffineTransform_float_3_3
Parameters: 0.999966 -0.00104454 -0.0082472 0.000854471 0.999736 -0.0229518 0.00826879 0.0229442 0.999702 -0.534307 0.878542 -0.218435
FixedParameters: 0 0 0

#Transform 149
Transform: AffineTransform_float_3_3
Parameters: 0.999966 -0.00111035 -0.00814665 0.000923662 0.999736 -0.0229653 0.00816936 0.0229567 0.999703 -0.55022 0.857986 -0.18226
FixedParameters: 0 0 0

#Transform 150
Transform: AffineTransform_float_3_3
Parameters: 0.999966 -0.00101423 -0.00818928 0.000819782 0.999719 -0.0236855 0.00821072 0.0236785 0.999686 -0.554718 0.880217 -0.209786
FixedParameters: 0 0 0

#Transform 151
Transform: AffineTransform_float_3_3
Parameters: 0.999967 -0.00117117 -0.0080218 0.000974853 0.999702 -0.0244146 0.00804719 0.0244064 0.999669 -0.52666 0.887939 -0.259968
FixedParameters: 0 0 0

#Transform 152
Transform: AffineTransform_float_3_3
Parameters: 0.999964 -0.00152674 -0.00832732 0.00131127 0.999665 -0.0258518 0.00836369 0.0258402 0.999631 -0.537296 0.805319 -0.224224
FixedParameters: 0 0 0

#Transform 153
Transform: AffineTransform_float_3_3
Parameters: 0.999966 -0.00157859 -0.00807554 0.00137842 0.999695 -0.024662 0.00811146 0.02465 0.999663 -0.553078 0.808963 -0.191961
FixedParameters: 0 0 0

#Transform 154
Transform: AffineTransform_float_3_3
Parameters: 0.999961 -0.00198674 -0.00853525 0.00177326 0.99969 -0.0248611 0.00858171 0.0248449 0.999654 -0.544224 0.863982 -0.143691
FixedParameters: 0 0 0

#Transform 155
Transform: AffineTransform_float_3_3
Parameters: 0.999967 -0.00128732 -0.00794602 0.00110768 0.999745 -0.0225305 0.00797298 0.0225215 0.999715 -0.568332 0.933324 -0.0825255
FixedParameters: 0 0 0
