#Insight Transform File V1.0
#Transform 0
Transform: AffineTransform_float_3_3
Parameters: 0.999999 -0.000499855 0.000779734 0.000501143 0.999999 -0.00146861 -0.000778264 0.00146939 0.999998 0.00862551 0.258592 0.116094
FixedParameters: 0 0 0

#Transform 1
Transform: AffineTransform_float_3_3
Parameters: 1 -0.000610367 0.000288345 0.000610633 0.999998 -0.00220282 -0.000286656 0.00220218 0.999997 0.013223 0.209991 0.0513617
FixedParameters: 0 0 0

#Transform 2
Transform: AffineTransform_float_3_3
Parameters: 1 -0.000673866 5.3707e-05 0.000674134 0.999996 -0.00253296 -5.22926e-05 0.00253303 0.999997 0.0155668 0.215875 0.0895435
FixedParameters: 0 0 0

#Transform 3
Transform: AffineTransform_float_3_3
Parameters: 1 -0.000342121 0.00046365 0.00034288 0.999998 -0.00189784 -0.00046335 0.00189816 0.999998 0.0164315 0.223413 0.116311
FixedParameters: 0 0 0

#Transform 4
Transform: AffineTransform_float_3_3
Parameters: 0.999999 -0.000329631 0.000723625 0.00033137 0.999998 -0.00189276 -0.000723374 0.00189324 0.999998 0.0282817 0.228715 0.163816
FixedParameters: 0 0 0

#Transform 5
Transform: AffineTransform_float_3_3
Parameters: 1 -0.000262425 0.000352429 0.000262574 0.999998 -0.00163291 -0.000351572 0.00163209 0.999998 0.0238716 0.200999 0.183619
FixedParameters: 0 0 0

#Transform 6
Transform: AffineTransform_float_3_3
Parameters: 1 1.03834e-05 0.00039399 -9.61663e-06 0.999999 -0.000973004 -0.00039401 0.000972996 1 0.0011288 0.133123 -0.014926
FixedParameters: 0 0 0

#Transform 7
Transform: AffineTransform_float_3_3
Parameters: 0.999999 3.08078e-06 0.000890996 -1.91921e-06 1 -0.001213 -0.000891003 0.001213 0.999999 -0.00251327 0.123242 -0.0323997
FixedParameters: 0 0 0

#Transform 8
Transform: AffineTransform_float_3_3
Parameters: 0.999999 -0.000235132 0.000731279 0.000235867 1 -0.00118683 -0.00073072 0.00118717 0.999999 -0.00397899 0.181389 0.0923676
FixedParameters: 0 0 0

#Transform 9
Transform: AffineTransform_float_3_3
Parameters: 1 -0.000114897 0.000299039 0.000115103 1 -0.000343966 -0.00029896 0.000344034 1 -0.00431645 0.131555 0.0725792
FixedParameters: 0 0 0

#Transform 10
Transform: AffineTransform_float_3_3
Parameters: 1 -8.67999e-05 0.000299058 8.72e-05 1 -0.000668974 -0.000298942 0.000669026 0.999999 0.00555047 0.0965691 -0.00469805
FixedParameters: 0 0 0

#Transform 11
Transform: AffineTransform_float_3_3
Parameters: 1 4.99918e-05 -1.00409e-05 -5.00081e-05 0.999999 -0.000817999 9.95909e-06 0.000818 0.999999 0.0155409 0.0853725 0.0113278
FixedParameters: 0 0 0

#Transform 12
Transform: AffineTransform_float_3_3
Parameters: 1 1.70586e-05 0.000298997 -1.79414e-05 1 -0.000196005 -0.000299003 0.000195995 1 0.0175193 0.10892 0.0561844
FixedParameters: 0 0 0

#Transform 13
Transform: AffineTransform_float_3_3
Parameters: 1 -3.29471e-05 0.000299006 3.30529e-05 1 -0.00017699 -0.000298994 0.00017701 1 0.0185921 0.117457 0.0736205
FixedParameters: 0 0 0

#Transform 14
Transform: AffineTransform_float_3_3
Parameters: 1 -4.29566e-05 -0.00019201 4.30434e-05 1 0.000225992 0.00019199 -0.000226008 1 0.00702607 0.100106 0.0698126
FixedParameters: 0 0 0

#Transform 15
Transform: AffineTransform_float_3_3
Parameters: 1 -0.000204059 0.000194938 0.00020394 1 0.00030504 -0.000195062 -0.00030496 1 0.0171717 0.0826295 0.105097
FixedParameters: 0 0 0

#Transform 16
Transform: AffineTransform_float_3_3
Parameters: 1 -8.31465e-05 0.000295959 8.28537e-05 1 0.000494024 -0.000296041 -0.000494975 1 0.0198417 0.0461321 0.0459436
FixedParameters: 0 0 0

#Transform 17
Transform: AffineTransform_float_3_3
Parameters: 1 5.9767e-05 0.000296047 -6.02329e-05 0.999999 0.000786982 -0.000295953 -0.000787017 0.999999 0.00652649 0.0431121 0.0675767
FixedParameters: 0 0 0

#Transform 18
Transform: AffineTransform_float_3_3
Parameters: 1 6.00019e-05 0.000169999 -5.99981e-05 1 -1.10102e-05 -0.000170001 1.09898e-05 1 0.0170409 0.0478524 0.0616446
FixedParameters: 0 0 0

#Transform 19
Transform: AffineTransform_float_3_3
Parameters: 1 -5.49978e-05 -7.00017e-05 5.50022e-05 1 3.09961e-05 6.99983e-05 -3.10038e-05 1 0.00518839 0.0394261 0.0188112
FixedParameters: 0 0 0

#Transform 20
Transform: AffineTransform_float_3_3
Parameters: 1 -9.70914e-05 0.00029597 9.79085e-05 1 0.000309029 -0.00029603 -0.000308971 1 -0.00319732 0.0280014 0.000253915
FixedParameters: 0 0 0

#Transform 21
Transform: AffineTransform_float_3_3
Parameters: 1 -0.000262374 0.000295668 0.000261625 0.999999 0.00126508 -0.000296331 -0.00126492 0.999999 -0.0129876 0.0178294 0.0342542
FixedParameters: 0 0 0

#Transform 22
Transform: AffineTransform_float_3_3
Parameters: 1 -0.000303643 0.000439556 0.000303356 0.999999 0.00146213 -0.000440444 -0.00146187 0.999999 -0.00626769 -0.00682332 0.0662867
FixedParameters: 0 0 0

#Transform 23
Transform: AffineTransform_float_3_3
Parameters: 1 -0.000546931 -4.68111e-05 0.000547069 0.999999 0.00148297 4.61887e-05 -0.00148302 0.999999 -0.0130191 0.0124135 0.110169
FixedParameters: 0 0 0

#Transform 24
Transform: AffineTransform_float_3_3
Parameters: 1 -0.000232319 0.00029575 0.000231681 1 0.00107807 -0.00029625 -0.00107793 1 -0.00676039 -0.0378541 0.0460356
FixedParameters: 0 0 0

#Transform 25
Transform: AffineTransform_float_3_3
Parameters: 1 -0.00045602 8.08855e-05 0.00045598 1 0.000251037 -8.11144e-05 -0.000250963 1 -0.00563362 -0.0345387 0.0473542
FixedParameters: 0 0 0

#Transform 26
Transform: AffineTransform_float_3_3
Parameters: 1 -0.000172669 0.000296193 0.000172331 1 -0.00111895 -0.000295807 0.00111905 1 -0.0230151 -0.152444 -0.21863
FixedParameters: 0 0 0

#Transform 27
Transform: AffineTransform_float_3_3
Parameters: 1 -4.01823e-05 0.000295975 3.98176e-05 1 0.000616012 -0.000296025 -0.000615988 1 -0.0262011 -0.162155 -0.192644
FixedParameters: 0 0 0

#Transform 28
Transform: AffineTransform_float_3_3
Parameters: 1 -0.000100065 0.000339981 9.99347e-05 1 0.000192034 -0.000340019 -0.000191966 1 -0.0198037 -0.201333 -0.206727
FixedParameters: 0 0 0

#Transform 29
Transform: AffineTransform_float_3_3
Parameters: 1 3.00766e-05 -0.000128982 -2.99234e-05 1 0.000594004 0.000129018 -0.000593996 1 -0.00874907 -0.162997 -0.109806
FixedParameters: 0 0 0

#Transform 30
Transform: AffineTransform_float_3_3
Parameters: 1 0.000126136 -0.000133872 -0.000125864 1 0.00101502 0.000134128 -0.00101498 1 -0.0105326 -0.133648 -0.0823564
FixedParameters: 0 0 0

#Transform 31
Transform: AffineTransform_float_3_3
Parameters: 1 0.00025094 -0.000164092 -0.00025106 1 -0.000364959 0.000163908 0.000365041 1 -0.0318591 -0.0960146 0.198864
FixedParameters: 0 0 0

#Transform 32
Transform: AffineTransform_float_3_3
Parameters: 0.999999 -0.00108875 -0.0010562 0.00108625 0.999998 -0.00165315 0.0010578 0.00165185 0.999998 -0.00801621 -0.0513884 0.133511
FixedParameters: 0 0 0

#Transform 33
Transform: AffineTransform_float_3_3
Parameters: 0.999999 -0.00134105 -0.00128286 0.00133895 0.999998 -0.00159672 0.00128414 0.00159428 0.999998 0.00421251 -0.0246982 0.151736
FixedParameters: 0 0 0

#Transform 34
Transform: AffineTransform_float_3_3
Parameters: 0.999998 -0.00133934 -0.000930516 0.00133866 0.999999 -0.000361246 0.000931482 0.000359753 0.999999 0.0200236 -0.0522763 0.16188
FixedParameters: 0 0 0

#Transform 35
Transform: AffineTransform_float_3_3
Parameters: 0.999999 -0.000956861 -0.000861154 0.000957139 0.999999 0.000161176 0.000860845 -0.000161824 0.999999 0.0129611 -0.112881 0.138996
FixedParameters: 0 0 0

#Transform 36
Transform: AffineTransform_float_3_3
Parameters: 1 -0.000836129 -0.000860875 0.000835871 0.999999 -0.00014972 0.000860125 0.000149281 0.999999 0.0032345 -0.19148 0.0357678
FixedParameters: 0 0 0

#Transform 37
Transform: AffineTransform_float_3_3
Parameters: 1 -0.000850697 -0.000860311 0.000849303 1 -0.000810732 0.000860688 0.000809269 1 0.0086333 -0.181887 0.0544518
FixedParameters: 0 0 0

#Transform 38
Transform: AffineTransform_float_3_3
Parameters: 1 -0.000707215 -0.000860823 0.000706785 0.999999 -0.000250608 0.000860176 0.000249392 0.999999 0.00718141 -0.171581 0.0829305
FixedParameters: 0 0 0

#Transform 39
Transform: AffineTransform_float_3_3
Parameters: 1 -0.00077529 -0.000860739 0.000774711 0.999999 -0.000336667 0.000860261 0.000336333 0.999999 0.0107248 -0.164831 0.0849463
FixedParameters: 0 0 0

#Transform 40
Transform: AffineTransform_float_3_3
Parameters: 0.999999 -0.000583506 -0.000628531 0.000583494 0.999999 -0.000804367 0.00062847 0.000804634 1 -0.00232322 -0.178 0.10726
FixedParameters: 0 0 0

#Transform 41
Transform: AffineTransform_float_3_3
Parameters: 1 -0.000833733 -0.000673094 0.000833268 0.999999 -0.00108756 0.000673907 0.00108744 0.999999 0.00572665 -0.246195 0.0665862
FixedParameters: 0 0 0

#Transform 42
Transform: AffineTransform_float_3_3
Parameters: 0.999999 -0.000573615 -0.000604417 0.000572385 1 -0.00101735 0.000604582 0.00101665 1 0.00367387 -0.310937 -0.00972463
FixedParameters: 0 0 0

#Transform 43
Transform: AffineTransform_float_3_3
Parameters: 0.999999 -0.000713517 -0.000607222 0.000712483 0.999996 -0.00249443 0.000608779 0.00249457 0.999996 -0.0105997 -0.305012 -0.0375901
FixedParameters: 0 0 0

#Transform 44
Transform: AffineTransform_float_3_3
Parameters: 1 -0.000260438 -0.000536304 0.000258563 0.999997 -0.00268014 0.000536695 0.00267986 0.999997 -0.0214122 -0.259534 -0.0100778
FixedParameters: 0 0 0

#Transform 45
Transform: AffineTransform_float_3_3
Parameters: 0.999999 -0.00037257 -0.000777774 0.000369432 0.999995 -0.00330229 0.000778224 0.00330171 0.999994 7.41124e-05 -0.267765 -0.00563894
FixedParameters: 0 0 0

#Transform 46
Transform: AffineTransform_float_3_3
Parameters: 0.999999 -0.000339203 -0.000642842 0.000336797 0.999994 -0.00342322 0.000644157 0.00342378 0.999994 0.00172182 -0.26723 0.0210582
FixedParameters: 0 0 0

#Transform 47
Transform: AffineTransform_float_3_3
Parameters: 0.999999 -0.000432422 -0.000720148 0.000430578 0.999998 -0.00197331 0.000720851 0.00197369 0.999998 0.00424442 -0.282733 0.0767086
FixedParameters: 0 0 0

#Transform 48
Transform: AffineTransform_float_3_3
Parameters: 0.999999 -0.000432008 -0.000641322 0.000430991 0.999998 -0.00157128 0.000642677 0.00157072 0.999998 0.00398259 -0.323953 -0.0210233
FixedParameters: 0 0 0

#Transform 49
Transform: AffineTransform_float_3_3
Parameters: 0.999999 -0.000432419 -0.000711139 0.00043058 0.999998 -0.00199331 0.00071286 0.00199369 0.999998 0.00423998 -0.331125 -0.0235841
FixedParameters: 0 0 0

#Transform 50
Transform: AffineTransform_float_3_3
Parameters: 0.999999 -0.000432036 -0.000720379 0.000430964 0.999999 -0.00143831 0.00072062 0.00143769 0.999998 0.0041915 -0.301612 0.0518188
FixedParameters: 0 0 0

#Transform 51
Transform: AffineTransform_float_3_3
Parameters: 0.999999 -0.000431704 -0.000657539 0.000430296 1 -0.00106928 0.000658461 0.00106972 0.999999 0.00400967 -0.34555 0.0430587
FixedParameters: 0 0 0

#Transform 52
Transform: AffineTransform_float_3_3
Parameters: 0.999999 -0.000432028 -0.000584241 0.000430972 0.999999 -0.00175925 0.000584759 0.00175875 0.999999 -0.00429105 -0.355664 -0.0416855
FixedParameters: 0 0 0

#Transform 53
Transform: AffineTransform_float_3_3
Parameters: 1 -0.000228961 -0.000371409 0.000228037 0.999996 -0.00258608 0.000372591 0.00258591 0.999996 -0.0118024 -0.426128 -0.0497172
FixedParameters: 0 0 0

#Transform 54
Transform: AffineTransform_float_3_3
Parameters: 1 -0.000158217 -0.000536643 0.000156782 0.999998 -0.00226709 0.000537357 0.00226692 0.999998 0.00717882 -0.431418 -0.0232019
FixedParameters: 0 0 0

#Transform 55
Transform: AffineTransform_float_3_3
Parameters: 1 -0.00017706 -0.000610694 0.000176939 0.999998 -0.00173511 0.000611308 0.00173589 0.999999 0.00641778 -0.382084 0.0547711
FixedParameters: 0 0 0

#Transform 56
Transform: AffineTransform_float_3_3
Parameters: 0.999999 -0.000427312 -0.000885368 0.000426686 0.999999 -0.00148238 0.000886633 0.00148162 0.999999 0.0152104 -0.403999 0.0337969
FixedParameters: 0 0 0

#Transform 57
Transform: AffineTransform_float_3_3
Parameters: 0.999999 -0.00044233 -0.00078325 0.000440671 0.999999 -0.00169735 0.000783749 0.00169766 0.999999 0.00511248 -0.420423 0.0112792
FixedParameters: 0 0 0

#Transform 58
Transform: AffineTransform_float_3_3
Parameters: 0.999999 -0.000513538 -0.00114276 0.000512462 1 -0.000471586 0.00114224 0.000470414 0.999999 0.00821275 -0.405756 0.0850864
FixedParameters: 0 0 0

#Transform 59
Transform: AffineTransform_float_3_3
Parameters: 0.999999 -0.00074371 -0.00103721 0.00074429 0.999999 0.000279228 0.00103679 -0.000279771 1 0.023727 -0.401326 0.109133
FixedParameters: 0 0 0

#Transform 60
Transform: AffineTransform_float_3_3
Parameters: 0.999999 -0.0009054 -0.0010995 0.000905601 1 0.000546005 0.00109951 -0.000546996 0.999999 0.0206881 -0.419818 0.121044
FixedParameters: 0 0 0

#Transform 61
Transform: AffineTransform_float_3_3
Parameters: 1 -0.000606166 -0.000928892 0.000605834 1 -0.000178563 0.000929108 0.000178437 0.999999 0.00970566 -0.479074 0.0311458
FixedParameters: 0 0 0

#Transform 62
Transform: AffineTransform_float_3_3
Parameters: 0.999999 -0.00049395 -0.000763031 0.000494049 1 6.4623e-05 0.000762967 -6.53769e-05 0.999999 -0.00134934 -0.450335 0.0222145
FixedParameters: 0 0 0

#Transform 63
Transform: AffineTransform_float_3_3
Parameters: 0.999999 -0.000997367 -0.000350803 0.000997632 0.999998 0.00180665 0.000349198 -0.00180735 0.999999 -0.0265186 -0.516159 0.257941
FixedParameters: 0 0 0

#Transform 64
Transform: AffineTransform_float_3_3
Parameters: 0.999998 -0.00123922 -0.00117849 0.00123378 0.999986 -0.00526747 0.00118451 0.00526554 0.999986 0.00796964 -0.312614 0.428573
FixedParameters: 0 0 0

#Transform 65
Transform: AffineTransform_float_3_3
Parameters: 0.999999 -0.000925977 -0.00100854 0.000920026 0.999982 -0.00591093 0.00101346 0.00591007 0.999982 0.00961198 -0.348687 0.374692
FixedParameters: 0 0 0

#Transform 66
Transform: AffineTransform_float_3_3
Parameters: 1 -0.000486523 -0.00111904 0.000481477 0.999991 -0.00403854 0.00112095 0.00403846 0.999991 0.0232678 -0.415842 0.323802
FixedParameters: 0 0 0

#Transform 67
Transform: AffineTransform_float_3_3
Parameters: 0.999999 -0.000443296 -0.000871828 0.000439702 0.999988 -0.00492238 0.000874174 0.00492161 0.999987 0.0213509 -0.461068 0.225823
FixedParameters: 0 0 0

#Transform 68
Transform: AffineTransform_float_3_3
Parameters: 0.999999 -0.000499749 -0.000871861 0.00049625 0.99999 -0.00429544 0.000874139 0.00429457 0.999991 0.0226963 -0.489547 0.223446
FixedParameters: 0 0 0

#Transform 69
Transform: AffineTransform_float_3_3
Parameters: 1 -0.00065219 -0.00085482 0.000647809 0.999988 -0.00489255 0.00085818 0.00489244 0.999987 0.0164436 -0.540461 0.114598
FixedParameters: 0 0 0

#Transform 70
Transform: AffineTransform_float_3_3
Parameters: 0.999999 -0.000500178 -0.000871615 0.000495825 0.999989 -0.00478744 0.000873383 0.00478657 0.999988 0.0230739 -0.591209 -0.0387223
FixedParameters: 0 0 0

#Transform 71
Transform: AffineTransform_float_3_3
Parameters: 0.999999 -0.000888763 0.000196076 0.000889236 0.999999 -0.00121083 -0.000194923 0.00121117 0.999999 -0.00818452 -0.705837 -0.301182
FixedParameters: 0 0 0

#Transform 72
Transform: AffineTransform_float_3_3
Parameters: 1 -0.000678721 -0.000700336 0.000677277 0.999997 -0.00245547 0.000702665 0.00245452 0.999996 0.00927411 -0.667914 -0.111928
FixedParameters: 0 0 0

#Transform 73
Transform: AffineTransform_float_3_3
Parameters: 0.999999 -0.000274395 -0.000750491 0.000273604 0.999998 -0.00185821 0.000751509 0.00185779 0.999998 0.00374326 -0.698591 -0.136645
FixedParameters: 0 0 0

#Transform 74
Transform: AffineTransform_float_3_3
Parameters: 1 -0.000327888 -0.000983373 0.000325114 0.999998 -0.00191832 0.000983626 0.00191868 0.999997 0.0200944 -0.701915 -0.0673823
FixedParameters: 0 0 0

#Transform 75
Transform: AffineTransform_float_3_3
Parameters: 1 -0.000690123 -0.000829239 0.000687877 0.999997 -0.00255657 0.000831762 0.00255643 0.999997 0.0278847 -0.722037 -0.0822875
FixedParameters: 0 0 0

#Transform 76
Transform: AffineTransform_float_3_3
Parameters: 1 -0.000669629 -0.000882767 0.000668373 0.999998 -0.00184359 0.000883234 0.00184341 0.999998 0.018398 -0.6934 -0.118775
FixedParameters: 0 0 0

#Transform 77
Transform: AffineTransform_float_3_3
Parameters: 0.999999 -0.000745058 -0.00112464 0.000742942 0.999998 -0.00182884 0.00112636 0.00182816 0.999997 0.0205182 -0.677081 -0.0823742
FixedParameters: 0 0 0

#Transform 78
Transform: AffineTransform_float_3_3
Parameters: 1 -0.000656912 -0.000799253 0.00065609 0.999999 -0.00113953 0.000799749 0.00113948 0.999999 0.0232919 -0.685212 -0.0416024
FixedParameters: 0 0 0

#Transform 79
Transform: AffineTransform_float_3_3
Parameters: 1 -0.00069736 -0.000936731 0.000696639 0.999999 -0.000385653 0.000937268 0.000384346 0.999999 0.0286255 -0.699042 -0.0089091
FixedParameters: 0 0 0

#Transform 80
Transform: AffineTransform_float_3_3
Parameters: 1 -0.000100253 -0.000627801 9.87463e-05 0.999998 -0.00199606 0.000628198 0.00199594 0.999998 0.0134574 -0.746306 -0.0872311
FixedParameters: 0 0 0

#Transform 81
Transform: AffineTransform_float_3_3
Parameters: 1 -0.000671136 -0.000954202 0.000669864 0.999999 -0.00119064 0.000954798 0.00118936 0.999999 0.0283419 -0.727062 -0.0578369
FixedParameters: 0 0 0

#Transform 82
Transform: AffineTransform_float_3_3
Parameters: 0.999999 -0.000432711 -0.000743006 0.00043129 0.999998 -0.00230032 0.000743994 0.00230068 0.999997 0.016455 -0.765054 -0.0841095
FixedParameters: 0 0 0

#Transform 83
Transform: AffineTransform_float_3_3
Parameters: 1 -0.000137383 -0.000673719 0.000136619 0.999998 -0.00205209 0.000673281 0.00205191 0.999997 0.0146646 -0.742487 -0.0397744
FixedParameters: 0 0 0

#Transform 84
Transform: AffineTransform_float_3_3
Parameters: 1 -0.000415325 -0.000945419 0.000413677 0.999999 -0.00140039 0.00094558 0.00140061 0.999998 0.0224867 -0.72989 -0.0125313
FixedParameters: 0 0 0

#Transform 85
Transform: AffineTransform_float_3_3
Parameters: 0.999999 -0.000280677 -0.00080407 0.000278323 0.999995 -0.00332723 0.00080493 0.00332678 0.999994 0.00960746 -0.734528 -0.183004
FixedParameters: 0 0 0

#Transform 86
Transform: AffineTransform_float_3_3
Parameters: 0.999999 0.00111537 -0.000962738 -0.00112163 0.999976 -0.00691693 0.000954263 0.00691807 0.999975 -0.0419883 -0.730504 -0.279249
FixedParameters: 0 0 0

#Transform 87
Transform: AffineTransform_float_3_3
Parameters: 1 0.000898669 -0.000721429 -0.00090233 0.999982 -0.00602635 0.000715574 0.00602765 0.999981 -0.0331586 -0.718068 -0.189351
FixedParameters: 0 0 0

#Transform 88
Transform: AffineTransform_float_3_3
Parameters: 0.999999 0.000776681 -0.000278703 -0.00077732 0.999989 -0.00476378 0.0002753 0.00476322 0.999988 -0.0369618 -0.71808 -0.168535
FixedParameters: 0 0 0

#Transform 89
Transform: AffineTransform_float_3_3
Parameters: 1 0.00054858 -0.000393985 -0.00054942 0.999994 -0.00361279 0.000392018 0.00361322 0.999994 -0.0277907 -0.731975 -0.0852675
FixedParameters: 0 0 0

#Transform 90
Transform: AffineTransform_float_3_3
Parameters: 0.999999 5.84304e-05 -0.000751204 -6.05688e-05 0.999994 -0.00342096 0.000750797 0.00342104 0.999994 -0.0280527 -0.765972 -0.0977642
FixedParameters: 0 0 0

#Transform 91
Transform: AffineTransform_float_3_3
Parameters: 0.999999 0.000137931 -0.000751382 -0.000140068 0.999996 -0.0027539 0.000750617 0.0027541 0.999996 -0.014091 -0.802895 -0.105605
FixedParameters: 0 0 0

#Transform 92
Transform: AffineTransform_float_3_3
Parameters: 0.999999 0.00028545 -0.000830229 -0.000288549 0.999991 -0.00427876 0.000828773 0.00427924 0.999991 -0.0187229 -0.831379 -0.116619
FixedParameters: 0 0 0

#Transform 93
Transform: AffineTransform_float_3_3
Parameters: 0.999999 -2.60566e-05 -0.00124892 2.19431e-05 0.999994 -0.00324803 0.00124908 0.00324797 0.999994 -0.000193739 -0.812573 -0.0758302
FixedParameters: 0 0 0

#Transform 94
Transform: AffineTransform_float_3_3
Parameters: 0.999999 -6.34999e-05 -0.000815809 6.15025e-05 0.999996 -0.00306405 0.000815192 0.00306395 0.999995 -0.00524338 -0.808368 -0.0670191
FixedParameters: 0 0 0

#Transform 95
Transform: AffineTransform_float_3_3
Parameters: 1 -0.000220639 -0.00100943 0.000218359 0.999996 -0.00261422 0.00101057 0.00261378 0.999996 -0.00323874 -0.813949 -0.0560896
FixedParameters: 0 0 0

#Transform 96
Transform: AffineTransform_float_3_3
Parameters: 0.999999 0.000162821 -0.00156544 -0.000167179 0.999997 -0.00267074 0.00156456 0.00267026 0.999995 0.0374117 -0.837516 -0.048227
FixedParameters: 0 0 0

#Transform 97
Transform: AffineTransform_float_3_3
Parameters: 1 0.000542432 -0.000950896 -0.000544567 0.999998 -0.00164848 0.000950104 0.00164952 0.999998 -0.00509428 -0.843038 -0.00338046
FixedParameters: 0 0 0

#Transform 98
Transform: AffineTransform_float_3_3
Parameters: 1 2.7035e-05 -0.000642041 -2.79649e-05 0.999999 -0.00150298 0.000641958 0.00150302 0.999998 -0.0130759 -0.883494 -0.0426105
FixedParameters: 0 0 0

#Transform 99
Transform: AffineTransform_float_3_3
Parameters: 1 -5.31724e-05 -0.000699912 5.18274e-05 0.999998 -0.00167504 0.000700088 0.00167496 0.999999 -0.0048609 -0.900204 -0.0542654
FixedParameters: 0 0 0

#Transform 100
Transform: AffineTransform_float_3_3
Parameters: 1 8.21508e-05 -0.000678226 -8.38486e-05 0.999997 -0.00272694 0.000677774 0.00272706 0.999996 -0.00304004 -0.933873 -0.0570855
FixedParameters: 0 0 0

#Transform 101
Transform: AffineTransform_float_3_3
Parameters: 0.999999 -2.36224e-05 -0.00102296 2.23775e-05 0.999998 -0.00158602 0.00102304 0.00158598 0.999998 0.00760789 -0.873405 -0.00520961
FixedParameters: 0 0 0

#Transform 102
Transform: AffineTransform_float_3_3
Parameters: 1 -0.000179557 -0.000938895 0.000179443 1 -0.000593169 0.000939107 0.000592832 1 0.0206492 -0.877841 0.0064777
FixedParameters: 0 0 0

#Transform 103
Transform: AffineTransform_float_3_3
Parameters: 1 -8.86698e-05 -0.000979851 8.73299e-05 0.999998 -0.00170409 0.000980151 0.00170391 0.999998 0.0145121 -0.966723 -0.0332054
FixedParameters: 0 0 0

#Transform 104
Transform: AffineTransform_float_3_3
Parameters: 1 -8.68758e-05 -0.00104401 8.71242e-05 1 0.000118909 0.00104399 -0.000119091 1 0.0123022 -0.96534 0.0110855
FixedParameters: 0 0 0

#Transform 105
Transform: AffineTransform_float_3_3
Parameters: 1 -0.000302537 -0.000972834 0.000302463 1 -0.000552295 0.000973168 0.000551706 1 0.00718787 -0.979828 -0.0738819
FixedParameters: 0 0 0

#Transform 106
Transform: AffineTransform_float_3_3
Parameters: 1 -0.000501601 -0.00110473 0.0005004 0.999999 -0.000543553 0.00110427 0.000543446 0.999999 0.00550556 -0.970732 -0.146129
FixedParameters: 0 0 0

#Transform 107
Transform: AffineTransform_float_3_3
Parameters: 0.999999 -0.00122681 -8.00329e-05 0.00122619 0.999996 0.0024719 7.69703e-05 -0.0024711 0.999997 -0.0259564 -1.01202 -0.217926
FixedParameters: 0 0 0

#Transform 108
Transform: AffineTransform_float_3_3
Parameters: 0.999999 -0.000300941 -0.000806395 0.000302059 0.999999 0.00131276 0.000806604 -0.00131324 0.999999 -0.0215732 -1.11771 -0.36608
FixedParameters: 0 0 0

#Transform 109
Transform: AffineTransform_float_3_3
Parameters: 1 -0.000325624 -0.000497902 0.000326376 0.999996 0.00276484 0.000497099 -0.00276516 0.999996 -0.0192416 -1.12343 -0.316146
FixedParameters: 0 0 0

#Transform 110
Transform: AffineTransform_float_3_3
Parameters: 1 -0.000165682 -0.000495443 0.00016632 0.999997 0.00266192 0.000495559 -0.00266208 0.999997 -0.0198521 -1.13977 -0.316995
FixedParameters: 0 0 0

#Transform 111
Transform: AffineTransform_float_3_3
Parameters: 1 8.80587e-05 -0.00066086 -8.69409e-05 0.999998 0.00160206 0.00066114 -0.00160194 0.999999 -0.0136799 -1.17924 -0.314294
FixedParameters: 0 0 0

#Transform 112
Transform: AffineTransform_float_3_3
Parameters: 0.999999 8.81413e-05 -0.000847882 -8.68585e-05 0.999999 0.00134607 0.000848117 -0.00134593 0.999998 0.0157582 -1.15916 -0.267607
FixedParameters: 0 0 0

#Transform 113
Transform: AffineTransform_float_3_3
Parameters: 1 0.000170661 -0.00112175 -0.000168338 0.999999 0.00148119 0.00112225 -0.00148081 0.999999 0.0148632 -1.15795 -0.215408
FixedParameters: 0 0 0

#Transform 114
Transform: AffineTransform_float_3_3
Parameters: 0.999999 8.85219e-05 -0.000776828 -8.64776e-05 0.999998 0.00195907 0.00077717 -0.00195893 0.999998 -0.0132055 -1.21616 -0.17345
FixedParameters: 0 0 0

#Transform 115
Transform: AffineTransform_float_3_3
Parameters: 1 8.63086e-05 0.000364165 -8.66914e-05 0.999998 0.00189997 -0.000363836 -0.00189903 0.999998 -0.027706 -1.18862 -0.163453
FixedParameters: 0 0 0

#Transform 116
Transform: AffineTransform_float_3_3
Parameters: 1 -6.75464e-05 -0.000334092 6.74549e-05 0.999999 0.00135798 0.000334909 -0.00135802 0.999999 -0.0242509 -1.24285 -0.271054
FixedParameters: 0 0 0

#Transform 117
Transform: AffineTransform_float_3_3
Parameters: 1 -0.000461342 -0.000515589 0.000461658 0.999999 0.00127576 0.000515411 -0.00127624 0.999999 -0.000714552 -1.14025 -0.149721
FixedParameters: 0 0 0

#Transform 118
Transform: AffineTransform_float_3_3
Parameters: 0.999999 -0.000364624 -0.000622807 0.000365376 0.999998 0.00220977 0.000622194 -0.00221023 0.999998 0.0154592 -1.14145 -0.11102
FixedParameters: 0 0 0

#Transform 119
Transform: AffineTransform_float_3_3
Parameters: 0.999999 -0.00044415 -0.000678215 0.000445852 0.999996 0.0027297 0.000677785 -0.0027303 0.999996 0.00727173 -1.20891 -0.140634
FixedParameters: 0 0 0

#Transform 120
Transform: AffineTransform_float_3_3
Parameters: 0.999999 -0.000526375 -0.00171816 0.000516627 0.999985 -0.00545189 0.00172084 0.0054511 0.999983 -0.014664 -0.981557 0.15568
FixedParameters: 0 0 0

#Transform 121
Transform: AffineTransform_float_3_3
Parameters: 0.999999 -0.000132594 -0.00149569 0.000128405 0.999997 -0.00240319 0.00149631 0.0024028 0.999996 -0.0140055 -1.02303 0.158076
FixedParameters: 0 0 0

#Transform 122
Transform: AffineTransform_float_3_3
Parameters: 0.999998 7.1556e-05 -0.00161211 -7.34436e-05 0.999999 -0.00151588 0.00161189 0.00151612 0.999997 -0.0134156 -1.02717 0.244815
FixedParameters: 0 0 0

#Transform 123
Transform: AffineTransform_float_3_3
Parameters: 0.999999 -1.47074e-05 -0.000836005 1.42926e-05 1 0.000349988 0.000835994 -0.000350012 0.999999 -0.00912316 -1.04459 0.287444
FixedParameters: 0 0 0

#Transform 124
Transform: AffineTransform_float_3_3
Parameters: 1 -0.00022933 -0.000308079 0.000235668 0.999761 0.0218279 0.000302928 -0.0218281 0.999761 -0.0236689 -1.12548 0.786317
FixedParameters: 0 0 0

#Transform 125
Transform: AffineTransform_float_3_3
Parameters: 1 -0.000231962 -0.000534845 0.000245042 0.999699 0.0245079 0.000529153 -0.0245071 0.999699 -0.00963046 -1.11867 0.838491
FixedParameters: 0 0 0

#Transform 126
Transform: AffineTransform_float_3_3
Parameters: 1 -0.000237508 -0.00029323 0.000245511 0.999666 0.0258179 0.000287757 -0.0258181 0.999666 -0.00632645 -1.13519 0.893351
FixedParameters: 0 0 0

#Transform 127
Transform: AffineTransform_float_3_3
Parameters: 1 0.000395696 -0.000162264 -0.000391288 0.999754 0.0221791 0.000171721 -0.0221789 0.999754 -0.0253222 -1.21765 0.764432
FixedParameters: 0 0 0

#Transform 128
Transform: AffineTransform_float_3_3
Parameters: 1 0.000310486 7.36997e-05 -0.000312521 0.999769 0.021523 -6.72892e-05 -0.021523 0.999769 -0.0304278 -1.21376 0.730256
FixedParameters: 0 0 0

#Transform 129
Transform: AffineTransform_float_3_3
Parameters: 1 2.19052e-05 -0.000132552 -1.9085e-05 0.99976 0.021878 0.000133449 -0.021878 0.99976 -0.0155818 -1.23785 0.707678
FixedParameters: 0 0 0

#Transform 130
Transform: AffineTransform_float_3_3
Parameters: 1 -0.000287081 4.79215e-05 0.000285917 0.999775 0.021211 -5.40768e-05 -0.021211 0.999775 -0.0198855 -1.21093 0.768057
FixedParameters: 0 0 0

#Transform 131
Transform: AffineTransform_float_3_3
Parameters: 1 1.84068e-05 2.544e-05 -1.8583e-05 0.999724 0.023519 -2.45698e-05 -0.023519 0.999724 -0.0142972 -1.21175 0.832028
FixedParameters: 0 0 0

#Transform 132
Transform: AffineTransform_float_3_3
Parameters: 1 0.000124697 0.000461205 -0.000135298 0.999697 0.0245899 -0.000457811 -0.02459 0.999697 -0.00994458 -1.26025 0.83845
FixedParameters: 0 0 0

#Transform 133
Transform: AffineTransform_float_3_3
Parameters: 1 7.3861e-06 0.000477321 -1.86062e-05 0.999704 0.024336 -0.000476688 -0.024336 0.999703 0.0195579 -1.31589 0.738072
FixedParameters: 0 0 0

#Transform 134
Transform: AffineTransform_float_3_3
Parameters: 1 1.24818e-05 0.000275373 -1.85331e-05 0.999719 0.023683 -0.000275639 -0.023683 0.99972 0.00943796 -1.32125 0.73105
FixedParameters: 0 0 0

#Transform 135
Transform: AffineTransform_float_3_3
Parameters: 1 0.000578744 0.00028782 -0.000583259 0.999826 0.0186088 -0.000277194 -0.0186092 0.999827 0.00861712 -1.38833 0.558486
FixedParameters: 0 0 0

#Transform 136
Transform: AffineTransform_float_3_3
Parameters: 0.999999 0.000552688 0.000519307 -0.000564304 0.999757 0.0220397 -0.000506686 -0.0220403 0.999757 0.0161918 -1.30039 0.793868
FixedParameters: 0 0 0

#Transform 137
Transform: AffineTransform_float_3_3
Parameters: 0.999999 0.000950239 0.000119893 -0.000951762 0.999877 0.0156569 -0.000105111 -0.0156571 0.999878 -0.000152172 -1.43022 0.52568
FixedParameters: 0 0 0

#Transform 138
Transform: AffineTransform_float_3_3
Parameters: 1 0.000183435 -0.000132697 -0.000181577 0.999835 0.018124 0.000135313 -0.018124 0.999835 0.0153471 -1.38421 0.594873
FixedParameters: 0 0 0

#Transform 139
Transform: AffineTransform_float_3_3
Parameters: 1 0.00061343 -0.000124582 -0.000610581 0.999826 0.0186481 0.00013541 -0.0186479 0.999826 0.00422648 -1.36776 0.637135
FixedParameters: 0 0 0

#Transform 140
Transform: AffineTransform_float_3_3
Parameters: 0.999999 0.000603314 0.000395966 -0.000610686 0.999805 0.0197058 -0.00038404 -0.0197062 0.999805 0.00549557 -1.35001 0.704684
FixedParameters: 0 0 0

#Transform 141
Transform: AffineTransform_float_3_3
Parameters: 1 0.000613676 -0.000123365 -0.000610332 0.999787 0.0206321 0.000135621 -0.0206319 0.999787 0.00716534 -1.34428 0.758311
FixedParameters: 0 0 0

#Transform 142
Transform: AffineTransform_float_3_3
Parameters: 1 0.000658806 7.19368e-05 -0.000660195 0.999836 0.018101 -6.00596e-05 -0.018101 0.999836 0.00638462 -1.44507 0.630971
FixedParameters: 0 0 0

#Transform 143
Transform: AffineTransform_float_3_3
Parameters: 1 0.000604118 0.000268274 -0.000608876 0.999827 0.0185848 -0.000256728 -0.0185852 0.999827 0.0143662 -1.4688 0.628688
FixedParameters: 0 0 0

#Transform 144
Transform: AffineTransform_float_3_3
Parameters: 1 0.000805002 0.00057233 -0.00081501 0.999843 0.0176886 -0.000558671 -0.0176895 0.999844 0.0070833 -1.52655 0.527547
FixedParameters: 0 0 0

#Transform 145
Transform: AffineTransform_float_3_3
Parameters: 0.999999 0.000680711 -0.000299334 -0.000675295 0.999825 0.0186832 0.000311671 -0.0186828 0.999826 7.65898e-05 -1.42571 0.640666
FixedParameters: 0 0 0

#Transform 146
Transform: AffineTransform_float_3_3
Parameters: 1 0.000386568 -0.00023257 -0.000382442 0.999813 0.0193331 0.000239438 -0.0193329 0.999813 -0.000266285 -1.42877 0.662271
FixedParameters: 0 0 0

#Transform 147
Transform: AffineTransform_float_3_3
Parameters: 0.999999 0.000199906 0.000924337 -0.000219086 0.999785 0.0207028 -0.000919661 -0.0207032 0.999785 -0.0185181 -1.47168 0.617546
FixedParameters: 0 0 0

#Transform 148
Transform: AffineTransform_float_3_3
Parameters: 1 0.000359116 0.00107988 -0.000381886 0.999774 0.0212656 -0.00107212 -0.0212664 0.999774 -0.0195626 -1.52283 0.566422
FixedParameters: 0 0 0

#Transform 149
Transform: AffineTransform_float_3_3
Parameters: 0.999998 0.000249735 0.00162927 -0.000282258 0.999804 0.0198326 -0.00162372 -0.0198334 0.999802 -0.0188402 -1.54619 0.586583
FixedParameters: 0 0 0

#Transform 150
Transform: AffineTransform_float_3_3
Parameters: 1 0.000248389 0.00119891 -0.000270614 0.999822 0.0188977 -0.0011941 -0.0188973 0.99982 -0.0177103 -1.51947 0.611741
FixedParameters: 0 0 0

#Transform 151
Transform: AffineTransform_float_3_3
Parameters: 0.999999 0.000358134 0.00120137 -0.00038188 0.999802 0.0199256 -0.00119463 -0.0199254 0.9998 -0.00565535 -1.52843 0.69911
FixedParameters: 0 0 0

#Transform 152
Transform: AffineTransform_float_3_3
Parameters: 0.999999 0.000552382 0.00120415 -0.000573616 0.999838 0.0180273 -0.00119385 -0.0180277 0.999837 -0.0163219 -1.55797 0.666982
FixedParameters: 0 0 0

#Transform 153
Transform: AffineTransform_float_3_3
Parameters: 1 0.000557175 0.000914202 -0.000571822 0.999867 0.0162965 -0.000904801 -0.0162975 0.999867 -0.0226186 -1.63328 0.499735
FixedParameters: 0 0 0

#Transform 154
Transform: AffineTransform_float_3_3
Parameters: 0.999999 0.000520445 0.001337 -0.000542554 0.999856 0.0169243 -0.00132801 -0.0169257 0.999856 -0.0161194 -1.65309 0.486013
FixedParameters: 0 0 0

#Transform 155
Transform: AffineTransform_float_3_3
Parameters: 0.999999 0.000286547 0.000876896 -0.000303455 0.9998 0.0199677 -0.000871114 -0.0199683 0.9998 -0.0033362 -1.57819 0.599042
FixedParameters: 0 0 0
