# transform file /out/sourcedata/freesurfer/sub-v1s3x0050821_ses-1/mri/transforms/cc_up.lta
# created by oesteban on Tue Mar 10 03:22:26 2026

type      = 0 # LINEAR_VOX_TO_VOX
nxforms   = 1
mean      = 130.0000 128.0000 123.0000
sigma     = 10000.0000
1 4 4
9.992130398750305e-01 -1.918093860149384e-02 3.472102805972099e-02 -2.790267229080200e+00 
1.916936971247196e-02 9.998160600662231e-01 6.661044317297637e-04 1.447042942047119e+01 
-3.472741693258286e-02 0.000000000000000e+00 9.993968605995178e-01 2.155258750915527e+01 
0.000000000000000e+00 0.000000000000000e+00 0.000000000000000e+00 1.000000000000000e+00 
src volume info
valid = 1  # volume info valid
filename = /out/sourcedata/freesurfer/sub-v1s3x0050821_ses-1/mri/norm.mgz
volume = 256 256 256
voxelsize = 1.000000000000000e+00 1.000000000000000e+00 1.000000000000000e+00
xras   = -1.000000000000000e+00 0.000000000000000e+00 0.000000000000000e+00
yras   = 0.000000000000000e+00 0.000000000000000e+00 -1.000000000000000e+00
zras   = 0.000000000000000e+00 1.000000000000000e+00 0.000000000000000e+00
cras   = 1.905090332031250e+00 -6.400375366210938e-01 2.489891052246094e+00
dst volume info
valid = 1  # volume info valid
filename = /out/sourcedata/freesurfer/sub-v1s3x0050821_ses-1/mri/norm.mgz
volume = 256 256 256
voxelsize = 1.000000000000000e+00 1.000000000000000e+00 1.000000000000000e+00
xras   = -1.000000000000000e+00 0.000000000000000e+00 0.000000000000000e+00
yras   = 0.000000000000000e+00 0.000000000000000e+00 -1.000000000000000e+00
zras   = 0.000000000000000e+00 1.000000000000000e+00 0.000000000000000e+00
cras   = 1.905090332031250e+00 -6.400375366210938e-01 2.489891052246094e+00
