#Insight Transform File V1.0
#Transform 0
Transform: AffineTransform_float_3_3
Parameters: 1 0.000542403 -0.000950638 -0.000547599 0.999988 -0.00484248 0.00094836 0.00484252 0.999988 0.044016 0.0825665 -0.198975
FixedParameters: 0 0 0

#Transform 1
Transform: AffineTransform_float_3_3
Parameters: 0.999999 0.00062789 -0.00064106 -0.000631109 0.999988 -0.0048616 0.000637939 0.0048624 0.999988 0.0340417 0.102409 -0.193114
FixedParameters: 0 0 0

#Transform 2
Transform: AffineTransform_float_3_3
Parameters: 1 -7.6536e-05 -0.00104068 7.24669e-05 0.99999 -0.00435808 0.00104033 0.00435792 0.99999 0.053206 0.0982452 -0.158345
FixedParameters: 0 0 0

#Transform 3
Transform: AffineTransform_float_3_3
Parameters: 1 0.000683325 -0.000989246 -0.000688673 0.999988 -0.00473232 0.000985752 0.00473368 0.999989 0.0522422 0.118767 -0.227442
FixedParameters: 0 0 0

#Transform 4
Transform: AffineTransform_float_3_3
Parameters: 1 0.000455271 -0.000423864 -0.000456729 0.999991 -0.0040878 0.000422136 0.00408819 0.999991 0.0619919 0.0884545 -0.235357
FixedParameters: 0 0 0

#Transform 5
Transform: AffineTransform_float_3_3
Parameters: 0.999999 0.000394538 -0.000857601 -0.000398464 0.999992 -0.00404066 0.000856397 0.00404034 0.999992 0.0397408 0.0586308 -0.253275
FixedParameters: 0 0 0

#Transform 6
Transform: AffineTransform_float_3_3
Parameters: 0.999999 0.000633446 -0.000455169 -0.000634556 0.999994 -0.00342071 0.000453832 0.00342129 0.999994 0.0280086 0.0637131 -0.249043
FixedParameters: 0 0 0

#Transform 7
Transform: AffineTransform_float_3_3
Parameters: 1 0.000963512 -0.000456157 -0.000964488 0.999994 -0.00327356 0.000452845 0.00327444 0.999995 0.00315711 0.0664717 -0.189979
FixedParameters: 0 0 0

#Transform 8
Transform: AffineTransform_float_3_3
Parameters: 0.999999 0.000599614 -0.000548518 -0.000601387 0.999996 -0.00252967 0.00054748 0.00253033 0.999996 0.0116982 0.0593296 -0.134121
FixedParameters: 0 0 0

#Transform 9
Transform: AffineTransform_float_3_3
Parameters: 0.999999 0.000598889 -0.000454467 -0.000600111 0.999997 -0.00244673 0.000453533 0.00244727 0.999997 0.0107558 0.0478556 -0.158639
FixedParameters: 0 0 0

#Transform 10
Transform: AffineTransform_float_3_3
Parameters: 1 0.000610417 -0.000230549 -0.000610584 0.999996 -0.00253686 0.000229452 0.00253714 0.999997 0.000651654 0.0444009 -0.151965
FixedParameters: 0 0 0

#Transform 11
Transform: AffineTransform_float_3_3
Parameters: 1 0.000463766 -0.000454263 -0.000465236 0.999996 -0.00271979 0.000453736 0.00272021 0.999996 0.00391418 0.0407792 -0.138277
FixedParameters: 0 0 0

#Transform 12
Transform: AffineTransform_float_3_3
Parameters: 1 0.000415736 -0.00045416 -0.000416264 0.999996 -0.00278681 0.000452842 0.00278719 0.999996 -0.00943328 0.0406925 -0.121811
FixedParameters: 0 0 0

#Transform 13
Transform: AffineTransform_float_3_3
Parameters: 1 7.10852e-05 3.88443e-05 -7.09144e-05 0.999997 -0.002191 -3.91555e-05 0.002191 0.999997 0.00423558 0.0371117 -0.104677
FixedParameters: 0 0 0

#Transform 14
Transform: AffineTransform_float_3_3
Parameters: 1 0.000281199 -0.000453498 -0.000281802 0.999999 -0.00176687 0.000453503 0.00176713 0.999999 0.00738671 0.0417908 -0.0617475
FixedParameters: 0 0 0

#Transform 15
Transform: AffineTransform_float_3_3
Parameters: 1 0.000327096 -0.000453653 -0.000328904 0.999998 -0.00199285 0.000453345 0.00199315 0.999998 0.0164748 0.020526 -0.0747876
FixedParameters: 0 0 0

#Transform 16
Transform: AffineTransform_float_3_3
Parameters: 1 0.000362742 -0.000141663 -0.000362259 0.999999 -0.00182795 0.000141338 0.00182805 0.999999 -0.00762393 0.0125276 -0.0851005
FixedParameters: 0 0 0

#Transform 17
Transform: AffineTransform_float_3_3
Parameters: 1 0.000290768 -0.000170397 -0.000291233 0.999999 -0.00136395 0.000170603 0.00136405 0.999999 -0.00858415 0.0157209 -0.0656019
FixedParameters: 0 0 0

#Transform 18
Transform: AffineTransform_float_3_3
Parameters: 1 0.000467043 5.96604e-05 -0.000466956 0.999999 -0.000727027 -6.03395e-05 0.000726971 0.999999 -0.00749007 0.0174574 -0.0225367
FixedParameters: 0 0 0

#Transform 19
Transform: AffineTransform_float_3_3
Parameters: 1 0.000515227 0.000328643 -0.000514772 0.999999 -0.000692169 -0.000329356 0.00069183 0.999999 -0.0180355 0.020789 -0.00833561
FixedParameters: 0 0 0

#Transform 20
Transform: AffineTransform_float_3_3
Parameters: 1 0.000175047 6.78789e-05 -0.000174953 0.999999 -0.000692012 -6.81211e-05 0.000691988 1 -0.0168194 0.0013811 -0.0155045
FixedParameters: 0 0 0

#Transform 21
Transform: AffineTransform_float_3_3
Parameters: 1 0.000391928 -0.000149189 -0.000392072 1 -0.000482941 0.000148811 0.000483058 1 -0.0108152 -0.00923618 -0.00575302
FixedParameters: 0 0 0

#Transform 22
Transform: AffineTransform_float_3_3
Parameters: 1 0.00020497 -0.000116053 -0.00020503 1 -0.000256976 0.000115947 0.000257024 1 -0.0140784 -0.00321363 0.00850662
FixedParameters: 0 0 0

#Transform 23
Transform: AffineTransform_float_3_3
Parameters: 1 0.00052401 0.000234977 -0.000523989 1 -4.41231e-05 -0.000235023 4.38768e-05 1 -0.0190203 -4.40572e-06 -0.00749991
FixedParameters: 0 0 0

#Transform 24
Transform: AffineTransform_float_3_3
Parameters: 1 0.000107066 -0.00017596 -0.000106934 1 0.000374019 0.00017604 -0.000373981 1 -0.0120875 0.00775856 0.0164339
FixedParameters: 0 0 0

#Transform 25
Transform: AffineTransform_float_3_3
Parameters: 1 0.000524227 -0.000385691 -0.000523772 0.999999 0.000589202 0.000386308 -0.000588797 1 -0.0193209 -0.00213181 0.0457864
FixedParameters: 0 0 0

#Transform 26
Transform: AffineTransform_float_3_3
Parameters: 1 0.00052419 -0.000375735 -0.000523809 0.999999 0.000506197 0.000376265 -0.000505803 1 -0.0297097 -0.0203434 0.0292116
FixedParameters: 0 0 0

#Transform 27
Transform: AffineTransform_float_3_3
Parameters: 1 0.000840257 -0.000452525 -0.000840745 1 0.000565381 0.000453476 -0.000565619 0.999999 -0.0454348 -0.0325403 0.0230013
FixedParameters: 0 0 0

#Transform 28
Transform: AffineTransform_float_3_3
Parameters: 0.999999 0.00133343 -0.000451736 -0.00133357 0.999998 0.000948603 0.000453266 -0.000948397 1 -0.0458996 -0.0170414 0.00820806
FixedParameters: 0 0 0

#Transform 29
Transform: AffineTransform_float_3_3
Parameters: 0.999999 0.000516316 -0.000624738 -0.000515683 0.999999 0.000506322 0.000625261 -0.000505677 0.999999 -0.0165479 -0.0113169 0.0408693
FixedParameters: 0 0 0

#Transform 30
Transform: AffineTransform_float_3_3
Parameters: 1 0.00105882 -0.000451081 -0.00105818 0.999998 0.00181348 0.000452919 -0.00181252 0.999999 -0.0208714 -0.0429684 0.0279959
FixedParameters: 0 0 0

#Transform 31
Transform: AffineTransform_float_3_3
Parameters: 1 0.000927566 -0.000740042 -0.000925435 0.999998 0.00211369 0.000741957 -0.00211232 0.999998 -0.0291652 -0.0415656 -0.0235229
FixedParameters: 0 0 0

#Transform 32
Transform: AffineTransform_float_3_3
Parameters: 0.999999 0.00114309 -0.000851203 -0.00114091 0.999997 0.00244897 0.000853796 -0.00244803 0.999996 -0.0378915 -0.0531475 -0.0162936
FixedParameters: 0 0 0

#Transform 33
Transform: AffineTransform_float_3_3
Parameters: 0.999999 0.00130017 -0.000860732 -0.00129783 0.999996 0.00251612 0.000864268 -0.00251488 0.999997 -0.0411875 -0.0510522 0.0351634
FixedParameters: 0 0 0

#Transform 34
Transform: AffineTransform_float_3_3
Parameters: 0.999999 0.00116426 -0.000881024 -0.00116174 0.999996 0.00255903 0.000883975 -0.00255797 0.999997 -0.0319775 -0.0583085 0.0111387
FixedParameters: 0 0 0

#Transform 35
Transform: AffineTransform_float_3_3
Parameters: 0.999999 0.00110596 -0.00149608 -0.00110204 0.999996 0.00264365 0.00149892 -0.00264135 0.999996 -0.0467023 -0.0452746 0.025251
FixedParameters: 0 0 0

#Transform 36
Transform: AffineTransform_float_3_3
Parameters: 0.999999 0.00139094 -0.000435013 -0.00139006 0.999996 0.00214861 0.000438986 -0.00214739 0.999997 -0.0474034 -0.061294 0.0102024
FixedParameters: 0 0 0

#Transform 37
Transform: AffineTransform_float_3_3
Parameters: 0.999998 0.00146945 -0.000605486 -0.00146755 0.999996 0.00239289 0.000608513 -0.00239211 0.999997 -0.0640869 -0.0409951 0.00257989
FixedParameters: 0 0 0

#Transform 38
Transform: AffineTransform_float_3_3
Parameters: 0.999999 0.00134302 -0.000434877 -0.00134198 0.999997 0.00232659 0.000438124 -0.00232642 0.999997 -0.0675729 -0.0630484 0.0193524
FixedParameters: 0 0 0

#Transform 39
Transform: AffineTransform_float_3_3
Parameters: 0.999998 0.00152534 -0.000480761 -0.00152466 0.999995 0.00278074 0.000484241 -0.00278026 0.999996 -0.0712304 -0.0679133 0.0105862
FixedParameters: 0 0 0

#Transform 40
Transform: AffineTransform_float_3_3
Parameters: 0.999999 0.00133848 -0.000562502 -0.00133752 0.999995 0.00261576 0.000566501 -0.00261524 0.999997 -0.0618869 -0.0658977 0.0270935
FixedParameters: 0 0 0

#Transform 41
Transform: AffineTransform_float_3_3
Parameters: 0.999999 0.00140524 -0.000481395 -0.00140376 0.999995 0.00256668 0.000484603 -0.00256532 0.999996 -0.0648313 -0.0823979 0.00600664
FixedParameters: 0 0 0

#Transform 42
Transform: AffineTransform_float_3_3
Parameters: 0.999999 0.0013067 -0.000684765 -0.0013053 0.999996 0.0024779 0.000688236 -0.0024771 0.999996 -0.0577019 -0.0750187 0.0499792
FixedParameters: 0 0 0

#Transform 43
Transform: AffineTransform_float_3_3
Parameters: 0.999999 0.00146466 -0.000590889 -0.00146233 0.999995 0.00280887 0.000595109 -0.00280813 0.999996 -0.0638521 -0.0724644 0.0411656
FixedParameters: 0 0 0

#Transform 44
Transform: AffineTransform_float_3_3
Parameters: 0.999998 0.0014856 -0.000550696 -0.0014844 0.999994 0.00289882 0.000554305 -0.00289818 0.999995 -0.0648516 -0.0730876 0.0457954
FixedParameters: 0 0 0

#Transform 45
Transform: AffineTransform_float_3_3
Parameters: 0.999999 0.00168886 -0.000587672 -0.00168714 0.999993 0.00315699 0.000593329 -0.003156 0.999995 -0.0666886 -0.0690438 0.0648133
FixedParameters: 0 0 0

#Transform 46
Transform: AffineTransform_float_3_3
Parameters: 0.999998 0.0016811 -0.000385208 -0.00167989 0.999994 0.00285165 0.00038979 -0.00285035 0.999996 -0.0795615 -0.090218 0.0659627
FixedParameters: 0 0 0

#Transform 47
Transform: AffineTransform_float_3_3
Parameters: 0.999998 0.00149788 -0.000612411 -0.00149612 0.999994 0.00306592 0.000616589 -0.00306508 0.999995 -0.0693283 -0.0864904 0.0753293
FixedParameters: 0 0 0

#Transform 48
Transform: AffineTransform_float_3_3
Parameters: 0.999998 0.00181484 -0.000631744 -0.00181316 0.999994 0.00289815 0.000637256 -0.00289685 0.999995 -0.081528 -0.0928094 0.0673648
FixedParameters: 0 0 0

#Transform 49
Transform: AffineTransform_float_3_3
Parameters: 0.999998 0.00144444 -0.000794584 -0.00144156 0.999995 0.00306015 0.000799414 -0.00305885 0.999995 -0.0778059 -0.114098 0.065657
FixedParameters: 0 0 0

#Transform 50
Transform: AffineTransform_float_3_3
Parameters: 0.999998 0.00137326 -0.000818215 -0.00137074 0.999996 0.00275913 0.000822784 -0.00275787 0.999996 -0.0835276 -0.117419 0.0648663
FixedParameters: 0 0 0

#Transform 51
Transform: AffineTransform_float_3_3
Parameters: 0.999998 0.00136408 -0.000809509 -0.00136292 0.999996 0.00256211 0.000812494 -0.0025609 0.999997 -0.0735522 -0.117206 0.0704201
FixedParameters: 0 0 0

#Transform 52
Transform: AffineTransform_float_3_3
Parameters: 0.999998 0.00149111 -0.000795053 -0.00148989 0.999996 0.00264919 0.00079895 -0.00264881 0.999996 -0.0861547 -0.108111 0.0806859
FixedParameters: 0 0 0

#Transform 53
Transform: AffineTransform_float_3_3
Parameters: 0.999999 0.00170423 -0.000752973 -0.00170277 0.999994 0.00295229 0.000758031 -0.00295171 0.999996 -0.090995 -0.111187 0.0998782
FixedParameters: 0 0 0

#Transform 54
Transform: AffineTransform_float_3_3
Parameters: 0.999998 0.00183208 -0.000683442 -0.00182992 0.999993 0.00303626 0.000688558 -0.00303474 0.999995 -0.0945467 -0.160269 0.00546001
FixedParameters: 0 0 0

#Transform 55
Transform: AffineTransform_float_3_3
Parameters: 0.999998 0.00159084 -0.000675349 -0.00158816 0.99999 0.00418508 0.000681651 -0.00418392 0.999991 -0.0821668 -0.190847 0.0715458
FixedParameters: 0 0 0

#Transform 56
Transform: AffineTransform_float_3_3
Parameters: 0.999999 0.00174018 -0.000507592 -0.00173782 0.99999 0.00425989 0.000515407 -0.00425911 0.999991 -0.0843542 -0.148745 0.149305
FixedParameters: 0 0 0

#Transform 57
Transform: AffineTransform_float_3_3
Parameters: 0.999999 0.00149003 -4.5048e-06 -0.00148997 0.999992 0.00368801 1.04951e-05 -0.00368799 0.999993 -0.0942018 -0.122437 0.18427
FixedParameters: 0 0 0

#Transform 58
Transform: AffineTransform_float_3_3
Parameters: 0.999998 0.00177931 -0.00089445 -0.00177569 0.999991 0.00368559 0.000900548 -0.0036834 0.999993 -0.0912982 -0.141969 0.155291
FixedParameters: 0 0 0

#Transform 59
Transform: AffineTransform_float_3_3
Parameters: 0.999997 0.00231842 -0.000951704 -0.00231558 0.999991 0.00358222 0.000960298 -0.00357978 0.999993 -0.0976305 -0.159728 0.139635
FixedParameters: 0 0 0

#Transform 60
Transform: AffineTransform_float_3_3
Parameters: 0.999997 0.00217234 -0.0010028 -0.00216966 0.999992 0.00331719 0.0010102 -0.00331482 0.999994 -0.0985058 -0.156657 0.139159
FixedParameters: 0 0 0

#Transform 61
Transform: AffineTransform_float_3_3
Parameters: 0.999997 0.00238616 -0.000793562 -0.00238284 0.99999 0.0039589 0.000803437 -0.0039571 0.999992 -0.10243 -0.152716 0.147786
FixedParameters: 0 0 0

#Transform 62
Transform: AffineTransform_float_3_3
Parameters: 0.999996 0.00267725 -0.000792102 -0.00267375 0.999988 0.00407414 0.000802897 -0.00407187 0.999992 -0.111392 -0.153667 0.212524
FixedParameters: 0 0 0

#Transform 63
Transform: AffineTransform_float_3_3
Parameters: 0.999996 0.00257396 -0.00106914 -0.00256904 0.999986 0.00461476 0.00108086 -0.00461224 0.999989 -0.10342 -0.153088 0.224448
FixedParameters: 0 0 0

#Transform 64
Transform: AffineTransform_float_3_3
Parameters: 0.999996 0.00239731 -0.000902637 -0.00239369 0.999986 0.00474518 0.000914366 -0.00474282 0.999989 -0.0784397 -0.173618 0.202871
FixedParameters: 0 0 0

#Transform 65
Transform: AffineTransform_float_3_3
Parameters: 0.999997 0.00247822 -0.000893389 -0.00247379 0.999986 0.00469022 0.000904609 -0.00468777 0.999988 -0.0935775 -0.191862 0.175202
FixedParameters: 0 0 0

#Transform 66
Transform: AffineTransform_float_3_3
Parameters: 0.999995 0.00285418 -0.000860235 -0.00284982 0.999985 0.00482747 0.000873762 -0.00482453 0.999988 -0.0963379 -0.218908 0.181057
FixedParameters: 0 0 0

#Transform 67
Transform: AffineTransform_float_3_3
Parameters: 0.999996 0.00275387 -0.00078962 -0.00275013 0.999985 0.00486319 0.00080338 -0.00486081 0.999988 -0.0997138 -0.186982 0.182965
FixedParameters: 0 0 0

#Transform 68
Transform: AffineTransform_float_3_3
Parameters: 0.999995 0.00310724 -0.000786451 -0.00310276 0.999981 0.00533046 0.000803548 -0.00532853 0.999985 -0.104982 -0.199044 0.209346
FixedParameters: 0 0 0

#Transform 69
Transform: AffineTransform_float_3_3
Parameters: 0.999995 0.00287284 -0.000785501 -0.00286815 0.999978 0.00609728 0.000803499 -0.00609472 0.999981 -0.103924 -0.213241 0.234505
FixedParameters: 0 0 0

#Transform 70
Transform: AffineTransform_float_3_3
Parameters: 0.999994 0.00317948 -0.000716395 -0.00317552 0.999976 0.00617131 0.000735606 -0.00616869 0.99998 -0.116013 -0.263318 0.210297
FixedParameters: 0 0 0

#Transform 71
Transform: AffineTransform_float_3_3
Parameters: 0.999995 0.0030832 -0.000782812 -0.0030778 0.999974 0.00655444 0.000803189 -0.00655256 0.999978 -0.127015 -0.233832 0.227938
FixedParameters: 0 0 0

#Transform 72
Transform: AffineTransform_float_3_3
Parameters: 0.999996 0.00278866 -0.000783103 -0.00278333 0.99997 0.00714321 0.000802899 -0.00714079 0.999974 -0.125004 -0.239659 0.247736
FixedParameters: 0 0 0

#Transform 73
Transform: AffineTransform_float_3_3
Parameters: 0.999996 0.00302201 -0.000532761 -0.003018 0.999969 0.00736464 0.00055424 -0.00736336 0.999972 -0.124777 -0.238919 0.251998
FixedParameters: 0 0 0

#Transform 74
Transform: AffineTransform_float_3_3
Parameters: 0.999996 0.00299015 -0.000681796 -0.00298585 0.999968 0.00743307 0.000704211 -0.00743093 0.999972 -0.123143 -0.254245 0.219943
FixedParameters: 0 0 0

#Transform 75
Transform: AffineTransform_float_3_3
Parameters: 0.999994 0.00338817 -0.000268975 -0.00338583 0.999964 0.00768396 0.000295024 -0.00768305 0.999971 -0.128958 -0.261154 0.238356
FixedParameters: 0 0 0

#Transform 76
Transform: AffineTransform_float_3_3
Parameters: 0.999994 0.00320755 -0.000669931 -0.00320244 0.999962 0.00813518 0.000696071 -0.00813281 0.999966 -0.141135 -0.258354 0.253755
FixedParameters: 0 0 0

#Transform 77
Transform: AffineTransform_float_3_3
Parameters: 0.999995 0.00328886 -0.000572804 -0.00328415 0.999961 0.00827593 0.000600197 -0.00827407 0.999965 -0.1387 -0.25072 0.285992
FixedParameters: 0 0 0

#Transform 78
Transform: AffineTransform_float_3_3
Parameters: 0.999994 0.00318546 -0.000645599 -0.00317954 0.99996 0.0082961 0.000671397 -0.0082939 0.999966 -0.129349 -0.261914 0.290888
FixedParameters: 0 0 0

#Transform 79
Transform: AffineTransform_float_3_3
Parameters: 0.999995 0.00326355 -0.000775958 -0.00325645 0.999961 0.00829558 0.00080304 -0.00829343 0.999966 -0.12694 -0.273094 0.280794
FixedParameters: 0 0 0

#Transform 80
Transform: AffineTransform_float_3_3
Parameters: 0.999994 0.00338782 -0.000678579 -0.00338219 0.999959 0.00839734 0.000706424 -0.00839565 0.999964 -0.135391 -0.280307 0.279547
FixedParameters: 0 0 0

#Transform 81
Transform: AffineTransform_float_3_3
Parameters: 0.999994 0.00339954 -0.000395715 -0.00339647 0.999957 0.00861939 0.000424288 -0.00861761 0.999963 -0.127151 -0.272495 0.295513
FixedParameters: 0 0 0

#Transform 82
Transform: AffineTransform_float_3_3
Parameters: 0.999994 0.00341832 -0.000451387 -0.00341368 0.999952 0.0092546 0.000482608 -0.00925241 0.999957 -0.131731 -0.27121 0.328099
FixedParameters: 0 0 0

#Transform 83
Transform: AffineTransform_float_3_3
Parameters: 0.999994 0.00344843 -0.000466353 -0.00344357 0.999952 0.00918366 0.000497644 -0.00918234 0.999957 -0.142575 -0.284955 0.294793
FixedParameters: 0 0 0

#Transform 84
Transform: AffineTransform_float_3_3
Parameters: 0.999994 0.00342133 -0.000621101 -0.00341567 0.999945 0.00991818 0.000654905 -0.00991582 0.99995 -0.138343 -0.281289 0.325517
FixedParameters: 0 0 0

#Transform 85
Transform: AffineTransform_float_3_3
Parameters: 0.999994 0.00345094 -0.00057546 -0.00344507 0.999944 0.010018 0.000609543 -0.010017 0.999949 -0.139854 -0.280511 0.337203
FixedParameters: 0 0 0

#Transform 86
Transform: AffineTransform_float_3_3
Parameters: 0.999995 0.00318197 -0.000534622 -0.00317603 0.999937 0.0108148 0.000569376 -0.0108123 0.999942 -0.138894 -0.29153 0.361494
FixedParameters: 0 0 0

#Transform 87
Transform: AffineTransform_float_3_3
Parameters: 0.999994 0.00336928 -0.000503882 -0.00336372 0.999943 0.0101347 0.000538116 -0.0101332 0.999948 -0.131826 -0.322184 0.315976
FixedParameters: 0 0 0

#Transform 88
Transform: AffineTransform_float_3_3
Parameters: 0.999993 0.00346675 -0.000747936 -0.00345925 0.999942 0.0101266 0.000783067 -0.0101243 0.999948 -0.135617 -0.314307 0.309007
FixedParameters: 0 0 0

#Transform 89
Transform: AffineTransform_float_3_3
Parameters: 0.999994 0.00351043 -0.0008583 -0.00350057 0.999936 0.0107551 0.000895695 -0.0107519 0.999942 -0.1386 -0.310081 0.360814
FixedParameters: 0 0 0

#Transform 90
Transform: AffineTransform_float_3_3
Parameters: 0.999994 0.00352179 -0.000989983 -0.00351021 0.999926 0.0116675 0.00103102 -0.0116634 0.999931 -0.146821 -0.325784 0.390619
FixedParameters: 0 0 0

#Transform 91
Transform: AffineTransform_float_3_3
Parameters: 0.999993 0.00344123 -0.000955432 -0.00342976 0.999928 0.0115184 0.000995568 -0.0115156 0.999933 -0.144472 -0.347238 0.357845
FixedParameters: 0 0 0

#Transform 92
Transform: AffineTransform_float_3_3
Parameters: 0.999993 0.00345282 -0.000832263 -0.00344318 0.999927 0.0115259 0.000871739 -0.0115231 0.999933 -0.138039 -0.358316 0.348523
FixedParameters: 0 0 0

#Transform 93
Transform: AffineTransform_float_3_3
Parameters: 0.999993 0.00358995 -0.00122314 -0.00357405 0.999911 0.0128045 0.00126886 -0.0128005 0.999918 -0.144767 -0.340686 0.422006
FixedParameters: 0 0 0

#Transform 94
Transform: AffineTransform_float_3_3
Parameters: 0.999991 0.00391469 -0.00154693 -0.00389031 0.99987 0.0156522 0.00160808 -0.0156458 0.999877 -0.157439 -0.341499 0.468616
FixedParameters: 0 0 0

#Transform 95
Transform: AffineTransform_float_3_3
Parameters: 0.99999 0.00387798 -0.00202021 -0.00384301 0.999847 0.0170429 0.00208578 -0.0170351 0.999852 -0.145879 -0.327664 0.529386
FixedParameters: 0 0 0

#Transform 96
Transform: AffineTransform_float_3_3
Parameters: 0.99999 0.00380703 -0.00208166 -0.00376998 0.99984 0.017514 0.00214734 -0.017506 0.999845 -0.142038 -0.333537 0.539544
FixedParameters: 0 0 0

#Transform 97
Transform: AffineTransform_float_3_3
Parameters: 0.999992 0.00353206 -0.00176414 -0.00350095 0.999844 0.0173083 0.00182486 -0.0173027 0.999848 -0.126295 -0.367064 0.5124
FixedParameters: 0 0 0

#Transform 98
Transform: AffineTransform_float_3_3
Parameters: 0.99999 0.00403374 -0.00183776 -0.00400125 0.999839 0.0174855 0.00190824 -0.0174775 0.999846 -0.130554 -0.383067 0.497874
FixedParameters: 0 0 0

#Transform 99
Transform: AffineTransform_float_3_3
Parameters: 0.99999 0.00379582 -0.00211861 -0.00375819 0.999839 0.0175791 0.00218439 -0.0175719 0.999843 -0.134283 -0.391999 0.48447
FixedParameters: 0 0 0

#Transform 100
Transform: AffineTransform_float_3_3
Parameters: 0.99999 0.0041694 -0.00149609 -0.0041416 0.99982 0.0185104 0.00157292 -0.0185036 0.999827 -0.136471 -0.387257 0.553639
FixedParameters: 0 0 0

#Transform 101
Transform: AffineTransform_float_3_3
Parameters: 0.999988 0.00437426 -0.0018879 -0.00433674 0.999804 0.0193094 0.00197209 -0.0193006 0.999812 -0.140096 -0.37699 0.564502
FixedParameters: 0 0 0

#Transform 102
Transform: AffineTransform_float_3_3
Parameters: 0.999989 0.00401738 -0.00238557 -0.00397163 0.999809 0.0191387 0.00246145 -0.0191293 0.999814 -0.138588 -0.387959 0.569329
FixedParameters: 0 0 0

#Transform 103
Transform: AffineTransform_float_3_3
Parameters: 0.99999 0.00408165 -0.00183049 -0.00404634 0.99981 0.0190756 0.00190852 -0.0190674 0.999817 -0.127561 -0.390966 0.591993
FixedParameters: 0 0 0

#Transform 104
Transform: AffineTransform_float_3_3
Parameters: 0.99999 0.00422636 -0.00182605 -0.00418964 0.999801 0.0194748 0.00190794 -0.0194671 0.999808 -0.132288 -0.417114 0.568676
FixedParameters: 0 0 0

#Transform 105
Transform: AffineTransform_float_3_3
Parameters: 0.999989 0.00434743 -0.00170257 -0.00431358 0.999796 0.0197306 0.00178744 -0.0197224 0.999804 -0.139134 -0.423138 0.527013
FixedParameters: 0 0 0

#Transform 106
Transform: AffineTransform_float_3_3
Parameters: 0.999988 0.00451461 -0.00181723 -0.0044774 0.999786 0.0201924 0.00190778 -0.0201846 0.999795 -0.146966 -0.408318 0.582966
FixedParameters: 0 0 0

#Transform 107
Transform: AffineTransform_float_3_3
Parameters: 0.99999 0.00423111 -0.00132114 -0.00420189 0.999764 0.0213118 0.00141086 -0.0213062 0.999772 -0.142863 -0.405713 0.648956
FixedParameters: 0 0 0

#Transform 108
Transform: AffineTransform_float_3_3
Parameters: 0.999989 0.0042535 -0.00171722 -0.0042175 0.999777 0.0207275 0.00180479 -0.0207205 0.999783 -0.137529 -0.415238 0.619926
FixedParameters: 0 0 0

#Transform 109
Transform: AffineTransform_float_3_3
Parameters: 0.999991 0.0036523 -0.00186169 -0.00361369 0.99979 0.0201799 0.0019353 -0.0201731 0.999794 -0.148028 -0.429433 0.597295
FixedParameters: 0 0 0

#Transform 110
Transform: AffineTransform_float_3_3
Parameters: 0.99999 0.00396352 -0.00169712 -0.00392646 0.999771 0.0210078 0.00178087 -0.0210011 0.999778 -0.154947 -0.428604 0.63728
FixedParameters: 0 0 0

#Transform 111
Transform: AffineTransform_float_3_3
Parameters: 0.999994 0.00285529 -0.00161864 -0.0028227 0.999792 0.0202087 0.00167638 -0.0202043 0.999795 -0.150948 -0.441761 0.729345
FixedParameters: 0 0 0

#Transform 112
Transform: AffineTransform_float_3_3
Parameters: 0.999995 0.00292003 -0.00135203 -0.00289197 0.99979 0.020291 0.00141097 -0.020287 0.999793 -0.129774 -0.453633 0.834507
FixedParameters: 0 0 0

#Transform 113
Transform: AffineTransform_float_3_3
Parameters: 0.999994 0.00299926 -0.00160062 -0.00296374 0.999763 0.0215919 0.00166537 -0.0215871 0.999765 -0.128758 -0.466364 0.848255
FixedParameters: 0 0 0

#Transform 114
Transform: AffineTransform_float_3_3
Parameters: 0.999993 0.00304505 -0.00180634 -0.00300693 0.999781 0.0207086 0.00186966 -0.0207024 0.999784 -0.114291 -0.48292 0.802197
FixedParameters: 0 0 0

#Transform 115
Transform: AffineTransform_float_3_3
Parameters: 0.999994 0.00325226 -0.00133737 -0.00322072 0.999736 0.0227485 0.00141162 -0.0227436 0.999741 -0.116507 -0.466408 0.937473
FixedParameters: 0 0 0

#Transform 116
Transform: AffineTransform_float_3_3
Parameters: 0.99999 0.00407986 -0.00137243 -0.00404513 0.999692 0.0245098 0.00147258 -0.0245042 0.999698 -0.133652 -0.455404 0.984572
FixedParameters: 0 0 0

#Transform 117
Transform: AffineTransform_float_3_3
Parameters: 0.999993 0.00347693 -0.000952958 -0.00345409 0.999728 0.0230954 0.00103204 -0.0230916 0.999733 -0.132983 -0.50555 1.11123
FixedParameters: 0 0 0

#Transform 118
Transform: AffineTransform_float_3_3
Parameters: 0.999992 0.00379947 -0.00121762 -0.00377053 0.99972 0.0233518 0.0013064 -0.0233472 0.999726 -0.141137 -0.491919 1.18518
FixedParameters: 0 0 0

#Transform 119
Transform: AffineTransform_float_3_3
Parameters: 0.99999 0.00406967 -0.00151174 -0.00403333 0.999716 0.0235133 0.00160727 -0.0235067 0.999723 -0.1325 -0.462712 1.18824
FixedParameters: 0 0 0

#Transform 120
Transform: AffineTransform_float_3_3
Parameters: 0.99999 0.00411458 -0.00142053 -0.00407943 0.999715 0.023545 0.00151646 -0.023539 0.999722 -0.13996 -0.478992 1.21039
FixedParameters: 0 0 0

#Transform 121
Transform: AffineTransform_float_3_3
Parameters: 0.999991 0.00384084 -0.00135677 -0.00380716 0.999702 0.0241184 0.00144924 -0.0241136 0.999708 -0.129342 -0.49089 1.22542
FixedParameters: 0 0 0

#Transform 122
Transform: AffineTransform_float_3_3
Parameters: 0.99999 0.00432624 -0.00129265 -0.00429378 0.999704 0.0239778 0.00139534 -0.0239722 0.999711 -0.140413 -0.511888 1.24571
FixedParameters: 0 0 0

#Transform 123
Transform: AffineTransform_float_3_3
Parameters: 0.99999 0.00434043 -0.000868629 -0.00431857 0.999695 0.024338 0.000974386 -0.024334 0.999704 -0.144908 -0.525486 1.27476
FixedParameters: 0 0 0

#Transform 124
Transform: AffineTransform_float_3_3
Parameters: 0.999995 0.00307086 -0.000593712 -0.00305615 0.999717 0.0235949 0.000665293 -0.0235931 0.999722 -0.182213 -0.531406 1.33161
FixedParameters: 0 0 0

#Transform 125
Transform: AffineTransform_float_3_3
Parameters: 0.99999 0.00421031 -0.00138153 -0.00417568 0.999704 0.02396 0.00148246 -0.023954 0.999712 -0.187833 -0.533972 1.2557
FixedParameters: 0 0 0

#Transform 126
Transform: AffineTransform_float_3_3
Parameters: 0.99999 0.00442289 -0.00134097 -0.00439011 0.999711 0.0236081 0.00144503 -0.0236019 0.999721 -0.199742 -0.557999 1.21936
FixedParameters: 0 0 0

#Transform 127
Transform: AffineTransform_float_3_3
Parameters: 0.999989 0.00447737 -0.00172042 -0.00443662 0.999731 0.0227909 0.00182257 -0.0227831 0.999739 -0.198276 -0.553554 1.21421
FixedParameters: 0 0 0

#Transform 128
Transform: AffineTransform_float_3_3
Parameters: 0.999988 0.00489115 -0.0012159 -0.00486385 0.999743 0.0221652 0.00132412 -0.0221588 0.999753 -0.202214 -0.551963 1.16539
FixedParameters: 0 0 0

#Transform 129
Transform: AffineTransform_float_3_3
Parameters: 0.999989 0.00459647 -0.00151538 -0.00456155 0.999734 0.0226312 0.00161863 -0.0226238 0.999742 -0.207089 -0.527836 1.21092
FixedParameters: 0 0 0

#Transform 130
Transform: AffineTransform_float_3_3
Parameters: 0.999985 0.00545056 -0.000842236 -0.00543043 0.999726 0.0227489 0.000965774 -0.0227441 0.999741 -0.202191 -0.550746 1.21306
FixedParameters: 0 0 0

#Transform 131
Transform: AffineTransform_float_3_3
Parameters: 0.999983 0.00580215 -0.00126706 -0.00577185 0.999728 0.0226277 0.00139794 -0.0226193 0.999743 -0.234411 -0.561274 1.2073
FixedParameters: 0 0 0

#Transform 132
Transform: AffineTransform_float_3_3
Parameters: 0.999984 0.0054592 -0.00153811 -0.00542479 0.999742 0.0220327 0.0016579 -0.0220233 0.999756 -0.232681 -0.573102 1.25715
FixedParameters: 0 0 0

#Transform 133
Transform: AffineTransform_float_3_3
Parameters: 0.999987 0.0048825 -0.00182673 -0.0048425 0.999767 0.0210331 0.00192926 -0.0210239 0.999777 -0.192342 -0.600036 1.16564
FixedParameters: 0 0 0

#Transform 134
Transform: AffineTransform_float_3_3
Parameters: 0.999987 0.00470019 -0.00165562 -0.00466381 0.999764 0.021228 0.00175438 -0.02122 0.999774 -0.196814 -0.588014 1.16242
FixedParameters: 0 0 0

#Transform 135
Transform: AffineTransform_float_3_3
Parameters: 0.999986 0.00530081 -0.000441857 -0.00528921 0.999711 0.0234437 0.000565144 -0.0234403 0.999725 -0.295716 -0.577495 1.02071
FixedParameters: 0 0 0

#Transform 136
Transform: AffineTransform_float_3_3
Parameters: 0.999989 0.00386888 0.00266503 -0.00393211 0.999702 0.0240998 -0.00257096 -0.0241102 0.999706 -0.199682 -0.614852 1.19844
FixedParameters: 0 0 0

#Transform 137
Transform: AffineTransform_float_3_3
Parameters: 0.999988 0.00444958 0.00199386 -0.00449242 0.99974 0.0223253 -0.00189415 -0.0223347 0.999749 -0.191362 -0.624509 1.22865
FixedParameters: 0 0 0

#Transform 138
Transform: AffineTransform_float_3_3
Parameters: 0.999987 0.00448454 0.00251193 -0.00453847 0.999755 0.0216989 -0.00241407 -0.0217091 0.999762 -0.195084 -0.641833 1.17135
FixedParameters: 0 0 0

#Transform 139
Transform: AffineTransform_float_3_3
Parameters: 0.99998 0.0056589 0.00276474 -0.00572011 0.999728 0.0226176 -0.00263626 -0.0226324 0.999741 -0.281036 -0.866182 1.34224
FixedParameters: 0 0 0

#Transform 140
Transform: AffineTransform_float_3_3
Parameters: 0.99998 0.00549705 0.00315817 -0.00556595 0.999737 0.0222559 -0.00303483 -0.0222731 0.999748 -0.271753 -0.862645 1.39897
FixedParameters: 0 0 0

#Transform 141
Transform: AffineTransform_float_3_3
Parameters: 0.999987 0.0046103 0.00210626 -0.00464672 0.999832 0.0177654 -0.00202475 -0.0177746 0.99984 -0.215874 -0.702137 1.36047
FixedParameters: 0 0 0

#Transform 142
Transform: AffineTransform_float_3_3
Parameters: 0.999988 0.00437855 0.00212815 -0.00441744 0.999811 0.0188978 -0.00204486 -0.0189072 0.999819 -0.192141 -0.670991 1.29544
FixedParameters: 0 0 0

#Transform 143
Transform: AffineTransform_float_3_3
Parameters: 0.999988 0.00432839 0.0019795 -0.00436362 0.999831 0.0178286 -0.00190249 -0.0178364 0.999839 -0.170392 -0.652516 1.29194
FixedParameters: 0 0 0

#Transform 144
Transform: AffineTransform_float_3_3
Parameters: 0.999989 0.00421595 0.00183927 -0.00424805 0.999833 0.0177804 -0.00176473 -0.0177876 0.99984 -0.15113 -0.645527 1.31753
FixedParameters: 0 0 0

#Transform 145
Transform: AffineTransform_float_3_3
Parameters: 0.999989 0.00425771 0.00204998 -0.0042933 0.999837 0.0175324 -0.00197501 -0.0175406 0.999844 -0.149728 -0.652117 1.30418
FixedParameters: 0 0 0

#Transform 146
Transform: AffineTransform_float_3_3
Parameters: 0.999988 0.00454636 0.00207465 -0.00458163 0.999845 0.0170077 -0.00199634 -0.0170173 0.999853 -0.142293 -0.67338 1.26494
FixedParameters: 0 0 0

#Transform 147
Transform: AffineTransform_float_3_3
Parameters: 0.999988 0.00436391 0.00197354 -0.00439609 0.999854 0.0165565 -0.00190145 -0.0165655 0.999861 -0.14843 -0.670132 1.26779
FixedParameters: 0 0 0

#Transform 148
Transform: AffineTransform_float_3_3
Parameters: 0.999988 0.00462135 0.00172784 -0.00464865 0.999856 0.0163562 -0.00165217 -0.0163638 0.999864 -0.154539 -0.684568 1.23525
FixedParameters: 0 0 0

#Transform 149
Transform: AffineTransform_float_3_3
Parameters: 0.999987 0.00462804 0.00180987 -0.00465696 0.999855 0.0163368 -0.00173413 -0.0163452 0.999865 -0.15836 -0.678197 1.22877
FixedParameters: 0 0 0

#Transform 150
Transform: AffineTransform_float_3_3
Parameters: 0.999986 0.00477793 0.00221959 -0.00481507 0.999844 0.0170045 -0.0021384 -0.0170154 0.999853 -0.162687 -0.667222 1.249
FixedParameters: 0 0 0

#Transform 151
Transform: AffineTransform_float_3_3
Parameters: 0.999985 0.00507821 0.00173173 -0.00510577 0.999852 0.0164384 -0.00164727 -0.0164466 0.999864 -0.194739 -0.680894 1.25193
FixedParameters: 0 0 0

#Transform 152
Transform: AffineTransform_float_3_3
Parameters: 0.999987 0.00502197 0.00146538 -0.00504503 0.999856 0.0161628 -0.00138363 -0.0161692 0.999869 -0.197282 -0.656244 1.303
FixedParameters: 0 0 0

#Transform 153
Transform: AffineTransform_float_3_3
Parameters: 0.999989 0.00471176 0.000818898 -0.00472425 0.999866 0.0156603 -0.000745101 -0.0156637 0.999877 -0.185925 -0.668451 1.27457
FixedParameters: 0 0 0

#Transform 154
Transform: AffineTransform_float_3_3
Parameters: 0.999987 0.00481962 0.00116163 -0.00483738 0.999869 0.0154536 -0.00108736 -0.0154584 0.99988 -0.187845 -0.701349 1.25039
FixedParameters: 0 0 0

#Transform 155
Transform: AffineTransform_float_3_3
Parameters: 0.999986 0.00504961 0.00112525 -0.00506638 0.999873 0.0150725 -0.00104874 -0.0150775 0.999886 -0.184444 -0.697904 1.21469
FixedParameters: 0 0 0
