# transform file /out/sourcedata/freesurfer/sub-v1s3x0050826_ses-1/mri/transforms/cc_up.lta
# created by oesteban on Tue Mar 10 03:13:16 2026

type      = 0 # LINEAR_VOX_TO_VOX
nxforms   = 1
mean      = 131.0000 131.0000 125.0000
sigma     = 10000.0000
1 4 4
9.949709177017212e-01 3.668646386358887e-04 -1.001637801527977e-01 1.191674900054932e+01 
-3.650196595117450e-04 9.999999403953552e-01 3.674655090435408e-05 4.042580127716064e+00 
1.001637876033783e-01 0.000000000000000e+00 9.949709773063660e-01 2.747318267822266e+00 
0.000000000000000e+00 0.000000000000000e+00 0.000000000000000e+00 1.000000000000000e+00 
src volume info
valid = 1  # volume info valid
filename = /out/sourcedata/freesurfer/sub-v1s3x0050826_ses-1/mri/norm.mgz
volume = 256 256 256
voxelsize = 1.000000000000000e+00 1.000000000000000e+00 1.000000000000000e+00
xras   = -9.999999403953552e-01 0.000000000000000e+00 0.000000000000000e+00
yras   = 0.000000000000000e+00 0.000000000000000e+00 -1.000000000000000e+00
zras   = 0.000000000000000e+00 9.999999403953552e-01 0.000000000000000e+00
cras   = -3.886177062988281e+00 -1.898040771484375e+00 5.301811218261719e+00
dst volume info
valid = 1  # volume info valid
filename = /out/sourcedata/freesurfer/sub-v1s3x0050826_ses-1/mri/norm.mgz
volume = 256 256 256
voxelsize = 1.000000000000000e+00 1.000000000000000e+00 1.000000000000000e+00
xras   = -9.999999403953552e-01 0.000000000000000e+00 0.000000000000000e+00
yras   = 0.000000000000000e+00 0.000000000000000e+00 -1.000000000000000e+00
zras   = 0.000000000000000e+00 9.999999403953552e-01 0.000000000000000e+00
cras   = -3.886177062988281e+00 -1.898040771484375e+00 5.301811218261719e+00
