# transform file /out/sourcedata/freesurfer/sub-v1s3x0050797_ses-1/mri/transforms/cc_up.lta
# created by oesteban on Tue Mar 10 02:03:43 2026

type      = 0 # LINEAR_VOX_TO_VOX
nxforms   = 1
mean      = 129.0000 131.0000 126.0000
sigma     = 10000.0000
1 4 4
9.979529380798340e-01 6.323704868555069e-02 -9.540157392621040e-03 -6.004984855651855e+00 
-6.323415786027908e-02 9.979985356330872e-01 6.045012851245701e-04 2.025843429565430e+01 
9.559290483593941e-03 -5.820766091346741e-11 9.999543428421021e-01 1.478152751922607e+01 
0.000000000000000e+00 0.000000000000000e+00 0.000000000000000e+00 1.000000000000000e+00 
src volume info
valid = 1  # volume info valid
filename = /out/sourcedata/freesurfer/sub-v1s3x0050797_ses-1/mri/norm.mgz
volume = 256 256 256
voxelsize = 1.000000000000000e+00 1.000000000000000e+00 1.000000000000000e+00
xras   = -9.999999403953552e-01 0.000000000000000e+00 0.000000000000000e+00
yras   = 0.000000000000000e+00 0.000000000000000e+00 -1.000000000000000e+00
zras   = 0.000000000000000e+00 9.999999403953552e-01 0.000000000000000e+00
cras   = -5.387077331542969e+00 -4.075352478027344e+01 3.772328186035156e+01
dst volume info
valid = 1  # volume info valid
filename = /out/sourcedata/freesurfer/sub-v1s3x0050797_ses-1/mri/norm.mgz
volume = 256 256 256
voxelsize = 1.000000000000000e+00 1.000000000000000e+00 1.000000000000000e+00
xras   = -9.999999403953552e-01 0.000000000000000e+00 0.000000000000000e+00
yras   = 0.000000000000000e+00 0.000000000000000e+00 -1.000000000000000e+00
zras   = 0.000000000000000e+00 9.999999403953552e-01 0.000000000000000e+00
cras   = -5.387077331542969e+00 -4.075352478027344e+01 3.772328186035156e+01
