#Insight Transform File V1.0
#Transform 0
Transform: AffineTransform_float_3_3
Parameters: 0.999997 0.00144458 0.00226672 -0.00144142 0.999997 -0.00158027 -0.00226828 0.00157773 0.999996 -0.0123432 0.0613997 0.0954784
FixedParameters: 0 0 0

#Transform 1
Transform: AffineTransform_float_3_3
Parameters: 0.999997 0.00122918 0.0024359 -0.00122682 0.999999 -0.000894991 -0.0024371 0.000892007 0.999996 -0.0167153 0.0747643 0.145478
FixedParameters: 0 0 0

#Transform 2
Transform: AffineTransform_float_3_3
Parameters: 0.999997 0.00104904 0.00212849 -0.00104896 1 -0.000489234 -0.00212851 0.000486768 0.999997 -0.00741929 0.0723157 0.18646
FixedParameters: 0 0 0

#Transform 3
Transform: AffineTransform_float_3_3
Parameters: 0.999999 0.00110806 0.00134913 -0.00110694 0.999999 -0.000783495 -0.00134987 0.000782505 0.999999 -0.0250646 -0.00408802 0.0946987
FixedParameters: 0 0 0

#Transform 4
Transform: AffineTransform_float_3_3
Parameters: 0.999999 0.000941963 0.00107916 -0.000941037 0.999999 -0.000892017 -0.00108084 0.000890983 0.999999 -0.0312466 0.0382238 0.0718469
FixedParameters: 0 0 0

#Transform 5
Transform: AffineTransform_float_3_3
Parameters: 0.999998 0.000873551 0.00133164 -0.000873451 1 -0.000413164 -0.00133136 0.000412838 0.999999 -0.0274741 0.0373355 0.130872
FixedParameters: 0 0 0

#Transform 6
Transform: AffineTransform_float_3_3
Parameters: 0.999998 0.000915751 0.00132548 -0.000914249 1 -0.000567213 -0.00132552 0.000565787 0.999999 -0.0292731 0.0416965 0.115589
FixedParameters: 0 0 0

#Transform 7
Transform: AffineTransform_float_3_3
Parameters: 0.999998 0.00158179 0.000527621 -0.0015812 0.999997 -0.00150484 -0.000530378 0.00150316 0.999998 -0.0640043 -0.0139496 0.0262101
FixedParameters: 0 0 0

#Transform 8
Transform: AffineTransform_float_3_3
Parameters: 0.999998 0.00187647 0.000248519 -0.00187654 0.999997 -0.00185547 -0.000252481 0.00185453 0.999998 -0.0535708 -0.0498521 -0.110114
FixedParameters: 0 0 0

#Transform 9
Transform: AffineTransform_float_3_3
Parameters: 1 0.00108342 0.000280401 -0.00108259 0.999999 -0.0014763 -0.000281598 0.0014757 0.999999 -0.0411647 0.00193893 -0.0869039
FixedParameters: 0 0 0

#Transform 10
Transform: AffineTransform_float_3_3
Parameters: 0.999999 0.00107191 0.000603389 -0.00107109 0.999999 -0.00150365 -0.000604611 0.00150335 0.999998 -0.0290461 -0.0219664 -0.0805182
FixedParameters: 0 0 0

#Transform 11
Transform: AffineTransform_float_3_3
Parameters: 0.999999 0.000607071 0.000658013 -0.000605928 0.999998 -0.0016274 -0.000658987 0.0016266 0.999999 -0.00888787 -0.0569035 -0.111889
FixedParameters: 0 0 0

#Transform 12
Transform: AffineTransform_float_3_3
Parameters: 0.999999 0.000682339 0.00060349 -0.000680662 0.999998 -0.00221541 -0.00060451 0.00221559 0.999998 0.00555911 -0.064398 -0.200182
FixedParameters: 0 0 0

#Transform 13
Transform: AffineTransform_float_3_3
Parameters: 1 0.000303052 0.000604474 -0.000301949 0.999999 -0.00174018 -0.000604526 0.00173982 0.999999 0.00296145 -0.0218982 -0.11584
FixedParameters: 0 0 0

#Transform 14
Transform: AffineTransform_float_3_3
Parameters: 0.999999 0.000512571 0.000494409 -0.00051143 0.999999 -0.00115325 -0.00049459 0.00115375 0.999999 -0.0227822 -0.0114507 -0.0388279
FixedParameters: 0 0 0

#Transform 15
Transform: AffineTransform_float_3_3
Parameters: 0.999999 0.000100982 0.000930111 -0.000102017 1 0.00109391 -0.000929889 -0.00109409 0.999999 -0.0493922 0.0882099 0.0733183
FixedParameters: 0 0 0

#Transform 16
Transform: AffineTransform_float_3_3
Parameters: 0.999999 0.000450597 0.000837216 -0.000450402 1 0.000480623 -0.000836783 -0.000481377 0.999999 -0.0340098 0.051762 0.0870145
FixedParameters: 0 0 0

#Transform 17
Transform: AffineTransform_float_3_3
Parameters: 1 -0.00028389 0.000200156 0.00028411 1 -0.000549943 -0.000199844 0.000550057 1 -0.00991622 -0.0786059 -0.141207
FixedParameters: 0 0 0

#Transform 18
Transform: AffineTransform_float_3_3
Parameters: 1 -0.000247301 -0.000337779 0.000246698 0.999999 -0.000892083 0.00033822 0.000891916 0.999999 -0.0299678 0.00971507 -0.0693897
FixedParameters: 0 0 0

#Transform 19
Transform: AffineTransform_float_3_3
Parameters: 1 0.000482886 -0.000206266 -0.000482113 0.999999 -0.0005499 0.000205735 0.000550099 1 -0.0438215 0.0492061 -0.00305076
FixedParameters: 0 0 0

#Transform 20
Transform: AffineTransform_float_3_3
Parameters: 1 0.000162999 2.06716e-06 -0.000163001 1 0.000412 -1.93284e-06 -0.000412 1 -0.0145897 0.00803599 0.0143002
FixedParameters: 0 0 0

#Transform 21
Transform: AffineTransform_float_3_3
Parameters: 1 -8.00036e-05 -6.95896e-06 7.99964e-05 1 -0.000513 7.04104e-06 0.000512999 1 -0.00748566 -0.0296013 -0.0965965
FixedParameters: 0 0 0

#Transform 22
Transform: AffineTransform_float_3_3
Parameters: 0.999999 0.000553126 0.000514864 -0.000552873 1 -0.000246285 -0.000515136 0.000245715 1 -0.00360786 0.0250055 -0.0255554
FixedParameters: 0 0 0

#Transform 23
Transform: AffineTransform_float_3_3
Parameters: 0.999999 0.000742701 0.000388572 -0.0007433 1 0.000770711 -0.000388427 -0.000770289 0.999999 -0.0160158 -0.00197827 0.0222311
FixedParameters: 0 0 0

#Transform 24
Transform: AffineTransform_float_3_3
Parameters: 1 0.000655023 0.00011687 -0.000654976 1 -0.000199077 -0.00011713 0.000198923 1 -0.0205982 -0.0170604 -0.0369161
FixedParameters: 0 0 0

#Transform 25
Transform: AffineTransform_float_3_3
Parameters: 1 0.000173078 -0.000203934 -0.000172922 1 0.000383035 0.000204066 -0.000382965 1 -0.00707339 0.0256585 0.00441981
FixedParameters: 0 0 0

#Transform 26
Transform: AffineTransform_float_3_3
Parameters: 1 0.000152121 -0.000388953 -0.000151879 1 0.000310059 0.000389047 -0.000310941 1 -0.0140997 0.00845789 0.0424
FixedParameters: 0 0 0

#Transform 27
Transform: AffineTransform_float_3_3
Parameters: 1 -0.000305379 -0.000364683 0.000304622 1 -0.00103811 0.000364317 0.00103889 1 0.0157281 0.0220944 -0.103296
FixedParameters: 0 0 0

#Transform 28
Transform: AffineTransform_float_3_3
Parameters: 1 0.000339437 -0.00050338 -0.000339563 1 -0.00111883 0.00050262 0.00111917 0.999999 -0.0082829 0.0378992 -0.0378093
FixedParameters: 0 0 0

#Transform 29
Transform: AffineTransform_float_3_3
Parameters: 1 0.000330553 -0.00048062 -0.000329447 1 0.00115016 0.000481379 -0.00114984 0.999999 -0.0039601 0.0268187 0.036584
FixedParameters: 0 0 0

#Transform 30
Transform: AffineTransform_float_3_3
Parameters: 1 0.000230231 -0.000490892 -0.000229769 1 0.000470113 0.000491108 -0.000469887 1 0.0144164 -0.0216445 -0.0881099
FixedParameters: 0 0 0

#Transform 31
Transform: AffineTransform_float_3_3
Parameters: 1 0.000264831 -0.000378119 -0.000265169 1 -0.0004479 0.000377881 0.0004471 1 -0.00346916 -0.0468925 -0.104995
FixedParameters: 0 0 0

#Transform 32
Transform: AffineTransform_float_3_3
Parameters: 0.999999 0.000957016 2.54162e-05 -0.000956984 1 -0.000610025 -2.55837e-05 0.000609976 1 -0.00559334 -0.0232302 -0.0760439
FixedParameters: 0 0 0

#Transform 33
Transform: AffineTransform_float_3_3
Parameters: 0.999999 0.000756939 0.000475097 -0.00075706 0.999999 0.00012764 -0.000475903 -0.00012836 1 -0.00303742 -0.0693674 -0.085645
FixedParameters: 0 0 0

#Transform 34
Transform: AffineTransform_float_3_3
Parameters: 0.999999 0.000811936 0.000299173 -0.000812063 0.999999 0.000212757 -0.000298827 -0.000213243 1 0.0153199 -0.0962335 -0.143086
FixedParameters: 0 0 0

#Transform 35
Transform: AffineTransform_float_3_3
Parameters: 0.999998 0.00158732 0.000390722 -0.00158668 0.999999 -0.000805621 -0.000392278 0.000805378 0.999999 -0.0375065 -0.0981532 -0.217481
FixedParameters: 0 0 0

#Transform 36
Transform: AffineTransform_float_3_3
Parameters: 0.999998 0.00158865 0.000303839 -0.00158935 0.999998 0.00115752 -0.000302159 -0.00115848 1 -0.0757674 -0.154547 -0.160397
FixedParameters: 0 0 0

#Transform 37
Transform: AffineTransform_float_3_3
Parameters: 0.999997 0.00221104 0.000239628 -0.00221096 0.999997 -0.00016853 -0.000239371 0.000167471 1 -0.116953 -0.0733836 -0.176852
FixedParameters: 0 0 0

#Transform 38
Transform: AffineTransform_float_3_3
Parameters: 0.999997 0.00207025 0.000570086 -0.00206975 0.999998 -0.000442181 -0.000570913 0.000440819 0.999999 -0.108434 -0.0552698 -0.182589
FixedParameters: 0 0 0

#Transform 39
Transform: AffineTransform_float_3_3
Parameters: 0.999999 0.00139407 0.000712871 -0.00139393 0.999999 -9.29938e-05 -0.000713129 9.20059e-05 0.999999 -0.0858546 -0.0317814 -0.192037
FixedParameters: 0 0 0

#Transform 40
Transform: AffineTransform_float_3_3
Parameters: 0.999999 0.00178981 0.000446753 -0.00179019 0.999999 0.000420201 -0.000446247 -0.000420799 1 -0.0948526 -0.0673147 -0.182502
FixedParameters: 0 0 0

#Transform 41
Transform: AffineTransform_float_3_3
Parameters: 0.999999 0.000799886 0.000451201 -0.000800113 0.999999 0.000251639 -0.000450798 -0.000252361 1 -0.0636656 -0.107143 -0.268187
FixedParameters: 0 0 0

#Transform 42
Transform: AffineTransform_float_3_3
Parameters: 0.999999 0.00106601 0.000770991 -0.00106599 1 -8.82188e-06 -0.000771009 8.17811e-06 0.999999 -0.0454402 -0.0908077 -0.334931
FixedParameters: 0 0 0

#Transform 43
Transform: AffineTransform_float_3_3
Parameters: 1 0.000978822 0.000421416 -0.00097918 1 0.000424588 -0.000421585 -0.000424413 1 -0.0490621 -0.105092 -0.315942
FixedParameters: 0 0 0

#Transform 44
Transform: AffineTransform_float_3_3
Parameters: 1 0.000964112 0.00028863 -0.00096389 1 -0.000384279 -0.000288371 0.000384722 1 -0.065472 -0.116665 -0.295736
FixedParameters: 0 0 0

#Transform 45
Transform: AffineTransform_float_3_3
Parameters: 1 0.000555872 -0.000148479 -0.000556128 1 -0.000861918 0.000148521 0.000862083 0.999999 -0.0826393 -0.0979866 -0.265575
FixedParameters: 0 0 0

#Transform 46
Transform: AffineTransform_float_3_3
Parameters: 0.999999 0.00122847 -0.00122453 -0.00122853 0.999999 -0.000433496 0.00122347 0.000435504 0.999999 -0.126631 -0.0279371 -0.184945
FixedParameters: 0 0 0

#Transform 47
Transform: AffineTransform_float_3_3
Parameters: 0.999997 0.00182081 -0.00170514 -0.00181919 0.999998 0.000475104 0.00170586 -0.000471896 0.999999 -0.173798 0.00377817 -0.0677735
FixedParameters: 0 0 0

#Transform 48
Transform: AffineTransform_float_3_3
Parameters: 0.999998 0.00181505 -0.00127036 -0.00181695 0.999998 -0.000745694 0.00126864 0.000748304 0.999999 -0.161634 -0.0222768 -0.16113
FixedParameters: 0 0 0

#Transform 49
Transform: AffineTransform_float_3_3
Parameters: 0.999998 0.00185815 -0.000995726 -0.00185785 0.999999 0.00014785 0.000996273 -0.000146149 0.999999 -0.130374 0.0426812 -0.123661
FixedParameters: 0 0 0

#Transform 50
Transform: AffineTransform_float_3_3
Parameters: 0.999998 0.00177461 -0.000809674 -0.00177439 0.999998 0.000748439 0.000811327 -0.000746562 1 -0.131783 0.00605482 -0.0958181
FixedParameters: 0 0 0

#Transform 51
Transform: AffineTransform_float_3_3
Parameters: 0.999997 0.00188141 -0.00111631 -0.00188159 0.999998 0.000368101 0.00111769 -0.000365898 1 -0.127305 -0.0557143 -0.199064
FixedParameters: 0 0 0

#Transform 52
Transform: AffineTransform_float_3_3
Parameters: 0.999999 0.00150814 -0.000938777 -0.00150786 0.999999 0.000148416 0.000939224 -0.000147584 0.999999 -0.108186 -0.0365391 -0.18594
FixedParameters: 0 0 0

#Transform 53
Transform: AffineTransform_float_3_3
Parameters: 0.999998 0.00139655 -0.00135744 -0.00139645 0.999999 0.000403896 0.00135856 -0.000402103 0.999999 -0.131778 -0.0370983 -0.113349
FixedParameters: 0 0 0

#Transform 54
Transform: AffineTransform_float_3_3
Parameters: 0.999998 0.00113427 -0.00196285 -0.00113373 1 0.000137226 0.00196316 -0.000134774 0.999998 -0.126792 -0.0602896 -0.191469
FixedParameters: 0 0 0

#Transform 55
Transform: AffineTransform_float_3_3
Parameters: 0.999997 0.00112326 -0.00190485 -0.00112374 1 0.000137141 0.00190515 -0.00013486 0.999998 -0.110797 -0.0135693 -0.152886
FixedParameters: 0 0 0

#Transform 56
Transform: AffineTransform_float_3_3
Parameters: 0.999997 0.00153758 -0.00223892 -0.00153542 0.999999 0.000706441 0.00224008 -0.000702559 0.999997 -0.129633 -0.0160896 -0.0827956
FixedParameters: 0 0 0

#Transform 57
Transform: AffineTransform_float_3_3
Parameters: 0.999996 0.0014344 -0.00234976 -0.0014336 0.999999 0.000172369 0.00235025 -0.000169629 0.999997 -0.134982 -0.081091 -0.188633
FixedParameters: 0 0 0

#Transform 58
Transform: AffineTransform_float_3_3
Parameters: 0.999996 0.00123867 -0.00247167 -0.00123733 0.999999 0.000272059 0.00247233 -0.000268939 0.999997 -0.130911 -0.000119334 -0.117179
FixedParameters: 0 0 0

#Transform 59
Transform: AffineTransform_float_3_3
Parameters: 0.999996 0.0014919 -0.00255631 -0.0014881 0.999998 0.00113581 0.00255869 -0.00113219 0.999996 -0.139625 0.0109755 -0.0432889
FixedParameters: 0 0 0

#Transform 60
Transform: AffineTransform_float_3_3
Parameters: 0.999996 0.00170168 -0.00219561 -0.00169632 0.999995 0.00258474 0.00220039 -0.00258127 0.999994 -0.143419 -0.104686 -0.00670043
FixedParameters: 0 0 0

#Transform 61
Transform: AffineTransform_float_3_3
Parameters: 0.999994 0.00151654 -0.00331975 -0.00151646 0.999999 0.000165035 0.00332025 -0.000159966 0.999994 -0.164423 -0.0110456 -0.112984
FixedParameters: 0 0 0

#Transform 62
Transform: AffineTransform_float_3_3
Parameters: 0.999995 0.00200098 -0.00240453 -0.00199803 0.999997 0.00123881 0.00240747 -0.00123419 0.999997 -0.179596 0.0414174 0.0548331
FixedParameters: 0 0 0

#Transform 63
Transform: AffineTransform_float_3_3
Parameters: 0.999993 0.00246556 -0.00275392 -0.00246044 0.999995 0.00165879 0.00275807 -0.00165121 0.999995 -0.193699 -0.00437577 0.0665384
FixedParameters: 0 0 0

#Transform 64
Transform: AffineTransform_float_3_3
Parameters: 0.999995 0.00152736 -0.00301481 -0.00152464 0.999999 0.000784602 0.0030162 -0.000780398 0.999995 -0.173381 -0.0158808 -0.0255489
FixedParameters: 0 0 0

#Transform 65
Transform: AffineTransform_float_3_3
Parameters: 0.999995 0.00156794 -0.00300295 -0.00156406 0.999998 0.0013127 0.00300505 -0.0013083 0.999994 -0.17426 0.0333181 -0.0180171
FixedParameters: 0 0 0

#Transform 66
Transform: AffineTransform_float_3_3
Parameters: 0.999996 0.00184182 -0.00220398 -0.00183718 0.999996 0.00218806 0.00220802 -0.00218394 0.999995 -0.15242 0.019215 -0.00954031
FixedParameters: 0 0 0

#Transform 67
Transform: AffineTransform_float_3_3
Parameters: 0.999995 0.0021859 -0.00251875 -0.0021811 0.999995 0.0019475 0.00252325 -0.00194149 0.999995 -0.142788 -0.0575933 -0.159231
FixedParameters: 0 0 0

#Transform 68
Transform: AffineTransform_float_3_3
Parameters: 0.999995 0.00184831 -0.00258192 -0.00184469 0.999997 0.00166977 0.00258408 -0.00166523 0.999996 -0.138817 -0.0137611 -0.110815
FixedParameters: 0 0 0

#Transform 69
Transform: AffineTransform_float_3_3
Parameters: 0.999995 0.00196409 -0.00239119 -0.00195691 0.999993 0.00296369 0.00239681 -0.0029593 0.999992 -0.134125 0.0388583 -0.00825493
FixedParameters: 0 0 0

#Transform 70
Transform: AffineTransform_float_3_3
Parameters: 0.999994 0.00215116 -0.00245888 -0.00214284 0.999992 0.00331729 0.00246612 -0.00331171 0.999992 -0.15183 0.00790624 0.0133989
FixedParameters: 0 0 0

#Transform 71
Transform: AffineTransform_float_3_3
Parameters: 0.999993 0.00210329 -0.00289266 -0.0020897 0.999985 0.00493507 0.00290334 -0.00492992 0.999983 -0.18786 -0.00323042 0.173714
FixedParameters: 0 0 0

#Transform 72
Transform: AffineTransform_float_3_3
Parameters: 0.999962 0.00642252 -0.00590354 -0.00627749 0.999688 0.024181 0.00605645 -0.024143 0.99969 -0.352434 0.458975 1.33385
FixedParameters: 0 0 0

#Transform 73
Transform: AffineTransform_float_3_3
Parameters: 0.999964 0.00375676 -0.00755079 -0.00360723 0.999801 0.0196199 0.00762319 -0.0195921 0.999779 -0.242867 0.403007 1.17193
FixedParameters: 0 0 0

#Transform 74
Transform: AffineTransform_float_3_3
Parameters: 0.999971 0.00395285 -0.00658997 -0.00381115 0.999763 0.0213997 0.00667304 -0.0213743 0.99975 -0.238517 0.489854 1.26619
FixedParameters: 0 0 0

#Transform 75
Transform: AffineTransform_float_3_3
Parameters: 0.999973 0.00394815 -0.00620769 -0.00381387 0.999762 0.0214743 0.00629031 -0.0214508 0.99975 -0.234719 0.471835 1.24742
FixedParameters: 0 0 0

#Transform 76
Transform: AffineTransform_float_3_3
Parameters: 0.999976 0.00356241 -0.00594998 -0.00344759 0.999811 0.019129 0.00601702 -0.019108 0.9998 -0.235334 0.377222 1.08607
FixedParameters: 0 0 0

#Transform 77
Transform: AffineTransform_float_3_3
Parameters: 0.999976 0.00378089 -0.00582414 -0.00366211 0.999791 0.0201208 0.00589884 -0.0200992 0.99978 -0.239164 0.457426 1.14658
FixedParameters: 0 0 0

#Transform 78
Transform: AffineTransform_float_3_3
Parameters: 0.999973 0.00374447 -0.00633542 -0.00360954 0.99977 0.0211054 0.00641257 -0.0210826 0.999757 -0.235429 0.369673 1.12561
FixedParameters: 0 0 0

#Transform 79
Transform: AffineTransform_float_3_3
Parameters: 0.999976 0.00304758 -0.00630762 -0.00292744 0.999818 0.0188799 0.00636338 -0.0188611 0.999802 -0.222606 0.397715 1.00226
FixedParameters: 0 0 0

#Transform 80
Transform: AffineTransform_float_3_3
Parameters: 0.999974 0.00327708 -0.00645608 -0.00314892 0.999797 0.0199039 0.00651993 -0.0198832 0.999781 -0.217554 0.43158 1.02983
FixedParameters: 0 0 0

#Transform 81
Transform: AffineTransform_float_3_3
Parameters: 0.99997 0.00355259 -0.0068534 -0.00341642 0.9998 0.019695 0.00692159 -0.019671 0.999782 -0.234384 0.34257 1.02818
FixedParameters: 0 0 0

#Transform 82
Transform: AffineTransform_float_3_3
Parameters: 0.999968 0.00356954 -0.00716501 -0.00343646 0.999822 0.0185642 0.00723 -0.0185388 0.999802 -0.212123 0.348376 0.977652
FixedParameters: 0 0 0

#Transform 83
Transform: AffineTransform_float_3_3
Parameters: 0.999966 0.00409757 -0.00724116 -0.00395544 0.9998 0.0195943 0.00731985 -0.0195657 0.999782 -0.235376 0.377242 1.11832
FixedParameters: 0 0 0

#Transform 84
Transform: AffineTransform_float_3_3
Parameters: 0.99997 0.00337167 -0.00699249 -0.00324035 0.999822 0.0186142 0.0070535 -0.0185918 0.999803 -0.206652 0.309512 1.00102
FixedParameters: 0 0 0

#Transform 85
Transform: AffineTransform_float_3_3
Parameters: 0.99997 0.00400637 -0.00671883 -0.00389462 0.999856 0.0165087 0.00678417 -0.0164813 0.999841 -0.222233 0.348531 0.971572
FixedParameters: 0 0 0

#Transform 86
Transform: AffineTransform_float_3_3
Parameters: 0.999967 0.00360864 -0.0072525 -0.00347535 0.999828 0.0182188 0.00731749 -0.0181932 0.999807 -0.202676 0.347393 1.07031
FixedParameters: 0 0 0

#Transform 87
Transform: AffineTransform_float_3_3
Parameters: 0.999967 0.00335763 -0.00749196 -0.00322538 0.999839 0.0176448 0.00755005 -0.0176202 0.999816 -0.193773 0.295652 0.908708
FixedParameters: 0 0 0

#Transform 88
Transform: AffineTransform_float_3_3
Parameters: 0.999967 0.00320702 -0.00755673 -0.00307597 0.999846 0.0172868 0.00761128 -0.0172632 0.999822 -0.193776 0.319279 0.88342
FixedParameters: 0 0 0

#Transform 89
Transform: AffineTransform_float_3_3
Parameters: 0.999963 0.00335472 -0.00792931 -0.00320428 0.999818 0.0188201 0.00799068 -0.0187939 0.999792 -0.197789 0.367447 1.01972
FixedParameters: 0 0 0

#Transform 90
Transform: AffineTransform_float_3_3
Parameters: 0.99996 0.00349597 -0.0082091 -0.00333703 0.999808 0.0193002 0.0082749 -0.0192718 0.99978 -0.201653 0.372695 1.07592
FixedParameters: 0 0 0

#Transform 91
Transform: AffineTransform_float_3_3
Parameters: 0.999965 0.00345996 -0.00761568 -0.00332405 0.999836 0.0177939 0.00767532 -0.0177681 0.999812 -0.197945 0.269163 0.94384
FixedParameters: 0 0 0

#Transform 92
Transform: AffineTransform_float_3_3
Parameters: 0.999963 0.00357648 -0.00791359 -0.00344153 0.99985 0.0169429 0.00797241 -0.0169151 0.999825 -0.208742 0.276732 0.911129
FixedParameters: 0 0 0

#Transform 93
Transform: AffineTransform_float_3_3
Parameters: 0.999963 0.00342165 -0.00787694 -0.00329234 0.99986 0.0164145 0.00793207 -0.0163875 0.999834 -0.221321 0.330252 0.948414
FixedParameters: 0 0 0

#Transform 94
Transform: AffineTransform_float_3_3
Parameters: 0.999966 0.00331337 -0.00762199 -0.00317963 0.99984 0.0175748 0.00767904 -0.0175502 0.999817 -0.217034 0.317441 1.0545
FixedParameters: 0 0 0

#Transform 95
Transform: AffineTransform_float_3_3
Parameters: 0.999966 0.0036281 -0.00739492 -0.0035029 0.999851 0.0168605 0.00745507 -0.0168345 0.99983 -0.22675 0.28426 0.944743
FixedParameters: 0 0 0

#Transform 96
Transform: AffineTransform_float_3_3
Parameters: 0.999964 0.00336635 -0.00780228 -0.00323866 0.999863 0.0162769 0.00785571 -0.0162511 0.999837 -0.220187 0.294304 0.871997
FixedParameters: 0 0 0

#Transform 97
Transform: AffineTransform_float_3_3
Parameters: 0.999964 0.00341355 -0.0077639 -0.00328245 0.999854 0.0167661 0.00782009 -0.0167399 0.99983 -0.22173 0.315863 0.937227
FixedParameters: 0 0 0

#Transform 98
Transform: AffineTransform_float_3_3
Parameters: 0.999966 0.00364715 -0.00736562 -0.00353084 0.99987 0.0157215 0.00742238 -0.0156945 0.99985 -0.223409 0.243942 0.897953
FixedParameters: 0 0 0

#Transform 99
Transform: AffineTransform_float_3_3
Parameters: 0.999967 0.00390319 -0.00722152 -0.0037928 0.999877 0.0152099 0.00728048 -0.0151821 0.999858 -0.231801 0.242393 0.808676
FixedParameters: 0 0 0

#Transform 100
Transform: AffineTransform_float_3_3
Parameters: 0.99996 0.00397092 -0.00798537 -0.00383409 0.999846 0.0170883 0.00805164 -0.0170577 0.999822 -0.205572 0.313843 0.910324
FixedParameters: 0 0 0

#Transform 101
Transform: AffineTransform_float_3_3
Parameters: 0.999961 0.00376633 -0.00800089 -0.00362667 0.999843 0.0173577 0.00806511 -0.0173283 0.999818 -0.207228 0.274153 0.963625
FixedParameters: 0 0 0

#Transform 102
Transform: AffineTransform_float_3_3
Parameters: 0.999961 0.00384965 -0.00786983 -0.00372135 0.999863 0.0161709 0.00793116 -0.0161411 0.999839 -0.225646 0.229855 0.842383
FixedParameters: 0 0 0

#Transform 103
Transform: AffineTransform_float_3_3
Parameters: 0.999961 0.00359546 -0.0079966 -0.00345854 0.999847 0.0171373 0.0080574 -0.0171097 0.999821 -0.215991 0.306297 0.924071
FixedParameters: 0 0 0

#Transform 104
Transform: AffineTransform_float_3_3
Parameters: 0.999961 0.00284201 -0.00838994 -0.00269598 0.999845 0.0173643 0.00843805 -0.0173407 0.999814 -0.208696 0.276214 0.918698
FixedParameters: 0 0 0

#Transform 105
Transform: AffineTransform_float_3_3
Parameters: 0.999966 0.00256512 -0.00777476 -0.00244288 0.999874 0.0156755 0.00781423 -0.0156565 0.999847 -0.26231 0.262616 0.925434
FixedParameters: 0 0 0

#Transform 106
Transform: AffineTransform_float_3_3
Parameters: 0.999962 0.00312018 -0.00813764 -0.00299082 0.99987 0.0158399 0.00818536 -0.0158141 0.999842 -0.238182 0.272355 0.814344
FixedParameters: 0 0 0

#Transform 107
Transform: AffineTransform_float_3_3
Parameters: 0.999958 0.00332668 -0.00847902 -0.00318332 0.999852 0.0169027 0.00853398 -0.0168753 0.999821 -0.23929 0.295271 0.918117
FixedParameters: 0 0 0

#Transform 108
Transform: AffineTransform_float_3_3
Parameters: 0.999954 0.00303036 -0.00911789 -0.00287164 0.999845 0.017331 0.00916911 -0.017304 0.999808 -0.251521 0.275628 0.914982
FixedParameters: 0 0 0

#Transform 109
Transform: AffineTransform_float_3_3
Parameters: 0.999957 0.00291676 -0.00887636 -0.00277426 0.999868 0.0160523 0.00892165 -0.0160277 0.999831 -0.248743 0.193066 0.725409
FixedParameters: 0 0 0

#Transform 110
Transform: AffineTransform_float_3_3
Parameters: 0.999952 0.00285898 -0.00936923 -0.00269403 0.999842 0.0175741 0.00941776 -0.0175479 0.999801 -0.243539 0.276824 0.817342
FixedParameters: 0 0 0

#Transform 111
Transform: AffineTransform_float_3_3
Parameters: 0.999951 0.0030695 -0.00942277 -0.00290151 0.999836 0.0178442 0.00947524 -0.0178158 0.999797 -0.273298 0.245442 0.791241
FixedParameters: 0 0 0

#Transform 112
Transform: AffineTransform_float_3_3
Parameters: 0.999955 0.0031225 -0.00889862 -0.0029665 0.999841 0.0175452 0.00895239 -0.0175188 0.999807 -0.286315 0.199231 0.734842
FixedParameters: 0 0 0

#Transform 113
Transform: AffineTransform_float_3_3
Parameters: 0.999952 0.00312093 -0.00921948 -0.00295506 0.999835 0.0179571 0.00927452 -0.0179289 0.999796 -0.270328 0.233893 0.764347
FixedParameters: 0 0 0

#Transform 114
Transform: AffineTransform_float_3_3
Parameters: 0.99995 0.00345798 -0.00931927 -0.00328402 0.999821 0.0186205 0.00938172 -0.0185885 0.999783 -0.277305 0.220819 0.749202
FixedParameters: 0 0 0

#Transform 115
Transform: AffineTransform_float_3_3
Parameters: 0.999949 0.00321523 -0.00955953 -0.00303976 0.999826 0.018393 0.00961749 -0.018363 0.999785 -0.270862 0.196317 0.691381
FixedParameters: 0 0 0

#Transform 116
Transform: AffineTransform_float_3_3
Parameters: 0.999946 0.00327554 -0.00979264 -0.00310146 0.999839 0.0176853 0.00984833 -0.0176537 0.999795 -0.283263 0.166443 0.659817
FixedParameters: 0 0 0

#Transform 117
Transform: AffineTransform_float_3_3
Parameters: 0.999947 0.00297544 -0.00986292 -0.00279656 0.999833 0.0180565 0.00991508 -0.0180285 0.999789 -0.285548 0.199042 0.667282
FixedParameters: 0 0 0

#Transform 118
Transform: AffineTransform_float_3_3
Parameters: 0.999931 0.00372169 -0.0111226 -0.00348533 0.999768 0.0212232 0.0111984 -0.0211838 0.999713 -0.342686 0.28403 0.944834
FixedParameters: 0 0 0

#Transform 119
Transform: AffineTransform_float_3_3
Parameters: 0.999955 0.00320261 -0.00893503 -0.00303638 0.999823 0.018598 0.00899398 -0.01857 0.999787 -0.314467 0.19552 0.798529
FixedParameters: 0 0 0

#Transform 120
Transform: AffineTransform_float_3_3
Parameters: 0.999961 0.00332274 -0.00821137 -0.00317426 0.999832 0.0180618 0.00826964 -0.0180342 0.999803 -0.333937 0.184446 0.70177
FixedParameters: 0 0 0

#Transform 121
Transform: AffineTransform_float_3_3
Parameters: 0.999959 0.00339454 -0.00840206 -0.00323746 0.99982 0.018693 0.00846395 -0.018665 0.99979 -0.32675 0.256868 0.780758
FixedParameters: 0 0 0

#Transform 122
Transform: AffineTransform_float_3_3
Parameters: 0.999957 0.00355938 -0.00857197 -0.00339561 0.999813 0.0189999 0.00863802 -0.0189701 0.999782 -0.34046 0.24459 0.810892
FixedParameters: 0 0 0

#Transform 123
Transform: AffineTransform_float_3_3
Parameters: 0.999959 0.00349924 -0.00827546 -0.00334976 0.999832 0.0179804 0.00833653 -0.0179515 0.999804 -0.333797 0.170489 0.736127
FixedParameters: 0 0 0

#Transform 124
Transform: AffineTransform_float_3_3
Parameters: 0.999963 0.00369978 -0.00775222 -0.00357422 0.999863 0.0161763 0.00781079 -0.0161487 0.999839 -0.345956 0.195856 0.718637
FixedParameters: 0 0 0

#Transform 125
Transform: AffineTransform_float_3_3
Parameters: 0.999965 0.00373857 -0.0074884 -0.00360041 0.999823 0.0184346 0.0075566 -0.0184064 0.999802 -0.327485 0.244625 0.825031
FixedParameters: 0 0 0

#Transform 126
Transform: AffineTransform_float_3_3
Parameters: 0.999963 0.00369317 -0.00775965 -0.00355684 0.99984 0.0174892 0.00782235 -0.0174617 0.999817 -0.318713 0.160674 0.701679
FixedParameters: 0 0 0

#Transform 127
Transform: AffineTransform_float_3_3
Parameters: 0.999963 0.0035935 -0.00789559 -0.0034595 0.999852 0.0168569 0.0079554 -0.016829 0.999826 -0.320337 0.167614 0.661124
FixedParameters: 0 0 0

#Transform 128
Transform: AffineTransform_float_3_3
Parameters: 0.999954 0.00368733 -0.00877899 -0.00351567 0.999804 0.0194517 0.008849 -0.0194202 0.999773 -0.321418 0.249168 0.83759
FixedParameters: 0 0 0

#Transform 129
Transform: AffineTransform_float_3_3
Parameters: 0.999961 0.0041096 -0.00790503 -0.0039564 0.999805 0.0193491 0.00798299 -0.019317 0.999782 -0.371814 0.179187 0.769721
FixedParameters: 0 0 0

#Transform 130
Transform: AffineTransform_float_3_3
Parameters: 0.999962 0.00383382 -0.00775608 -0.00368918 0.99982 0.0186013 0.00782592 -0.0185717 0.999797 -0.349598 0.173315 0.714188
FixedParameters: 0 0 0

#Transform 131
Transform: AffineTransform_float_3_3
Parameters: 0.999962 0.00378938 -0.00784529 -0.00363563 0.999802 0.0195993 0.00791773 -0.0195707 0.999777 -0.33847 0.238142 0.777563
FixedParameters: 0 0 0

#Transform 132
Transform: AffineTransform_float_3_3
Parameters: 0.99996 0.00387835 -0.00805381 -0.00371664 0.999791 0.0200767 0.0081302 -0.0200463 0.999766 -0.338547 0.214906 0.813923
FixedParameters: 0 0 0

#Transform 133
Transform: AffineTransform_float_3_3
Parameters: 0.999959 0.00373412 -0.00817621 -0.00358188 0.999821 0.018542 0.00824377 -0.018512 0.999794 -0.331967 0.186 0.747201
FixedParameters: 0 0 0

#Transform 134
Transform: AffineTransform_float_3_3
Parameters: 0.99996 0.00377925 -0.00801677 -0.00363075 0.999824 0.0184268 0.00808522 -0.0183972 0.999798 -0.31821 0.195253 0.727677
FixedParameters: 0 0 0

#Transform 135
Transform: AffineTransform_float_3_3
Parameters: 0.999955 0.00398778 -0.00868693 -0.00382023 0.999808 0.0192451 0.00876208 -0.0192109 0.999777 -0.326307 0.196463 0.7163
FixedParameters: 0 0 0

#Transform 136
Transform: AffineTransform_float_3_3
Parameters: 0.999951 0.00417722 -0.00898382 -0.00399778 0.999795 0.0198749 0.00906517 -0.0198381 0.999762 -0.343361 0.181946 0.757816
FixedParameters: 0 0 0

#Transform 137
Transform: AffineTransform_float_3_3
Parameters: 0.999941 0.00421238 -0.00995943 -0.00399361 0.999754 0.0218461 0.0100496 -0.0218049 0.999711 -0.340029 0.161862 0.749387
FixedParameters: 0 0 0

#Transform 138
Transform: AffineTransform_float_3_3
Parameters: 0.999944 0.00391726 -0.00982563 -0.00371276 0.999777 0.0208216 0.00990438 -0.0207844 0.999735 -0.337915 0.13617 0.677807
FixedParameters: 0 0 0

#Transform 139
Transform: AffineTransform_float_3_3
Parameters: 0.99994 0.00409247 -0.0101781 -0.00388053 0.999776 0.0208077 0.0102609 -0.0207672 0.999731 -0.333802 0.1603 0.672237
FixedParameters: 0 0 0

#Transform 140
Transform: AffineTransform_float_3_3
Parameters: 0.999938 0.00402383 -0.0103334 -0.00379318 0.999747 0.0221656 0.0104196 -0.0221254 0.999701 -0.344448 0.176382 0.727205
FixedParameters: 0 0 0

#Transform 141
Transform: AffineTransform_float_3_3
Parameters: 0.999938 0.0041122 -0.010342 -0.0038888 0.999761 0.0215106 0.010428 -0.0214685 0.999715 -0.350806 0.120295 0.661651
FixedParameters: 0 0 0

#Transform 142
Transform: AffineTransform_float_3_3
Parameters: 0.999941 0.0038781 -0.0100734 -0.00367288 0.999787 0.0203002 0.0101506 -0.0202618 0.999743 -0.33996 0.139524 0.65592
FixedParameters: 0 0 0

#Transform 143
Transform: AffineTransform_float_3_3
Parameters: 0.999943 0.00412992 -0.00990528 -0.00391809 0.999765 0.021319 0.00999072 -0.021279 0.999723 -0.347264 0.19329 0.742653
FixedParameters: 0 0 0

#Transform 144
Transform: AffineTransform_float_3_3
Parameters: 0.999936 0.00420718 -0.0104451 -0.00396682 0.999728 0.0230049 0.010539 -0.0229621 0.999681 -0.338662 0.160749 0.794565
FixedParameters: 0 0 0

#Transform 145
Transform: AffineTransform_float_3_3
Parameters: 0.999941 0.00388409 -0.0101439 -0.00366791 0.999768 0.0212345 0.0102241 -0.0211965 0.999723 -0.333963 0.143099 0.636696
FixedParameters: 0 0 0

#Transform 146
Transform: AffineTransform_float_3_3
Parameters: 0.999936 0.00402072 -0.0105121 -0.00378328 0.999739 0.0225372 0.0105999 -0.0224958 0.99969 -0.347461 0.211048 0.723951
FixedParameters: 0 0 0

#Transform 147
Transform: AffineTransform_float_3_3
Parameters: 0.999936 0.00397654 -0.0105921 -0.00373345 0.999732 0.022821 0.0106799 -0.02278 0.999684 -0.331699 0.144629 0.667412
FixedParameters: 0 0 0

#Transform 148
Transform: AffineTransform_float_3_3
Parameters: 0.999937 0.00366493 -0.0106288 -0.00343609 0.999764 0.0214769 0.0107042 -0.0214391 0.999713 -0.332828 0.152968 0.645557
FixedParameters: 0 0 0

#Transform 149
Transform: AffineTransform_float_3_3
Parameters: 0.999933 0.00404864 -0.0107825 -0.00379935 0.999726 0.0230725 0.0108735 -0.0230305 0.999675 -0.340024 0.206019 0.726676
FixedParameters: 0 0 0

#Transform 150
Transform: AffineTransform_float_3_3
Parameters: 0.999932 0.00413299 -0.0109278 -0.00386902 0.999703 0.0240699 0.0110232 -0.0240261 0.99965 -0.347348 0.170828 0.751357
FixedParameters: 0 0 0

#Transform 151
Transform: AffineTransform_float_3_3
Parameters: 0.999933 0.00397748 -0.0109248 -0.00373752 0.999754 0.0218543 0.0110092 -0.0218117 0.999702 -0.350711 0.120863 0.627175
FixedParameters: 0 0 0

#Transform 152
Transform: AffineTransform_float_3_3
Parameters: 0.99993 0.00441889 -0.011037 -0.00416311 0.999724 0.0231006 0.011136 -0.0230534 0.999672 -0.356926 0.190521 0.705638
FixedParameters: 0 0 0

#Transform 153
Transform: AffineTransform_float_3_3
Parameters: 0.999926 0.00418096 -0.011414 -0.00390304 0.999698 0.0242673 0.011512 -0.0242207 0.999641 -0.36003 0.159588 0.775339
FixedParameters: 0 0 0

#Transform 154
Transform: AffineTransform_float_3_3
Parameters: 0.999926 0.00374977 -0.0116319 -0.00347723 0.999722 0.0232972 0.0117161 -0.0232548 0.999661 -0.345748 0.12969 0.640465
FixedParameters: 0 0 0

#Transform 155
Transform: AffineTransform_float_3_3
Parameters: 0.99992 0.00337525 -0.012177 -0.00309676 0.999734 0.0228785 0.012251 -0.0228395 0.999664 -0.350354 0.121244 0.639122
FixedParameters: 0 0 0
