# transform file /out/sourcedata/freesurfer/sub-v1s3x0050806_ses-1/mri/transforms/cc_up.lta
# created by oesteban on Tue Mar 10 02:23:05 2026

type      = 0 # LINEAR_VOX_TO_VOX
nxforms   = 1
mean      = 128.0000 127.0000 127.0000
sigma     = 10000.0000
1 4 4
9.997860193252563e-01 1.862131874077022e-03 2.060301229357719e-02 -1.889012336730957e+00 
-1.861736527644098e-03 9.999983310699463e-01 -3.836558971670456e-05 1.924354171752930e+01 
-2.060304768383503e-02 0.000000000000000e+00 9.997877478599548e-01 7.666990756988525e+00 
0.000000000000000e+00 0.000000000000000e+00 0.000000000000000e+00 1.000000000000000e+00 
src volume info
valid = 1  # volume info valid
filename = /out/sourcedata/freesurfer/sub-v1s3x0050806_ses-1/mri/norm.mgz
volume = 256 256 256
voxelsize = 1.000000000000000e+00 1.000000000000000e+00 1.000000000000000e+00
xras   = -1.000000000000000e+00 0.000000000000000e+00 0.000000000000000e+00
yras   = 0.000000000000000e+00 0.000000000000000e+00 -1.000000000000000e+00
zras   = 0.000000000000000e+00 1.000000000000000e+00 0.000000000000000e+00
cras   = 1.986145019531250e+00 -5.355445861816406e+00 4.834213256835938e-01
dst volume info
valid = 1  # volume info valid
filename = /out/sourcedata/freesurfer/sub-v1s3x0050806_ses-1/mri/norm.mgz
volume = 256 256 256
voxelsize = 1.000000000000000e+00 1.000000000000000e+00 1.000000000000000e+00
xras   = -1.000000000000000e+00 0.000000000000000e+00 0.000000000000000e+00
yras   = 0.000000000000000e+00 0.000000000000000e+00 -1.000000000000000e+00
zras   = 0.000000000000000e+00 1.000000000000000e+00 0.000000000000000e+00
cras   = 1.986145019531250e+00 -5.355445861816406e+00 4.834213256835938e-01
