# transform file /out/sourcedata/freesurfer/sub-v1s3x0050773_ses-1/mri/transforms/cc_up.lta
# created by oesteban on Tue Mar 10 00:28:22 2026

type      = 0 # LINEAR_VOX_TO_VOX
nxforms   = 1
mean      = 128.0000 140.0000 127.0000
sigma     = 10000.0000
1 4 4
9.991697072982788e-01 -3.726635128259659e-02 1.646151579916477e-02 2.536176443099976e+00 
3.726129233837128e-02 9.993053078651428e-01 6.138870376162231e-04 3.275046110153198e+00 
-1.647295802831650e-02 0.000000000000000e+00 9.998642802238464e-01 6.108896255493164e+00 
0.000000000000000e+00 0.000000000000000e+00 0.000000000000000e+00 1.000000000000000e+00 
src volume info
valid = 1  # volume info valid
filename = /out/sourcedata/freesurfer/sub-v1s3x0050773_ses-1/mri/norm.mgz
volume = 256 256 256
voxelsize = 1.000000000000000e+00 1.000000000000000e+00 1.000000000000000e+00
xras   = -1.000000000000000e+00 0.000000000000000e+00 0.000000000000000e+00
yras   = 0.000000000000000e+00 0.000000000000000e+00 -1.000000000000000e+00
zras   = 0.000000000000000e+00 1.000000119209290e+00 0.000000000000000e+00
cras   = 7.396621704101562e-01 -2.493724822998047e+01 2.218497467041016e+01
dst volume info
valid = 1  # volume info valid
filename = /out/sourcedata/freesurfer/sub-v1s3x0050773_ses-1/mri/norm.mgz
volume = 256 256 256
voxelsize = 1.000000000000000e+00 1.000000000000000e+00 1.000000000000000e+00
xras   = -1.000000000000000e+00 0.000000000000000e+00 0.000000000000000e+00
yras   = 0.000000000000000e+00 0.000000000000000e+00 -1.000000000000000e+00
zras   = 0.000000000000000e+00 1.000000119209290e+00 0.000000000000000e+00
cras   = 7.396621704101562e-01 -2.493724822998047e+01 2.218497467041016e+01
