#Insight Transform File V1.0
#Transform 0
Transform: AffineTransform_float_3_3
Parameters: 1 0.00043996 -0.000232325 -0.000438042 0.999965 0.0083711 0.000235675 -0.0083709 0.999965 0.0611129 0.104007 -0.329374
FixedParameters: 0 0 0

#Transform 1
Transform: AffineTransform_float_3_3
Parameters: 0.999999 0.000842967 7.44368e-06 -0.000843028 0.99996 0.00882999 4.43963e-07 -0.00883 0.999961 0.0559467 -0.0246685 -0.0839978
FixedParameters: 0 0 0

#Transform 2
Transform: AffineTransform_float_3_3
Parameters: 0.999999 0.000634013 -0.000633005 -0.000629986 0.99998 0.0063204 0.000636994 -0.0063196 0.99998 0.017401 0.0368449 -0.00241164
FixedParameters: 0 0 0

#Transform 3
Transform: AffineTransform_float_3_3
Parameters: 0.999999 0.000615567 -0.00126687 -0.000606432 0.999977 0.00675178 0.00127112 -0.00675123 0.999977 -0.00787838 0.0288848 -0.0787152
FixedParameters: 0 0 0

#Transform 4
Transform: AffineTransform_float_3_3
Parameters: 1 0.00106911 -0.000261509 -0.00106688 0.999968 0.00795029 0.000270491 -0.00795072 0.999969 0.00346584 0.0567667 0.215843
FixedParameters: 0 0 0

#Transform 5
Transform: AffineTransform_float_3_3
Parameters: 1 0.000945841 -0.000723717 -0.000941158 0.999978 0.00665969 0.000730283 -0.00665831 0.999977 0.0177509 0.0162666 -0.0425824
FixedParameters: 0 0 0

#Transform 6
Transform: AffineTransform_float_3_3
Parameters: 1 0.000902338 -0.000463477 -0.000900665 0.999987 0.00501942 0.000467527 -0.00501858 0.999988 0.000914327 -0.0129502 -0.0676498
FixedParameters: 0 0 0

#Transform 7
Transform: AffineTransform_float_3_3
Parameters: 1 0.000583262 -4.14673e-05 -0.000583735 0.999982 0.00605803 4.55371e-05 -0.00605798 0.999981 0.00127271 0.0259014 -0.0797088
FixedParameters: 0 0 0

#Transform 8
Transform: AffineTransform_float_3_3
Parameters: 0.999999 0.000983481 -7.60139e-05 -0.000983519 0.999981 0.00608808 8.19891e-05 -0.00608793 0.999982 0.00770765 0.00788213 -0.0351437
FixedParameters: 0 0 0

#Transform 9
Transform: AffineTransform_float_3_3
Parameters: 1 0.00092257 0.000710787 -0.000927431 0.99998 0.00625735 -0.00070521 -0.00625866 0.99998 -0.010251 0.0910273 0.196547
FixedParameters: 0 0 0

#Transform 10
Transform: AffineTransform_float_3_3
Parameters: 0.999999 0.00125304 0.000909275 -0.00125897 0.999977 0.00658786 -0.000901724 -0.00658913 0.999978 -0.0250745 0.0736139 0.276033
FixedParameters: 0 0 0

#Transform 11
Transform: AffineTransform_float_3_3
Parameters: 0.999999 0.00066181 0.000442296 -0.000664189 0.999988 0.00497171 -0.000438704 -0.0049713 0.999988 -0.00207871 0.0283944 0.0552159
FixedParameters: 0 0 0

#Transform 12
Transform: AffineTransform_float_3_3
Parameters: 0.999999 -0.000510505 0.00169476 0.000512496 0.999999 -0.00147213 -0.00169425 0.00147287 0.999998 0.0365292 -0.0130101 -0.0226559
FixedParameters: 0 0 0

#Transform 13
Transform: AffineTransform_float_3_3
Parameters: 0.999999 -2.16423e-05 0.00154102 2.33576e-05 0.999999 -0.000880965 -0.00154098 0.000881034 0.999999 0.016598 0.00634075 -0.0399942
FixedParameters: 0 0 0

#Transform 14
Transform: AffineTransform_float_3_3
Parameters: 0.999999 -2.25446e-05 0.00149301 2.34553e-05 1 -0.000304965 -0.00149299 0.000305034 0.999999 0.0168341 0.0219517 -0.0436828
FixedParameters: 0 0 0

#Transform 15
Transform: AffineTransform_float_3_3
Parameters: 1 0.000249027 0.000289977 -0.000248973 1 -9.20722e-05 -0.000290023 9.19278e-05 1 0.00695096 0.041005 0.107493
FixedParameters: 0 0 0

#Transform 16
Transform: AffineTransform_float_3_3
Parameters: 0.999999 0.000226833 0.000705053 -0.000227167 1 0.00023684 -0.000704946 -0.00023716 0.999999 -0.00921887 -0.0368782 0.0422421
FixedParameters: 0 0 0

#Transform 17
Transform: AffineTransform_float_3_3
Parameters: 1 -2.31671e-05 0.000704994 2.28329e-05 1 0.000237016 -0.000705005 -0.000236984 0.999999 -0.00998301 0.0122106 0.024536
FixedParameters: 0 0 0

#Transform 18
Transform: AffineTransform_float_3_3
Parameters: 1 0.000390889 0.000165263 -0.000390111 0.999999 0.000673935 -0.000164737 -0.000674064 1 -0.0148186 0.0065151 0.105454
FixedParameters: 0 0 0

#Transform 19
Transform: AffineTransform_float_3_3
Parameters: 1 0.00041011 0.000294847 -0.00040989 1 -0.000374121 -0.000294153 0.000373879 1 -0.00470429 -0.0269436 0.0542742
FixedParameters: 0 0 0

#Transform 20
Transform: AffineTransform_float_3_3
Parameters: 1 0.000278968 -2.04344e-05 -0.000279032 0.999998 -0.00155699 2.05656e-05 0.00155701 0.999999 -0.00889732 -0.0354599 -0.0376506
FixedParameters: 0 0 0

#Transform 21
Transform: AffineTransform_float_3_3
Parameters: 1 8.79931e-06 0.000232008 -9.20067e-06 0.999999 0.000864997 -0.000231992 -0.000865001 0.999999 -0.0119475 -0.0365028 0.0225156
FixedParameters: 0 0 0

#Transform 22
Transform: AffineTransform_float_3_3
Parameters: 1 0.00041022 -8.39328e-05 -0.000409782 0.999996 0.00260203 8.40665e-05 -0.00260196 0.999996 -0.0132276 0.0129595 0.0199074
FixedParameters: 0 0 0

#Transform 23
Transform: AffineTransform_float_3_3
Parameters: 0.999999 0.000935905 -5.36725e-05 -0.000936095 0.999998 -0.00178695 5.23273e-05 0.00178705 0.999999 -0.0533298 0.00417362 -0.0680193
FixedParameters: 0 0 0

#Transform 24
Transform: AffineTransform_float_3_3
Parameters: 0.999999 0.000187009 -0.000763243 -0.00018799 0.999999 -0.00129786 0.000762756 0.00129814 0.999999 -0.0182192 0.00988508 -0.0236975
FixedParameters: 0 0 0

#Transform 25
Transform: AffineTransform_float_3_3
Parameters: 1 6.73919e-05 -0.000640064 -6.76079e-05 0.999999 -0.000949957 0.000639936 0.000950043 1 -0.0138593 0.0150623 -0.00908432
FixedParameters: 0 0 0

#Transform 26
Transform: AffineTransform_float_3_3
Parameters: 1 -0.000270303 -0.000639872 0.000270696 1 -0.000474173 0.000640128 0.000473827 0.999999 -0.00920036 -0.0278871 -0.0271172
FixedParameters: 0 0 0

#Transform 27
Transform: AffineTransform_float_3_3
Parameters: 0.999999 -0.00050482 -0.000640569 0.000503178 0.999996 -0.00283832 0.00064243 0.00283768 0.999996 -0.0250024 0.0211167 -0.22161
FixedParameters: 0 0 0

#Transform 28
Transform: AffineTransform_float_3_3
Parameters: 1 0.000328196 -0.000269762 -0.000327804 0.999999 0.000726088 0.000270238 -0.000725911 0.999999 -0.00632375 0.0326613 -0.193108
FixedParameters: 0 0 0

#Transform 29
Transform: AffineTransform_float_3_3
Parameters: 1 -0.000344926 -0.0001272 0.000345074 1 0.000580956 0.000126799 -0.000581044 1 0.00404345 -0.0533173 0.114748
FixedParameters: 0 0 0

#Transform 30
Transform: AffineTransform_float_3_3
Parameters: 1 0.000252826 0.000135325 -0.000253173 0.999999 0.00128397 -0.000134675 -0.00128403 0.999999 -0.0237565 -0.0175941 0.175576
FixedParameters: 0 0 0

#Transform 31
Transform: AffineTransform_float_3_3
Parameters: 1 0.000152815 0.000114248 -0.000153185 0.999998 0.00162198 -0.000113752 -0.00162202 0.999998 -0.0171265 -0.0274119 -0.0181275
FixedParameters: 0 0 0

#Transform 32
Transform: AffineTransform_float_3_3
Parameters: 1 -0.000266327 0.000148415 0.000265674 0.999998 0.00219904 -0.000148585 -0.00219896 0.999997 -0.00454105 0.0378317 -0.00963045
FixedParameters: 0 0 0

#Transform 33
Transform: AffineTransform_float_3_3
Parameters: 1 0.000237868 0.000445606 -0.00023913 0.999996 0.00254089 -0.000444394 -0.0025411 0.999996 -0.00897245 -0.0697212 -0.0957649
FixedParameters: 0 0 0

#Transform 34
Transform: AffineTransform_float_3_3
Parameters: 1 0.000541509 -0.000180478 -0.000541489 0.999996 0.0028111 0.000182523 -0.0028109 0.999996 -0.00329908 -0.0224636 -0.145075
FixedParameters: 0 0 0

#Transform 35
Transform: AffineTransform_float_3_3
Parameters: 1 0.000336019 -0.000357044 -0.000334981 0.999996 0.00285012 0.000357956 -0.00284988 0.999996 -0.0065066 -0.0511578 -0.142213
FixedParameters: 0 0 0

#Transform 36
Transform: AffineTransform_float_3_3
Parameters: 1 0.000435092 -0.00030143 -0.000433906 0.999994 0.00361313 0.00030357 -0.00361287 0.999994 -0.0072447 0.00669917 -0.13019
FixedParameters: 0 0 0

#Transform 37
Transform: AffineTransform_float_3_3
Parameters: 1 0.00047529 -0.000356285 -0.000473711 0.999994 0.00361317 0.000357714 -0.00361283 0.999994 0.00930528 -0.057045 -0.115569
FixedParameters: 0 0 0

#Transform 38
Transform: AffineTransform_float_3_3
Parameters: 1 0.00039154 -0.000148586 -0.000391459 0.999994 0.00361306 0.000150415 -0.00361294 0.999994 0.00327358 -0.009786 -0.139902
FixedParameters: 0 0 0

#Transform 39
Transform: AffineTransform_float_3_3
Parameters: 1 0.000302292 -0.00035691 -0.000300708 0.999994 0.00361311 0.000358089 -0.0036129 0.999994 0.00681002 -0.0263211 -0.157185
FixedParameters: 0 0 0

#Transform 40
Transform: AffineTransform_float_3_3
Parameters: 0.999999 -0.000229825 0.00123029 0.000226177 0.999995 0.00310728 -0.00123071 -0.00310772 0.999995 0.0310099 -0.0159251 -0.129958
FixedParameters: 0 0 0

#Transform 41
Transform: AffineTransform_float_3_3
Parameters: 0.999999 0.00056547 0.00123448 -0.000573528 0.999981 0.0061083 -0.00123052 -0.0061087 0.99998 -0.00828575 -0.0212587 -0.0858305
FixedParameters: 0 0 0

#Transform 42
Transform: AffineTransform_float_3_3
Parameters: 0.999997 0.000812293 0.00233411 -0.000823707 0.999987 0.00501909 -0.00232989 -0.00502091 0.999984 -0.032597 0.012523 0.21549
FixedParameters: 0 0 0

#Transform 43
Transform: AffineTransform_float_3_3
Parameters: 0.999998 0.000617105 0.00180871 -0.000624897 0.999991 0.00436788 -0.00180629 -0.00436912 0.999989 -0.0112631 -0.0335481 0.00104411
FixedParameters: 0 0 0

#Transform 44
Transform: AffineTransform_float_3_3
Parameters: 0.999998 0.000586233 0.00183615 -0.000595765 0.999985 0.00532291 -0.00183285 -0.00532408 0.999984 0.000261226 -0.0219029 -0.00309215
FixedParameters: 0 0 0

#Transform 45
Transform: AffineTransform_float_3_3
Parameters: 0.999998 0.000736859 0.00153844 -0.000744144 0.999989 0.00464686 -0.00153556 -0.00464714 0.999988 -0.00595201 -0.0186446 0.0168403
FixedParameters: 0 0 0

#Transform 46
Transform: AffineTransform_float_3_3
Parameters: 0.999999 0.000723245 0.00170631 -0.000730754 0.99999 0.00454876 -0.00170269 -0.00455024 0.999988 -0.00962321 -0.0184537 0.016283
FixedParameters: 0 0 0

#Transform 47
Transform: AffineTransform_float_3_3
Parameters: 0.999999 0.000744577 0.00170426 -0.000751422 0.99999 0.00435873 -0.00170074 -0.00436028 0.999989 -0.0145952 -0.046159 -0.0574162
FixedParameters: 0 0 0

#Transform 48
Transform: AffineTransform_float_3_3
Parameters: 0.999998 0.000711458 0.00150212 -0.000717541 0.99999 0.00435893 -0.00149889 -0.00436008 0.99999 -0.00809737 -0.0386408 -0.0654341
FixedParameters: 0 0 0

#Transform 49
Transform: AffineTransform_float_3_3
Parameters: 0.999998 0.000736925 0.00153094 -0.000743074 0.999992 0.00397087 -0.00152806 -0.00397213 0.999991 -0.0161428 -0.0809563 -0.100442
FixedParameters: 0 0 0

#Transform 50
Transform: AffineTransform_float_3_3
Parameters: 0.999998 0.000702089 0.00146636 -0.000706909 0.999994 0.00335097 -0.00146364 -0.00335203 0.999994 -0.00861485 -0.0473429 -0.11265
FixedParameters: 0 0 0

#Transform 51
Transform: AffineTransform_float_3_3
Parameters: 0.999998 -0.000467635 0.0020624 0.000465364 0.999999 0.00127796 -0.0020636 -0.00127704 0.999997 0.0424662 -0.102432 -0.214156
FixedParameters: 0 0 0

#Transform 52
Transform: AffineTransform_float_3_3
Parameters: 0.999996 -0.000401696 0.00259928 0.000397302 0.999999 0.00180704 -0.00260072 -0.00180596 0.999995 0.0484583 -0.0992227 -0.235862
FixedParameters: 0 0 0

#Transform 53
Transform: AffineTransform_float_3_3
Parameters: 0.999996 -0.000127849 0.00259972 0.000122152 0.999998 0.00224933 -0.00260028 -0.00224968 0.999994 0.0484821 -0.108964 -0.232888
FixedParameters: 0 0 0

#Transform 54
Transform: AffineTransform_float_3_3
Parameters: 0.999993 -0.00150265 0.003402 0.00148835 0.999991 0.00401209 -0.003408 -0.00400691 0.999986 0.0735591 -0.109329 -0.107804
FixedParameters: 0 0 0

#Transform 55
Transform: AffineTransform_float_3_3
Parameters: 0.99999 -0.00210238 0.00378157 0.00209862 0.999997 0.00116295 -0.00378343 -0.00115506 0.999992 0.115554 -0.113383 -0.153184
FixedParameters: 0 0 0

#Transform 56
Transform: AffineTransform_float_3_3
Parameters: 0.999994 -0.00183326 0.00301888 0.00183774 0.999997 -0.00156746 -0.00301612 0.00157354 0.999994 0.0951222 -0.132923 -0.215499
FixedParameters: 0 0 0

#Transform 57
Transform: AffineTransform_float_3_3
Parameters: 0.999996 -0.00227272 0.00199562 0.00228228 0.999986 -0.00466047 -0.00198438 0.00466453 0.999987 0.0980807 -0.183187 -0.241109
FixedParameters: 0 0 0

#Transform 58
Transform: AffineTransform_float_3_3
Parameters: 0.999997 -0.00225395 0.00145654 0.00226206 0.999982 -0.00555272 -0.00144446 0.00555627 0.999983 0.0867086 -0.185536 -0.143956
FixedParameters: 0 0 0

#Transform 59
Transform: AffineTransform_float_3_3
Parameters: 0.999997 -0.00182816 0.0015735 0.00183783 0.999978 -0.00627212 -0.0015615 0.00627487 0.999979 0.103257 -0.222044 -0.217361
FixedParameters: 0 0 0

#Transform 60
Transform: AffineTransform_float_3_3
Parameters: 0.999995 -0.00150215 0.0025131 0.00150884 0.999995 -0.00272422 -0.00250889 0.00272878 0.999993 0.0539547 -0.184226 -0.161306
FixedParameters: 0 0 0

#Transform 61
Transform: AffineTransform_float_3_3
Parameters: 0.999995 -0.00182767 0.00254346 0.00183833 0.99999 -0.00406435 -0.00253555 0.00406866 0.999989 0.0837014 -0.196913 -0.255302
FixedParameters: 0 0 0

#Transform 62
Transform: AffineTransform_float_3_3
Parameters: 0.999995 -0.00183195 0.00231879 0.00183804 0.999995 -0.00260775 -0.00231321 0.00261225 0.999994 0.0822027 -0.187364 -0.217218
FixedParameters: 0 0 0

#Transform 63
Transform: AffineTransform_float_3_3
Parameters: 0.999998 -0.00031853 0.00191626 0.000325468 0.999993 -0.00389838 -0.00191474 0.00389962 0.99999 0.0188244 -0.192735 -0.103935
FixedParameters: 0 0 0

#Transform 64
Transform: AffineTransform_float_3_3
Parameters: 0.999995 -0.00160363 0.00249933 0.00161437 0.999989 -0.00455498 -0.00249167 0.00455902 0.999986 0.0927052 -0.28605 -0.131971
FixedParameters: 0 0 0

#Transform 65
Transform: AffineTransform_float_3_3
Parameters: 0.999991 -0.00137123 0.00382451 0.00139177 0.999985 -0.00543272 -0.00381749 0.00543828 0.999978 0.0974036 -0.246477 -0.0836544
FixedParameters: 0 0 0

#Transform 66
Transform: AffineTransform_float_3_3
Parameters: 0.999996 -0.00138126 0.00243968 0.00139274 0.999988 -0.00481663 -0.00243332 0.00481938 0.999986 0.0865395 -0.294916 -0.16326
FixedParameters: 0 0 0

#Transform 67
Transform: AffineTransform_float_3_3
Parameters: 0.999997 -0.0015217 0.00218521 0.0015323 0.999987 -0.00471966 -0.00217779 0.00472333 0.999986 0.0853338 -0.248281 -0.14558
FixedParameters: 0 0 0

#Transform 68
Transform: AffineTransform_float_3_3
Parameters: 0.999998 -0.000986116 0.00208917 0.000996883 0.999986 -0.00521493 -0.00208383 0.00521707 0.999984 0.0580784 -0.313436 -0.170968
FixedParameters: 0 0 0

#Transform 69
Transform: AffineTransform_float_3_3
Parameters: 0.999997 -0.00139967 0.00223514 0.00141034 0.999986 -0.00507786 -0.00222787 0.00508113 0.999984 0.07076 -0.276605 -0.159779
FixedParameters: 0 0 0

#Transform 70
Transform: AffineTransform_float_3_3
Parameters: 0.999995 -0.00166714 0.00267694 0.00168386 0.999981 -0.00593252 -0.00266705 0.00593647 0.999979 0.0771587 -0.295896 -0.0634666
FixedParameters: 0 0 0

#Transform 71
Transform: AffineTransform_float_3_3
Parameters: 0.999997 -0.00196762 0.00160556 0.00197738 0.999981 -0.00586184 -0.00159443 0.00586515 0.999981 0.0868641 -0.303466 -0.164118
FixedParameters: 0 0 0

#Transform 72
Transform: AffineTransform_float_3_3
Parameters: 0.999996 -0.00239289 0.00145246 0.00240111 0.999982 -0.00561154 -0.00143854 0.00561547 0.999983 0.114101 -0.300488 -0.232833
FixedParameters: 0 0 0

#Transform 73
Transform: AffineTransform_float_3_3
Parameters: 0.999996 -0.00253743 0.00126727 0.00254457 0.999978 -0.0060078 -0.00125273 0.0060112 0.999981 0.118619 -0.358429 -0.252985
FixedParameters: 0 0 0

#Transform 74
Transform: AffineTransform_float_3_3
Parameters: 0.999997 -0.00166884 0.00213457 0.00168117 0.999983 -0.00570944 -0.00212543 0.00571357 0.999982 0.0688619 -0.318829 -0.306105
FixedParameters: 0 0 0

#Transform 75
Transform: AffineTransform_float_3_3
Parameters: 0.999999 -0.000163005 0.00131502 0.000170996 0.999982 -0.00608278 -0.00131398 0.00608222 0.99998 0.0291171 -0.311043 -0.300592
FixedParameters: 0 0 0

#Transform 76
Transform: AffineTransform_float_3_3
Parameters: 0.999998 -0.00050819 0.00164575 0.000516811 0.999985 -0.00535716 -0.00164325 0.00535784 0.999985 0.0257299 -0.311855 -0.274327
FixedParameters: 0 0 0

#Transform 77
Transform: AffineTransform_float_3_3
Parameters: 0.999998 -0.000597836 0.0015346 0.000607166 0.999982 -0.00597808 -0.0015314 0.00597892 0.999981 0.0241048 -0.323212 -0.305671
FixedParameters: 0 0 0

#Transform 78
Transform: AffineTransform_float_3_3
Parameters: 0.999997 -0.00211141 0.00137825 0.00211959 0.999978 -0.0062611 -0.00136475 0.0062639 0.999979 0.113059 -0.331525 0.0283599
FixedParameters: 0 0 0

#Transform 79
Transform: AffineTransform_float_3_3
Parameters: 0.999999 -0.00184736 -0.000173052 0.00184564 0.99997 -0.00755333 0.000186945 0.00755267 0.999972 0.0720546 -0.366371 0.1255
FixedParameters: 0 0 0

#Transform 80
Transform: AffineTransform_float_3_3
Parameters: 0.999999 -0.000614 -0.000623084 0.000610001 0.99998 -0.00639939 0.000626916 0.00639862 0.99998 0.04261 -0.393985 -0.12344
FixedParameters: 0 0 0

#Transform 81
Transform: AffineTransform_float_3_3
Parameters: 0.999999 -0.00185502 -0.000131261 0.00185398 0.999971 -0.00740825 0.000144738 0.00740774 0.999972 0.0702792 -0.387693 -0.0903858
FixedParameters: 0 0 0

#Transform 82
Transform: AffineTransform_float_3_3
Parameters: 0.999996 -0.00192442 0.00181443 0.00193757 0.999974 -0.00695651 -0.00180056 0.00696049 0.999974 0.0838989 -0.385543 -0.137531
FixedParameters: 0 0 0

#Transform 83
Transform: AffineTransform_float_3_3
Parameters: 0.999997 -0.00187572 0.00162991 0.00188628 0.999978 -0.00632994 -0.00161809 0.00633305 0.999978 0.074423 -0.394934 -0.186932
FixedParameters: 0 0 0

#Transform 84
Transform: AffineTransform_float_3_3
Parameters: 0.999999 -0.00100174 0.000816496 0.00100726 0.999978 -0.00646718 -0.000809502 0.00646881 0.999979 0.027557 -0.378344 -0.193325
FixedParameters: 0 0 0

#Transform 85
Transform: AffineTransform_float_3_3
Parameters: 1 -0.000624162 -1.93355e-05 0.000623833 0.999972 -0.00747401 2.46632e-05 0.00747399 0.999972 0.0173006 -0.38614 0.00834399
FixedParameters: 0 0 0

#Transform 86
Transform: AffineTransform_float_3_3
Parameters: 0.999999 -0.000785133 -1.52407e-05 0.000784868 0.999973 -0.00733601 2.07583e-05 0.00733599 0.999973 0.0274789 -0.432958 -0.0187301
FixedParameters: 0 0 0

#Transform 87
Transform: AffineTransform_float_3_3
Parameters: 0.999999 -0.00087892 -0.000133055 0.000877079 0.999976 -0.00676712 0.000138939 0.00676788 0.999977 0.0236521 -0.421449 -0.0556824
FixedParameters: 0 0 0

#Transform 88
Transform: AffineTransform_float_3_3
Parameters: 0.999999 -0.00078811 -0.000390789 0.000784887 0.999968 -0.0078963 0.00039721 0.00789668 0.999968 0.0290767 -0.446262 -0.193214
FixedParameters: 0 0 0

#Transform 89
Transform: AffineTransform_float_3_3
Parameters: 0.999999 -0.000761127 -0.0004214 0.000757875 0.999972 -0.00737232 0.000426598 0.00737167 0.999972 0.0289448 -0.405756 -0.226863
FixedParameters: 0 0 0

#Transform 90
Transform: AffineTransform_float_3_3
Parameters: 0.999999 -0.000648617 -0.000505391 0.000644385 0.999975 -0.00712533 0.000509604 0.00712468 0.999975 0.0181832 -0.423689 -0.252584
FixedParameters: 0 0 0

#Transform 91
Transform: AffineTransform_float_3_3
Parameters: 0.999999 -0.000772306 -0.000504977 0.000768692 0.999978 -0.00651739 0.00051002 0.0065166 0.999978 0.0293163 -0.402219 -0.25801
FixedParameters: 0 0 0

#Transform 92
Transform: AffineTransform_float_3_3
Parameters: 1 -0.000930395 -0.000456147 0.000927606 0.999986 -0.00522343 0.000460851 0.00522257 0.999987 0.0302777 -0.38572 -0.256618
FixedParameters: 0 0 0

#Transform 93
Transform: AffineTransform_float_3_3
Parameters: 1 -0.000759455 -0.000653005 0.000755546 0.999986 -0.00527349 0.000656994 0.0052735 0.999986 0.0299771 -0.384191 -0.286255
FixedParameters: 0 0 0

#Transform 94
Transform: AffineTransform_float_3_3
Parameters: 1 -0.000705338 -0.000968416 0.000698666 0.999979 -0.00652869 0.000972583 0.00652832 0.999978 0.0286427 -0.44374 0.0287663
FixedParameters: 0 0 0

#Transform 95
Transform: AffineTransform_float_3_3
Parameters: 0.999998 -0.00081714 -0.001504 0.000805861 0.999973 -0.00739222 0.00151 0.00739178 0.999971 0.0335383 -0.500054 0.0467394
FixedParameters: 0 0 0

#Transform 96
Transform: AffineTransform_float_3_3
Parameters: 0.999999 -0.000839684 -0.00125389 0.000832315 0.999981 -0.00611605 0.00125911 0.00611495 0.99998 0.0169589 -0.434688 -0.0683298
FixedParameters: 0 0 0

#Transform 97
Transform: AffineTransform_float_3_3
Parameters: 1 -0.000585263 -0.000884541 0.000579742 0.999982 -0.00593752 0.000887458 0.00593749 0.999982 0.0396819 -0.441568 -0.126635
FixedParameters: 0 0 0

#Transform 98
Transform: AffineTransform_float_3_3
Parameters: 0.999997 -0.00176792 -0.00129592 0.00175908 0.999975 -0.00685129 0.00130808 0.0068497 0.999975 0.0613306 -0.416986 -0.0337732
FixedParameters: 0 0 0

#Transform 99
Transform: AffineTransform_float_3_3
Parameters: 0.999998 -0.00146441 -0.000865244 0.00145859 0.999972 -0.00736127 0.000875759 0.00735972 0.999972 0.0645297 -0.445368 0.00164328
FixedParameters: 0 0 0

#Transform 100
Transform: AffineTransform_float_3_3
Parameters: 1 -0.000471545 -0.000459401 0.000468457 0.999984 -0.00552521 0.000461595 0.00552478 0.999984 0.0412846 -0.478871 0.0279541
FixedParameters: 0 0 0

#Transform 101
Transform: AffineTransform_float_3_3
Parameters: 0.999999 -0.00128276 0.000244595 0.00128424 0.999986 -0.00513869 -0.000238403 0.00513931 0.999987 0.0541529 -0.552898 0.00343561
FixedParameters: 0 0 0

#Transform 102
Transform: AffineTransform_float_3_3
Parameters: 0.999995 -0.000778803 0.00304331 0.000780195 0.999999 -0.000391628 -0.00304369 0.000394372 0.999996 0.0933269 -0.445153 0.060324
FixedParameters: 0 0 0

#Transform 103
Transform: AffineTransform_float_3_3
Parameters: 0.999998 -0.000146538 0.00159713 0.000148461 0.999999 -0.000914764 -0.00159686 0.000915235 0.999999 0.0557224 -0.479141 0.0065542
FixedParameters: 0 0 0

#Transform 104
Transform: AffineTransform_float_3_3
Parameters: 1 0.000478756 0.000906602 -0.000478243 0.999999 -0.000834434 -0.0009074 0.000833566 0.999999 0.0725321 -0.481883 0.011994
FixedParameters: 0 0 0

#Transform 105
Transform: AffineTransform_float_3_3
Parameters: 0.999998 -0.0001632 0.00199248 0.000168801 0.999995 -0.00291067 -0.00199252 0.00291133 0.999994 0.0825095 -0.514696 -0.0159296
FixedParameters: 0 0 0

#Transform 106
Transform: AffineTransform_float_3_3
Parameters: 0.999998 0.00058712 0.00182168 -0.00058388 0.999998 -0.00226107 -0.00182332 0.00225993 0.999996 0.0416379 -0.498618 0.278007
FixedParameters: 0 0 0

#Transform 107
Transform: AffineTransform_float_3_3
Parameters: 0.999999 4.59934e-05 0.000786831 -4.30059e-05 0.999993 -0.00380404 -0.000787169 0.00380397 0.999993 0.0627428 -0.557865 0.122306
FixedParameters: 0 0 0

#Transform 108
Transform: AffineTransform_float_3_3
Parameters: 1 3.43734e-05 0.000700887 -3.16262e-05 0.999995 -0.00338602 -0.000701111 0.00338598 0.999994 0.0661191 -0.542781 0.128206
FixedParameters: 0 0 0

#Transform 109
Transform: AffineTransform_float_3_3
Parameters: 0.999999 -0.000723273 0.000153469 0.00072373 0.999988 -0.00479389 -0.000150532 0.00479411 0.999989 0.0944474 -0.551938 0.103062
FixedParameters: 0 0 0

#Transform 110
Transform: AffineTransform_float_3_3
Parameters: 1 -0.00111705 -0.000194025 0.00111595 0.999985 -0.00535122 0.000199975 0.00535178 0.999985 0.0940017 -0.597285 0.102393
FixedParameters: 0 0 0

#Transform 111
Transform: AffineTransform_float_3_3
Parameters: 0.999999 -0.000689217 0.00129127 0.000698788 0.999971 -0.00759111 -0.00128673 0.0075919 0.999971 0.0851778 -0.563764 0.126076
FixedParameters: 0 0 0

#Transform 112
Transform: AffineTransform_float_3_3
Parameters: 0.999999 -0.000197454 0.000899785 0.000200546 0.999992 -0.00394182 -0.000899216 0.00394218 0.999992 0.0713986 -0.566844 0.125563
FixedParameters: 0 0 0

#Transform 113
Transform: AffineTransform_float_3_3
Parameters: 1 -0.000571378 0.00101348 0.00057362 0.999996 -0.00258842 -0.00101152 0.00258958 0.999996 0.102548 -0.561724 0.0656964
FixedParameters: 0 0 0

#Transform 114
Transform: AffineTransform_float_3_3
Parameters: 0.999999 -0.000104823 0.000951242 0.00010618 0.999998 -0.0022899 -0.000951759 0.0022891 0.999997 0.0800023 -0.557482 0.0445781
FixedParameters: 0 0 0

#Transform 115
Transform: AffineTransform_float_3_3
Parameters: 0.999999 0.000618055 0.00120043 -0.000614945 0.999996 -0.00254474 -0.00120157 0.00254326 0.999996 0.0433365 -0.556031 0.289461
FixedParameters: 0 0 0

#Transform 116
Transform: AffineTransform_float_3_3
Parameters: 0.999997 0.00043606 0.0023497 -0.000428943 0.999996 -0.00300402 -0.0023503 0.00300298 0.999992 0.0457202 -0.678704 0.377162
FixedParameters: 0 0 0

#Transform 117
Transform: AffineTransform_float_3_3
Parameters: 0.999998 -0.000202657 0.0015993 0.000204343 0.999999 -0.00146467 -0.0015997 0.00146533 0.999997 0.0622254 -0.611456 0.251416
FixedParameters: 0 0 0

#Transform 118
Transform: AffineTransform_float_3_3
Parameters: 0.999999 0.0011695 0.00127306 -0.00116251 0.999987 -0.00509149 -0.00127893 0.00508951 0.999986 0.0373088 -0.636647 0.18995
FixedParameters: 0 0 0

#Transform 119
Transform: AffineTransform_float_3_3
Parameters: 0.999997 0.000747529 0.00198818 -0.000739472 0.999992 -0.00378448 -0.00199081 0.00378352 0.999991 0.0494635 -0.613139 0.216468
FixedParameters: 0 0 0

#Transform 120
Transform: AffineTransform_float_3_3
Parameters: 0.999998 0.000298588 0.00230203 -0.000290412 0.999994 -0.00329568 -0.00230297 0.00329532 0.999992 0.0748018 -0.707021 0.138468
FixedParameters: 0 0 0

#Transform 121
Transform: AffineTransform_float_3_3
Parameters: 0.999998 0.000296282 0.00206225 -0.000290717 0.999996 -0.0025616 -0.00206275 0.00256039 0.999994 0.0757297 -0.625318 0.142983
FixedParameters: 0 0 0

#Transform 122
Transform: AffineTransform_float_3_3
Parameters: 0.999997 0.000545111 0.00206192 -0.000540888 0.999998 -0.00199412 -0.00206308 0.00199288 0.999996 0.0765426 -0.62131 0.156221
FixedParameters: 0 0 0

#Transform 123
Transform: AffineTransform_float_3_3
Parameters: 0.999998 0.00029862 0.00206191 -0.000290378 0.999993 -0.00369561 -0.00206309 0.00369439 0.999991 0.0757489 -0.639613 0.14555
FixedParameters: 0 0 0

#Transform 124
Transform: AffineTransform_float_3_3
Parameters: 0.999998 -4.45573e-06 0.00206301 8.54421e-06 0.999998 -0.00171799 -0.00206299 0.00171801 0.999997 0.0775128 -0.703028 0.101197
FixedParameters: 0 0 0

#Transform 125
Transform: AffineTransform_float_3_3
Parameters: 0.999999 -0.000531783 0.00139024 0.000535217 0.999997 -0.00231526 -0.00138876 0.00231574 0.999997 0.0966891 -0.637925 0.0896765
FixedParameters: 0 0 0

#Transform 126
Transform: AffineTransform_float_3_3
Parameters: 0.999997 -0.00145165 0.00185584 0.00145335 0.999998 -0.00126531 -0.00185416 0.0012687 0.999998 0.130783 -0.608525 0.111152
FixedParameters: 0 0 0

#Transform 127
Transform: AffineTransform_float_3_3
Parameters: 0.999998 0.0001814 0.00161484 -0.0001796 0.999999 -0.000867291 -0.00161416 0.000866708 0.999999 0.0700276 -0.611066 0.177853
FixedParameters: 0 0 0

#Transform 128
Transform: AffineTransform_float_3_3
Parameters: 0.999999 0.000372256 0.00151094 -0.000372743 1 -0.000170563 -0.00151106 0.000169438 0.999999 0.0678802 -0.603324 0.146715
FixedParameters: 0 0 0

#Transform 129
Transform: AffineTransform_float_3_3
Parameters: 0.999998 -9.52028e-05 0.00204313 9.77966e-05 0.999999 -0.0013688 -0.00204287 0.0013692 0.999997 0.0892902 -0.615697 0.100452
FixedParameters: 0 0 0

#Transform 130
Transform: AffineTransform_float_3_3
Parameters: 0.999998 -0.000435467 0.00193448 0.000441532 0.999994 -0.00337815 -0.00193252 0.00337885 0.999993 0.0924133 -0.650422 0.115023
FixedParameters: 0 0 0

#Transform 131
Transform: AffineTransform_float_3_3
Parameters: 0.999998 0.000445294 0.00204128 -0.000441704 0.999998 -0.0016149 -0.00204171 0.00161309 0.999996 0.0811198 -0.744669 0.137506
FixedParameters: 0 0 0

#Transform 132
Transform: AffineTransform_float_3_3
Parameters: 0.999999 0.00026938 0.00179479 -0.000267621 0.999999 -0.000768481 -0.00179521 0.000768517 0.999998 0.0924212 -0.656251 0.145608
FixedParameters: 0 0 0

#Transform 133
Transform: AffineTransform_float_3_3
Parameters: 0.999998 9.90773e-05 0.00201395 -9.79243e-05 1 -0.000534198 -0.00201405 0.000534801 0.999998 0.0873214 -0.69806 0.207487
FixedParameters: 0 0 0

#Transform 134
Transform: AffineTransform_float_3_3
Parameters: 0.999985 -0.000637599 0.00544723 0.000630403 0.999999 0.00121245 -0.00544877 -0.00120954 0.999985 0.13036 -0.616973 0.183303
FixedParameters: 0 0 0

#Transform 135
Transform: AffineTransform_float_3_3
Parameters: 0.999979 -3.08752e-05 0.00640495 2.01236e-05 0.999998 0.00169816 -0.00640504 -0.00169784 0.999978 0.0822309 -0.628993 0.198854
FixedParameters: 0 0 0

#Transform 136
Transform: AffineTransform_float_3_3
Parameters: 0.99999 4.23715e-05 0.00430701 -4.36276e-05 1 0.000377815 -0.00430698 -0.000378186 0.99999 0.069329 -0.618463 0.198161
FixedParameters: 0 0 0

#Transform 137
Transform: AffineTransform_float_3_3
Parameters: 0.999993 0.000125585 0.00387202 -0.000126413 1 0.000106511 -0.00387199 -0.000107487 0.999993 0.0625534 -0.640057 0.181796
FixedParameters: 0 0 0

#Transform 138
Transform: AffineTransform_float_3_3
Parameters: 0.999991 -0.000138016 0.00427403 0.000138986 1 -0.000230408 -0.00427397 0.000230592 0.999991 0.0595638 -0.647879 0.117014
FixedParameters: 0 0 0

#Transform 139
Transform: AffineTransform_float_3_3
Parameters: 0.999993 -0.000482443 0.00389594 0.000489558 0.999998 -0.00193911 -0.00389506 0.00194089 0.99999 0.0942293 -0.687903 0.0173543
FixedParameters: 0 0 0

#Transform 140
Transform: AffineTransform_float_3_3
Parameters: 0.999993 -0.000393927 0.00376069 0.000391071 0.999999 0.000779476 -0.0037613 -0.000777523 0.999992 0.0967876 -0.683748 0.106935
FixedParameters: 0 0 0

#Transform 141
Transform: AffineTransform_float_3_3
Parameters: 0.999991 -0.000454372 0.00417642 0.000449628 0.999999 0.00128689 -0.00417758 -0.00128511 0.999991 0.10393 -0.670664 0.0629304
FixedParameters: 0 0 0

#Transform 142
Transform: AffineTransform_float_3_3
Parameters: 0.999993 -2.68884e-05 0.00389399 2.51151e-05 1 0.000484102 -0.00389402 -0.000484899 0.999993 0.0647978 -0.663206 0.0350422
FixedParameters: 0 0 0

#Transform 143
Transform: AffineTransform_float_3_3
Parameters: 0.999992 -0.000273453 0.00382482 0.000270546 1 0.000642039 -0.00382517 -0.000640958 0.999992 0.0919285 -0.660883 0.387026
FixedParameters: 0 0 0

#Transform 144
Transform: AffineTransform_float_3_3
Parameters: 0.999995 -0.000521374 0.00314527 0.000523623 0.999999 -0.000515356 -0.00314473 0.000517642 0.999995 0.107571 -0.715421 0.163502
FixedParameters: 0 0 0

#Transform 145
Transform: AffineTransform_float_3_3
Parameters: 0.999996 -0.000535313 0.00268714 0.000536686 1 -0.000254559 -0.00268786 0.00025644 0.999997 0.115374 -0.677536 0.0724224
FixedParameters: 0 0 0

#Transform 146
Transform: AffineTransform_float_3_3
Parameters: 0.999996 0.000211329 0.0028659 -0.000209669 1 -0.000464603 -0.0028661 0.000463396 0.999996 0.103626 -0.753633 0.0337672
FixedParameters: 0 0 0

#Transform 147
Transform: AffineTransform_float_3_3
Parameters: 0.999996 0.00101211 0.00257114 -0.00101489 0.999999 0.00112339 -0.00256986 -0.00112561 0.999996 0.0877285 -0.722521 -0.0079238
FixedParameters: 0 0 0

#Transform 148
Transform: AffineTransform_float_3_3
Parameters: 0.999995 0.000659015 0.00286715 -0.000663985 0.999999 0.0017381 -0.00286585 -0.0017399 0.999995 0.090809 -0.699877 0.0753171
FixedParameters: 0 0 0

#Transform 149
Transform: AffineTransform_float_3_3
Parameters: 0.999994 0.000843851 0.0031881 -0.000848148 0.999999 0.0013003 -0.0031869 -0.0013027 0.999994 0.0829369 -0.726443 0.152506
FixedParameters: 0 0 0

#Transform 150
Transform: AffineTransform_float_3_3
Parameters: 0.999994 0.000659558 0.00322091 -0.000664441 0.999999 0.00137787 -0.00322009 -0.00138013 0.999994 0.0757179 -0.782382 0.0989633
FixedParameters: 0 0 0

#Transform 151
Transform: AffineTransform_float_3_3
Parameters: 0.999996 -0.000133358 0.00286594 0.000132641 1 0.000474382 -0.00286606 -0.00047362 0.999996 0.0755403 -0.738177 0.0650182
FixedParameters: 0 0 0

#Transform 152
Transform: AffineTransform_float_3_3
Parameters: 0.999996 0.000364951 0.00305313 -0.000366049 1 0.000342884 -0.00305388 -0.000344116 0.999996 0.0695144 -0.719793 0.230376
FixedParameters: 0 0 0

#Transform 153
Transform: AffineTransform_float_3_3
Parameters: 0.99998 -0.0025668 0.005658 0.0025692 0.999996 -0.000381471 -0.005657 0.000396528 0.999984 0.161379 -0.804599 0.164252
FixedParameters: 0 0 0

#Transform 154
Transform: AffineTransform_float_3_3
Parameters: 0.999989 -0.00113477 0.0045153 0.00113223 0.999999 0.000616119 -0.00451669 -0.000610881 0.999989 0.11738 -0.765657 0.137175
FixedParameters: 0 0 0

#Transform 155
Transform: AffineTransform_float_3_3
Parameters: 0.999994 -0.000346571 0.00348884 0.000344428 1 0.000451204 -0.00348915 -0.000449793 0.999994 0.0926124 -0.735237 0.206542
FixedParameters: 0 0 0
