#Insight Transform File V1.0
#Transform 0
Transform: AffineTransform_float_3_3
Parameters: 1 0.000676072 -0.000678935 -0.000674928 0.999998 0.00157746 0.000680066 -0.00157754 0.999998 0.0398226 0.131075 -0.172976
FixedParameters: 0 0 0

#Transform 1
Transform: AffineTransform_float_3_3
Parameters: 1 0.000625608 0.000204205 -0.000626392 0.999998 0.00192587 -0.000202794 -0.00192613 0.999998 0.00282804 0.167735 0.00829623
FixedParameters: 0 0 0

#Transform 2
Transform: AffineTransform_float_3_3
Parameters: 1 0.000610035 -1.78446e-05 -0.000609967 0.999998 0.00189401 1.81553e-05 -0.00189399 0.999998 0.0139806 0.153723 0.00778728
FixedParameters: 0 0 0

#Transform 3
Transform: AffineTransform_float_3_3
Parameters: 1 0.000615443 -0.000230821 -0.000614556 0.999998 0.00191614 0.000232178 -0.00191586 0.999998 0.0202854 0.155758 -0.00820729
FixedParameters: 0 0 0

#Transform 4
Transform: AffineTransform_float_3_3
Parameters: 1 0.00043373 0.000181646 -0.00043427 0.999999 0.00148892 -0.000181354 -0.00148908 0.999999 0.0252974 0.137326 0.0103011
FixedParameters: 0 0 0

#Transform 5
Transform: AffineTransform_float_3_3
Parameters: 1 0.000226222 -0.000231783 -0.000225777 0.999999 0.000960051 0.000232217 -0.000959947 0.999999 0.0291156 0.104766 0.0103676
FixedParameters: 0 0 0

#Transform 6
Transform: AffineTransform_float_3_3
Parameters: 1 0.000329973 4.12141e-05 -0.000330026 0.999999 0.000648986 -4.07858e-05 -0.000649013 1 0.0240636 0.0773754 0.0274441
FixedParameters: 0 0 0

#Transform 7
Transform: AffineTransform_float_3_3
Parameters: 1 0.000454718 0.000421304 -0.000455281 0.999999 0.000668808 -0.000420696 -0.000668191 0.999999 0.0308001 0.0812934 0.0373849
FixedParameters: 0 0 0

#Transform 8
Transform: AffineTransform_float_3_3
Parameters: 1 0.000250845 9.2422e-05 -0.000251154 0.999998 0.00168198 -9.15776e-05 -0.00168202 0.999998 0.0297578 0.100473 0.0716609
FixedParameters: 0 0 0

#Transform 9
Transform: AffineTransform_float_3_3
Parameters: 1 -3.54318e-05 0.000297949 3.45682e-05 0.999999 0.00144901 -0.00029805 -0.00144899 0.999999 0.04021 0.101551 0.0925384
FixedParameters: 0 0 0

#Transform 10
Transform: AffineTransform_float_3_3
Parameters: 1 -0.000254279 0.000209662 0.00025472 0.999999 0.00133005 -0.000210339 -0.00133095 0.999999 0.0513882 0.099178 0.107935
FixedParameters: 0 0 0

#Transform 11
Transform: AffineTransform_float_3_3
Parameters: 1 -3.53801e-05 0.000315958 3.46198e-05 1 0.00120301 -0.000316042 -0.00120299 0.999999 0.0452203 0.0880474 0.0975548
FixedParameters: 0 0 0

#Transform 12
Transform: AffineTransform_float_3_3
Parameters: 1 -3.50391e-05 4.49696e-05 3.49609e-05 0.999999 0.000869001 -4.50304e-05 -0.000868998 0.999999 0.0359608 0.0733092 0.110753
FixedParameters: 0 0 0

#Transform 13
Transform: AffineTransform_float_3_3
Parameters: 1 -3.5058e-05 8.49761e-05 3.4942e-05 1 0.000682003 -8.50238e-05 -0.000681997 1 0.0458673 0.0753379 0.112914
FixedParameters: 0 0 0

#Transform 14
Transform: AffineTransform_float_3_3
Parameters: 1 -3.48404e-05 -0.000234024 3.41596e-05 1 0.000681992 0.000233977 -0.000682008 0.999999 0.0465969 0.0539112 0.114594
FixedParameters: 0 0 0

#Transform 15
Transform: AffineTransform_float_3_3
Parameters: 1 -3.49202e-05 -0.000117024 3.40798e-05 1 0.000681996 0.000116977 -0.000682004 1 0.0425699 0.0364971 0.126319
FixedParameters: 0 0 0

#Transform 16
Transform: AffineTransform_float_3_3
Parameters: 1 -3.48638e-05 -0.00023402 3.41362e-05 1 0.000581992 0.00023398 -0.000582008 1 0.0465874 0.0477754 0.143183
FixedParameters: 0 0 0

#Transform 17
Transform: AffineTransform_float_3_3
Parameters: 1 -0.000193969 -0.000286021 0.000194031 1 0.000109945 0.000285979 -0.000110055 1 0.036739 0.0357338 0.178633
FixedParameters: 0 0 0

#Transform 18
Transform: AffineTransform_float_3_3
Parameters: 0.999999 -3.49505e-05 -0.000738002 3.40494e-05 1 6.69749e-05 0.000737997 -6.70258e-05 0.999999 0.0306072 -0.00718482 0.189413
FixedParameters: 0 0 0

#Transform 19
Transform: AffineTransform_float_3_3
Parameters: 1 0.00015935 -0.000669916 -0.000159649 1 0.000523107 0.000670083 -0.000522893 0.999999 0.00972251 0.0189301 0.0516687
FixedParameters: 0 0 0

#Transform 20
Transform: AffineTransform_float_3_3
Parameters: 1 -3.5014e-05 3.69868e-05 3.4986e-05 1 0.000378001 -3.70132e-05 -0.000377999 1 -0.00517332 0.0192362 0.0156156
FixedParameters: 0 0 0

#Transform 21
Transform: AffineTransform_float_3_3
Parameters: 1 -0.000288117 0.000122725 0.000287883 1 0.000953035 -0.000123274 -0.000952965 0.999999 0.0205871 0.0176571 0.0535993
FixedParameters: 0 0 0

#Transform 22
Transform: AffineTransform_float_3_3
Parameters: 1 -0.000318908 -9.7304e-05 0.000319092 1 0.00095297 9.6696e-05 -0.000953032 1 0.0317822 0.0238681 0.0789888
FixedParameters: 0 0 0

#Transform 23
Transform: AffineTransform_float_3_3
Parameters: 1 -0.000131029 3.68983e-05 0.000130971 0.999999 0.000776004 -3.71016e-05 -0.000775995 0.999999 0.017943 0.0182731 0.0430886
FixedParameters: 0 0 0

#Transform 24
Transform: AffineTransform_float_3_3
Parameters: 1 -0.000130985 3.70538e-05 0.000131015 1 -0.000410995 -3.69462e-05 0.000411005 1 0.0245173 -0.0138322 -0.00651049
FixedParameters: 0 0 0

#Transform 25
Transform: AffineTransform_float_3_3
Parameters: 1 2.19911e-05 -0.000181001 -2.20089e-05 1 -4.8996e-05 0.000180999 4.9004e-05 1 0.0156241 -0.0281792 0.0792096
FixedParameters: 0 0 0

#Transform 26
Transform: AffineTransform_float_3_3
Parameters: 1 0.000186992 -0.000133012 -0.000187008 1 -6.19751e-05 0.000132988 6.20249e-05 1 0.0159311 -0.021814 0.0211837
FixedParameters: 0 0 0

#Transform 27
Transform: AffineTransform_float_3_3
Parameters: 1 0.000187493 0.000570839 -0.000186507 0.999999 -0.000863107 -0.000571161 0.000862893 1 0.0235243 -0.0288953 -0.0440312
FixedParameters: 0 0 0

#Transform 28
Transform: AffineTransform_float_3_3
Parameters: 1 0.000187717 0.000570765 -0.000186283 0.999999 -0.00125611 -0.000571234 0.00125589 0.999999 0.0105845 -0.0211627 -0.0461195
FixedParameters: 0 0 0

#Transform 29
Transform: AffineTransform_float_3_3
Parameters: 1 0.000187712 0.000422684 -0.000186289 0.999998 -0.00168308 -0.000422314 0.00168292 0.999998 0.0109905 -0.0344253 -0.057516
FixedParameters: 0 0 0

#Transform 30
Transform: AffineTransform_float_3_3
Parameters: 0.999999 0.000510899 0.000783414 -0.000510101 0.999999 -0.0011474 -0.000783585 0.0011466 0.999999 0.0264548 -0.03209 -0.109523
FixedParameters: 0 0 0

#Transform 31
Transform: AffineTransform_float_3_3
Parameters: 1 0.000377292 0.000570807 -0.000376708 1 -0.000511215 -0.000571192 0.000510784 0.999999 0.0293696 -0.0371487 -0.0814737
FixedParameters: 0 0 0

#Transform 32
Transform: AffineTransform_float_3_3
Parameters: 1 0.000447868 0.00045313 -0.000448132 1 0.000290797 -0.000453869 -0.000291203 1 0.0321727 -0.0404049 -0.041528
FixedParameters: 0 0 0

#Transform 33
Transform: AffineTransform_float_3_3
Parameters: 0.999999 0.000725821 -0.000211617 -0.000726179 1 -0.000849847 0.000210383 0.000849153 0.999999 0.0147978 -0.0824141 -0.0456499
FixedParameters: 0 0 0

#Transform 34
Transform: AffineTransform_float_3_3
Parameters: 0.999999 0.000733893 0.000394342 -0.000733105 0.999997 -0.00226029 -0.000396658 0.00225971 0.999998 0.0231529 -0.103277 -0.0856716
FixedParameters: 0 0 0

#Transform 35
Transform: AffineTransform_float_3_3
Parameters: 0.999999 0.000700295 0.00030332 -0.000699704 1 -0.000971213 -0.00030468 0.000971788 1 0.0300694 -0.0943887 -0.04558
FixedParameters: 0 0 0

#Transform 36
Transform: AffineTransform_float_3_3
Parameters: 1 0.000570587 -0.000235006 -0.000570413 0.999999 -0.00176187 0.000233995 0.00176214 0.999999 0.03056 -0.133758 -0.0791366
FixedParameters: 0 0 0

#Transform 37
Transform: AffineTransform_float_3_3
Parameters: 1 0.000309073 4.24728e-05 -0.000308928 0.999998 -0.00170601 -4.25271e-05 0.00170599 0.999998 0.0322423 -0.123392 -0.0583686
FixedParameters: 0 0 0

#Transform 38
Transform: AffineTransform_float_3_3
Parameters: 1 2.07402e-05 -0.000158034 -2.02597e-05 0.999998 -0.001644 0.000157967 0.001644 0.999998 0.0567797 -0.121557 -0.0344339
FixedParameters: 0 0 0

#Transform 39
Transform: AffineTransform_float_3_3
Parameters: 1 0.000125823 -8.22707e-05 -0.000126176 0.999997 -0.00214999 8.17289e-05 0.00215001 0.999997 0.0574273 -0.128235 -0.0444748
FixedParameters: 0 0 0

#Transform 40
Transform: AffineTransform_float_3_3
Parameters: 1 -4.90149e-05 -6.89463e-06 4.89848e-05 0.999997 -0.00215 7.10533e-06 0.00215 0.999997 0.0761063 -0.148267 -0.0394199
FixedParameters: 0 0 0

#Transform 41
Transform: AffineTransform_float_3_3
Parameters: 1 3.552e-05 -0.000259066 -3.54799e-05 0.999999 -0.00185299 0.000258935 0.00185301 0.999998 0.0672534 -0.130249 -0.0440796
FixedParameters: 0 0 0

#Transform 42
Transform: AffineTransform_float_3_3
Parameters: 1 0.000213586 -0.000275321 -0.000214413 0.999999 -0.00150394 0.000274678 0.00150406 0.999999 0.0738615 -0.139399 -0.0802893
FixedParameters: 0 0 0

#Transform 43
Transform: AffineTransform_float_3_3
Parameters: 1 9.38235e-05 -8.22019e-05 -9.41761e-05 0.999997 -0.00214999 8.17977e-05 0.00215001 0.999997 0.075904 -0.15326 -0.0804901
FixedParameters: 0 0 0

#Transform 44
Transform: AffineTransform_float_3_3
Parameters: 1 -1.66094e-05 -0.000323969 1.63905e-05 0.999998 -0.00188101 0.000324031 0.001881 0.999998 0.0791107 -0.175077 -0.0607932
FixedParameters: 0 0 0

#Transform 45
Transform: AffineTransform_float_3_3
Parameters: 1 0.000252084 -0.000487475 -0.000252917 0.999998 -0.00187988 0.000487526 0.00187912 0.999998 0.0649699 -0.186808 -0.0516383
FixedParameters: 0 0 0

#Transform 46
Transform: AffineTransform_float_3_3
Parameters: 1 0.000200252 -0.000440341 -0.000200747 0.999998 -0.00169891 0.00043966 0.00169909 0.999999 0.0757168 -0.186759 -0.0465531
FixedParameters: 0 0 0

#Transform 47
Transform: AffineTransform_float_3_3
Parameters: 1 0.000206592 -0.000535546 -0.000208407 0.999996 -0.00263189 0.000534454 0.00263111 0.999997 0.0667917 -0.223173 -0.0656204
FixedParameters: 0 0 0

#Transform 48
Transform: AffineTransform_float_3_3
Parameters: 1 7.40026e-05 -0.000447166 -7.49971e-05 0.999998 -0.00223097 0.000446834 0.00223104 0.999998 0.0649863 -0.20624 -0.0481427
FixedParameters: 0 0 0

#Transform 49
Transform: AffineTransform_float_3_3
Parameters: 1 0.000100576 -0.000185231 -0.000100423 0.999998 -0.00228998 0.000184771 0.00229002 0.999998 0.0691257 -0.222874 -0.0368277
FixedParameters: 0 0 0

#Transform 50
Transform: AffineTransform_float_3_3
Parameters: 0.999999 -0.000922282 -0.000125946 0.000922717 0.999997 -0.00222712 0.000128055 0.00222688 0.999998 0.10878 -0.247757 -0.035547
FixedParameters: 0 0 0

#Transform 51
Transform: AffineTransform_float_3_3
Parameters: 0.999999 -0.000782966 1.4887e-05 0.000783033 0.999997 -0.00240999 -1.31129e-05 0.00241001 0.999997 0.103616 -0.253096 -0.0355126
FixedParameters: 0 0 0

#Transform 52
Transform: AffineTransform_float_3_3
Parameters: 0.999999 -0.000861905 3.72686e-05 0.000862097 0.999996 -0.00263197 -3.5731e-05 0.00263203 0.999996 0.10631 -0.260683 -0.043292
FixedParameters: 0 0 0

#Transform 53
Transform: AffineTransform_float_3_3
Parameters: 1 -0.000308653 -0.000256215 0.000307347 0.999996 -0.00254608 0.000256783 0.00254592 0.999996 0.0737535 -0.277204 -0.0274794
FixedParameters: 0 0 0

#Transform 54
Transform: AffineTransform_float_3_3
Parameters: 1 -0.000185574 -0.000262595 0.000184427 0.999997 -0.00218505 0.000262403 0.00218495 0.999997 0.0664199 -0.285001 -0.0178349
FixedParameters: 0 0 0

#Transform 55
Transform: AffineTransform_float_3_3
Parameters: 1 -0.000308244 -0.000124396 0.000307756 0.999998 -0.00196004 0.000124603 0.00195996 0.999998 0.074498 -0.288242 -0.0214431
FixedParameters: 0 0 0

#Transform 56
Transform: AffineTransform_float_3_3
Parameters: 1 -0.000308447 -0.000222381 0.000307551 0.999998 -0.00200907 0.000223618 0.00200893 0.999998 0.0798669 -0.304467 -0.0101576
FixedParameters: 0 0 0

#Transform 57
Transform: AffineTransform_float_3_3
Parameters: 1 -2.12961e-05 -0.00012495 2.07038e-05 0.999997 -0.002369 0.000125049 0.002369 0.999997 0.0612892 -0.307382 -0.024667
FixedParameters: 0 0 0

#Transform 58
Transform: AffineTransform_float_3_3
Parameters: 1 -0.000323478 -0.000181149 0.000323523 0.999997 -0.00263206 0.000181852 0.00263194 0.999996 0.0722346 -0.316046 -0.0251719
FixedParameters: 0 0 0

#Transform 59
Transform: AffineTransform_float_3_3
Parameters: 1 -0.000643371 -0.000123076 0.000642629 0.999996 -0.00299108 0.000124923 0.00299092 0.999995 0.0915848 -0.333342 -0.0329635
FixedParameters: 0 0 0

#Transform 60
Transform: AffineTransform_float_3_3
Parameters: 1 -0.000213358 -0.000124387 0.000212643 0.999996 -0.00287403 0.000124612 0.00287397 0.999996 0.0796803 -0.355189 -0.0480143
FixedParameters: 0 0 0

#Transform 61
Transform: AffineTransform_float_3_3
Parameters: 1 4.17929e-05 -7.31188e-05 -4.12068e-05 0.999996 -0.002835 7.28835e-05 0.002835 0.999996 0.0732662 -0.370937 -0.0363028
FixedParameters: 0 0 0

#Transform 62
Transform: AffineTransform_float_3_3
Parameters: 1 -0.00054385 4.96737e-05 0.000544148 0.999995 -0.00307697 -4.73259e-05 0.00307703 0.999996 0.0902915 -0.36654 -0.0517766
FixedParameters: 0 0 0

#Transform 63
Transform: AffineTransform_float_3_3
Parameters: 0.999999 -0.000651271 0.000499264 0.000653728 0.999994 -0.00347167 -0.000496734 0.00347132 0.999994 0.107094 -0.380684 -0.0743396
FixedParameters: 0 0 0

#Transform 64
Transform: AffineTransform_float_3_3
Parameters: 0.999999 -0.000741113 0.000326023 0.000741886 0.999996 -0.00272776 -0.000323977 0.00272824 0.999996 0.105913 -0.391431 -0.0613747
FixedParameters: 0 0 0

#Transform 65
Transform: AffineTransform_float_3_3
Parameters: 0.999999 -0.000683272 -0.00074793 0.000681727 0.999995 -0.00303451 0.000750071 0.00303349 0.999995 0.0880519 -0.419998 -0.115676
FixedParameters: 0 0 0

#Transform 66
Transform: AffineTransform_float_3_3
Parameters: 0.999999 0.000367792 0.000786316 -0.000362203 0.999973 -0.00735328 -0.000789684 0.00735371 0.999972 0.076588 -0.446335 -0.28762
FixedParameters: 0 0 0

#Transform 67
Transform: AffineTransform_float_3_3
Parameters: 0.999999 0.000458497 0.000760713 -0.0004535 0.999974 -0.00721134 -0.000764289 0.00721065 0.999973 0.0834099 -0.460594 -0.316254
FixedParameters: 0 0 0

#Transform 68
Transform: AffineTransform_float_3_3
Parameters: 0.999999 0.000106553 0.000919264 -9.94413e-05 0.999974 -0.00712609 -0.000920732 0.0071259 0.999974 0.0897025 -0.471783 -0.299757
FixedParameters: 0 0 0

#Transform 69
Transform: AffineTransform_float_3_3
Parameters: 0.999999 0.000248035 0.000988261 -0.000240967 0.999974 -0.00711224 -0.000989739 0.00711276 0.999974 0.0689436 -0.450305 -0.398761
FixedParameters: 0 0 0

#Transform 70
Transform: AffineTransform_float_3_3
Parameters: 0.999999 0.000145402 0.00124827 -0.000139599 0.999987 -0.00512718 -0.00124873 0.00512682 0.999986 0.0771874 -0.477914 -0.369495
FixedParameters: 0 0 0

#Transform 71
Transform: AffineTransform_float_3_3
Parameters: 0.999999 6.89377e-05 0.00133157 -6.00661e-05 0.999978 -0.00671109 -0.00133143 0.00671091 0.999976 0.0688639 -0.49972 -0.421889
FixedParameters: 0 0 0

#Transform 72
Transform: AffineTransform_float_3_3
Parameters: 1 0.000306007 0.00103596 -0.000298993 0.999977 -0.00675731 -0.00103804 0.00675668 0.999976 0.0672395 -0.49072 -0.416039
FixedParameters: 0 0 0

#Transform 73
Transform: AffineTransform_float_3_3
Parameters: 0.999999 -0.000788451 0.000995421 0.000793548 0.999984 -0.00558721 -0.000990582 0.00558779 0.999984 0.109058 -0.497217 -0.394246
FixedParameters: 0 0 0

#Transform 74
Transform: AffineTransform_float_3_3
Parameters: 1 -0.00114698 0.00038609 0.00115002 0.999968 -0.00791456 -0.00037691 0.00791444 0.999968 0.160534 -0.501677 -0.736773
FixedParameters: 0 0 0

#Transform 75
Transform: AffineTransform_float_3_3
Parameters: 0.999999 -0.000849218 0.00106303 0.000852783 0.999994 -0.0035631 -0.00105997 0.0035639 0.999993 0.125246 -0.483185 -0.498863
FixedParameters: 0 0 0

#Transform 76
Transform: AffineTransform_float_3_3
Parameters: 1 0.000415396 0.000511062 -0.000412604 0.999989 -0.00467921 -0.000512936 0.00467879 0.999989 0.0270685 -0.502221 -0.52846
FixedParameters: 0 0 0

#Transform 77
Transform: AffineTransform_float_3_3
Parameters: 0.999999 -0.000391381 0.0012461 0.000397618 0.999986 -0.00531551 -0.0012439 0.00531649 0.999985 0.0579832 -0.497489 -0.484894
FixedParameters: 0 0 0

#Transform 78
Transform: AffineTransform_float_3_3
Parameters: 0.999999 7.37268e-05 0.000713625 -6.92764e-05 0.999987 -0.00522105 -0.000713371 0.00522095 0.999986 0.0396026 -0.503079 -0.543807
FixedParameters: 0 0 0

#Transform 79
Transform: AffineTransform_float_3_3
Parameters: 1 -0.000120468 0.00101667 0.000126534 0.999985 -0.00544287 -0.00101633 0.00544312 0.999984 0.0536221 -0.518046 -0.570866
FixedParameters: 0 0 0

#Transform 80
Transform: AffineTransform_float_3_3
Parameters: 0.999999 -0.00138711 0.0006122 0.00139189 0.999966 -0.00805916 -0.000600802 0.00805984 0.999968 0.132889 -0.557806 -0.769433
FixedParameters: 0 0 0

#Transform 81
Transform: AffineTransform_float_3_3
Parameters: 1 0.000538254 0.000912762 -0.000531746 0.999969 -0.00792749 -0.000917245 0.00792752 0.999968 0.0451306 -0.518341 -0.910692
FixedParameters: 0 0 0

#Transform 82
Transform: AffineTransform_float_3_3
Parameters: 0.999999 -0.000112854 0.0014709 0.000123147 0.999972 -0.00757983 -0.00147011 0.00758018 0.99997 0.0603308 -0.544024 -0.821783
FixedParameters: 0 0 0

#Transform 83
Transform: AffineTransform_float_3_3
Parameters: 0.999999 -0.000399951 0.00129247 0.000411045 0.999964 -0.00855947 -0.00128853 0.00856052 0.999962 0.0660876 -0.556847 -0.8366
FixedParameters: 0 0 0

#Transform 84
Transform: AffineTransform_float_3_3
Parameters: 0.999999 -0.00100242 0.000758771 0.00100958 0.999962 -0.00872024 -0.000750225 0.00872076 0.999961 0.137418 -0.583115 -0.840561
FixedParameters: 0 0 0

#Transform 85
Transform: AffineTransform_float_3_3
Parameters: 0.999999 0.000536036 0.000539038 -0.000530964 0.999956 -0.00930028 -0.000543961 0.0092997 0.999956 0.103195 -0.595167 -1.03476
FixedParameters: 0 0 0

#Transform 86
Transform: AffineTransform_float_3_3
Parameters: 1 -0.000558677 -0.000272581 0.00055632 0.999953 -0.00972216 0.000278422 0.00972185 0.999952 0.124354 -0.613064 -0.955099
FixedParameters: 0 0 0

#Transform 87
Transform: AffineTransform_float_3_3
Parameters: 1 -0.00054291 0.000109548 0.000544084 0.999947 -0.0102089 -0.000103451 0.0102091 0.999948 0.119998 -0.629092 -0.934618
FixedParameters: 0 0 0

#Transform 88
Transform: AffineTransform_float_3_3
Parameters: 1 -0.000612436 0.000156261 0.00061456 0.999947 -0.0102099 -0.000149733 0.0102101 0.999948 0.134723 -0.629742 -0.922764
FixedParameters: 0 0 0

#Transform 89
Transform: AffineTransform_float_3_3
Parameters: 0.999999 -0.00150332 -2.18901e-05 0.00150268 0.999942 -0.010717 3.81063e-05 0.010717 0.999942 0.160244 -0.642976 -0.914375
FixedParameters: 0 0 0

#Transform 90
Transform: AffineTransform_float_3_3
Parameters: 0.999999 -0.00132288 0.00010691 0.00132412 0.999935 -0.0112659 -9.20895e-05 0.0112651 0.999936 0.152056 -0.665179 -0.879004
FixedParameters: 0 0 0

#Transform 91
Transform: AffineTransform_float_3_3
Parameters: 1 0.000455942 -9.61587e-05 -0.000457067 0.999936 -0.011301 9.18405e-05 0.011301 0.999936 0.0665563 -0.681429 -0.835178
FixedParameters: 0 0 0

#Transform 92
Transform: AffineTransform_float_3_3
Parameters: 1 0.000293153 0.000163191 -0.000290836 0.999915 -0.013042 -0.000167807 0.0130419 0.999915 0.0689386 -0.724286 -0.872432
FixedParameters: 0 0 0

#Transform 93
Transform: AffineTransform_float_3_3
Parameters: 0.999998 0.00125712 0.00139729 -0.00123589 0.999887 -0.0150118 -0.00141571 0.0150103 0.999887 0.0847972 -0.775076 -0.832134
FixedParameters: 0 0 0

#Transform 94
Transform: AffineTransform_float_3_3
Parameters: 0.999998 0.000916089 0.00165886 -0.000889908 0.999877 -0.0156605 -0.00167314 0.0156585 0.999876 0.0937364 -0.810661 -0.883639
FixedParameters: 0 0 0

#Transform 95
Transform: AffineTransform_float_3_3
Parameters: 0.999998 -0.000189774 0.00162189 0.000213228 0.999898 -0.0143327 -0.00161911 0.0143323 0.999896 0.139819 -0.775979 -0.829798
FixedParameters: 0 0 0

#Transform 96
Transform: AffineTransform_float_3_3
Parameters: 0.999998 -0.00102607 0.00129064 0.00104293 0.999912 -0.0131847 -0.00127736 0.0131853 0.999912 0.167163 -0.760549 -0.756476
FixedParameters: 0 0 0

#Transform 97
Transform: AffineTransform_float_3_3
Parameters: 0.999999 -0.00108291 0.000797886 0.0010931 0.999918 -0.0127621 -0.000784114 0.0127629 0.999918 0.166914 -0.777034 -0.802362
FixedParameters: 0 0 0

#Transform 98
Transform: AffineTransform_float_3_3
Parameters: 0.999998 -0.00116034 0.00118751 0.00117567 0.999922 -0.0124216 -0.00117349 0.0124234 0.999922 0.163337 -0.783573 -0.778111
FixedParameters: 0 0 0

#Transform 99
Transform: AffineTransform_float_3_3
Parameters: 0.999999 -0.00124307 0.00123919 0.00125893 0.999915 -0.0129384 -0.00122281 0.0129395 0.999915 0.164941 -0.79448 -0.806471
FixedParameters: 0 0 0

#Transform 100
Transform: AffineTransform_float_3_3
Parameters: 0.999998 -0.00109669 0.00136294 0.00111431 0.999908 -0.0135085 -0.00134807 0.0135095 0.999908 0.161705 -0.833918 -0.799845
FixedParameters: 0 0 0

#Transform 101
Transform: AffineTransform_float_3_3
Parameters: 0.999998 -0.00125805 0.00144274 0.00127695 0.999912 -0.0132082 -0.00142626 0.0132098 0.999911 0.159555 -0.811395 -0.756975
FixedParameters: 0 0 0

#Transform 102
Transform: AffineTransform_float_3_3
Parameters: 0.999998 -0.00139539 0.00140177 0.00141361 0.999909 -0.013364 -0.00138323 0.0133659 0.999909 0.17574 -0.810237 -0.762083
FixedParameters: 0 0 0

#Transform 103
Transform: AffineTransform_float_3_3
Parameters: 0.999998 -0.00139488 0.00145162 0.00141411 0.999911 -0.013256 -0.00143238 0.013258 0.999911 0.175382 -0.828929 -0.753338
FixedParameters: 0 0 0

#Transform 104
Transform: AffineTransform_float_3_3
Parameters: 0.999999 -0.00100028 0.00109957 0.00101571 0.999909 -0.0134679 -0.00108542 0.0134691 0.999908 0.161144 -0.846921 -0.736867
FixedParameters: 0 0 0

#Transform 105
Transform: AffineTransform_float_3_3
Parameters: 0.999999 -0.00164564 0.000666034 0.00165436 0.999918 -0.0127479 -0.000644962 0.0127491 0.999918 0.175164 -0.851709 -0.732866
FixedParameters: 0 0 0

#Transform 106
Transform: AffineTransform_float_3_3
Parameters: 0.999996 -0.00277917 -0.000463374 0.00277382 0.999914 -0.0128333 0.000499636 0.0128317 0.999917 0.198224 -0.873642 -0.7391
FixedParameters: 0 0 0

#Transform 107
Transform: AffineTransform_float_3_3
Parameters: 0.999996 -0.00261262 0.000131083 0.00261337 0.999926 -0.0118937 -9.99258e-05 0.0118933 0.99993 0.21034 -0.839836 -0.722061
FixedParameters: 0 0 0

#Transform 108
Transform: AffineTransform_float_3_3
Parameters: 0.999996 -0.00283233 -0.000525023 0.00282767 0.999947 -0.00988753 0.000552982 0.00988548 0.999951 0.215017 -0.839777 -0.600886
FixedParameters: 0 0 0

#Transform 109
Transform: AffineTransform_float_3_3
Parameters: 0.999995 -0.00298883 -0.000790986 0.00298017 0.999949 -0.00972141 0.000820009 0.0097196 0.999953 0.19541 -0.833789 -0.561597
FixedParameters: 0 0 0

#Transform 110
Transform: AffineTransform_float_3_3
Parameters: 0.999995 -0.00298439 -0.000357715 0.00298061 0.999953 -0.00914811 0.000384281 0.00914689 0.999958 0.20331 -0.836361 -0.401579
FixedParameters: 0 0 0

#Transform 111
Transform: AffineTransform_float_3_3
Parameters: 0.999995 -0.00298236 -0.000176316 0.00298063 0.999969 -0.00727256 0.000198679 0.00727144 0.999973 0.198431 -0.833811 -0.390453
FixedParameters: 0 0 0

#Transform 112
Transform: AffineTransform_float_3_3
Parameters: 0.999995 -0.00314896 -0.000367463 0.00314603 0.999964 -0.00779619 0.000392536 0.0077948 0.999969 0.2028 -0.875261 -0.398073
FixedParameters: 0 0 0

#Transform 113
Transform: AffineTransform_float_3_3
Parameters: 0.999995 -0.0031719 -0.000359284 0.0031691 0.999964 -0.00779618 0.000383716 0.00779482 0.99997 0.206002 -0.873923 -0.412214
FixedParameters: 0 0 0

#Transform 114
Transform: AffineTransform_float_3_3
Parameters: 0.999996 -0.00298218 -0.000146822 0.00298083 0.999968 -0.00743847 0.000169179 0.00743853 0.999973 0.20061 -0.894224 -0.359235
FixedParameters: 0 0 0

#Transform 115
Transform: AffineTransform_float_3_3
Parameters: 0.999995 -0.0029837 -0.000342237 0.00298029 0.999967 -0.00763306 0.000365757 0.00763194 0.999971 0.187575 -0.9105 -0.34971
FixedParameters: 0 0 0

#Transform 116
Transform: AffineTransform_float_3_3
Parameters: 0.999995 -0.00321616 -9.99038e-05 0.00321484 0.999945 -0.00998137 0.000132097 0.00998163 0.99995 0.187408 -0.913328 -0.608152
FixedParameters: 0 0 0

#Transform 117
Transform: AffineTransform_float_3_3
Parameters: 0.999993 -0.00373923 -0.000399187 0.00373477 0.999942 -0.0101186 0.000436808 0.0101164 0.999948 0.195906 -0.943506 -0.64134
FixedParameters: 0 0 0

#Transform 118
Transform: AffineTransform_float_3_3
Parameters: 0.999993 -0.00373422 -0.000355122 0.00373078 0.99993 -0.0112214 0.000396889 0.0112206 0.999937 0.195833 -0.948894 -0.697935
FixedParameters: 0 0 0

#Transform 119
Transform: AffineTransform_float_3_3
Parameters: 0.999994 -0.00350123 0.000267247 0.00350378 0.999931 -0.0112041 -0.000228756 0.0112049 0.999937 0.205152 -0.957161 -0.771386
FixedParameters: 0 0 0

#Transform 120
Transform: AffineTransform_float_3_3
Parameters: 0.999995 -0.00320191 0.000476533 0.00320608 0.999934 -0.0110875 -0.000440476 0.0110895 0.999939 0.187658 -0.948057 -0.795636
FixedParameters: 0 0 0

#Transform 121
Transform: AffineTransform_float_3_3
Parameters: 0.999995 -0.00313747 0.000403916 0.00314153 0.999926 -0.0117568 -0.000367088 0.0117582 0.999931 0.178719 -1.00289 -0.820769
FixedParameters: 0 0 0

#Transform 122
Transform: AffineTransform_float_3_3
Parameters: 0.999997 -0.00261137 0.00063902 0.00261863 0.999921 -0.0122424 -0.000606984 0.0122446 0.999925 0.183552 -1.02128 -0.847425
FixedParameters: 0 0 0

#Transform 123
Transform: AffineTransform_float_3_3
Parameters: 0.999995 -0.00299217 -0.000152008 0.00298983 0.999915 -0.0127015 0.000189988 0.0127005 0.99992 0.180086 -1.0355 -0.876046
FixedParameters: 0 0 0

#Transform 124
Transform: AffineTransform_float_3_3
Parameters: 0.999995 -0.00337286 -0.00012929 0.00337113 0.999918 -0.0123695 0.000171713 0.0123695 0.999923 0.205515 -1.03551 -0.852067
FixedParameters: 0 0 0

#Transform 125
Transform: AffineTransform_float_3_3
Parameters: 0.999995 -0.00289188 0.000505351 0.00289811 0.999917 -0.0125556 -0.000468646 0.0125574 0.999921 0.211208 -1.07141 -0.906445
FixedParameters: 0 0 0

#Transform 126
Transform: AffineTransform_float_3_3
Parameters: 0.999995 -0.00318696 0.000327964 0.00319104 0.999909 -0.013158 -0.000286035 0.013159 0.999914 0.195557 -1.08346 -0.95054
FixedParameters: 0 0 0

#Transform 127
Transform: AffineTransform_float_3_3
Parameters: 0.999995 -0.00291414 0.000374896 0.00291886 0.999902 -0.013678 -0.000335106 0.013679 0.999907 0.181399 -1.1268 -0.996359
FixedParameters: 0 0 0

#Transform 128
Transform: AffineTransform_float_3_3
Parameters: 0.999994 -0.00292184 0.0014104 0.00294117 0.9999 -0.0137789 -0.0013706 0.0137831 0.999904 0.192195 -1.15891 -1.06193
FixedParameters: 0 0 0

#Transform 129
Transform: AffineTransform_float_3_3
Parameters: 0.999995 -0.00315279 0.000599604 0.00316121 0.999866 -0.0160252 -0.000549409 0.0160268 0.999872 0.209301 -1.18886 -1.18375
FixedParameters: 0 0 0

#Transform 130
Transform: AffineTransform_float_3_3
Parameters: 0.999995 -0.00294103 0.000508139 0.00294797 0.999894 -0.0143096 -0.00046586 0.0143114 0.999898 0.229941 -1.1685 -1.12878
FixedParameters: 0 0 0

#Transform 131
Transform: AffineTransform_float_3_3
Parameters: 0.999997 -0.00256883 0.000697607 0.00257918 0.999884 -0.0149973 -0.000659392 0.0149988 0.999888 0.202744 -1.18317 -1.14406
FixedParameters: 0 0 0

#Transform 132
Transform: AffineTransform_float_3_3
Parameters: 0.999996 -0.00264742 0.000711583 0.00265859 0.999856 -0.0168012 -0.000667425 0.0168028 0.999858 0.211149 -1.20032 -1.22471
FixedParameters: 0 0 0

#Transform 133
Transform: AffineTransform_float_3_3
Parameters: 0.999997 -0.00242887 0.000146913 0.00243113 0.999856 -0.0168357 -0.000106084 0.0168363 0.999859 0.178293 -1.21226 -1.25082
FixedParameters: 0 0 0

#Transform 134
Transform: AffineTransform_float_3_3
Parameters: 0.999996 -0.0028402 0.000204461 0.00284279 0.999879 -0.0152935 -0.00016054 0.0152945 0.999883 0.203417 -1.19808 -1.20448
FixedParameters: 0 0 0

#Transform 135
Transform: AffineTransform_float_3_3
Parameters: 0.999997 -0.00210885 0.000642314 0.00211914 0.999866 -0.0162307 -0.000607685 0.0162313 0.999868 0.174743 -1.24307 -1.20038
FixedParameters: 0 0 0

#Transform 136
Transform: AffineTransform_float_3_3
Parameters: 0.999999 0.00039498 0.00128013 -0.000372004 0.999839 -0.0179025 -0.00128787 0.0179015 0.999839 0.100038 -1.26817 -1.21278
FixedParameters: 0 0 0

#Transform 137
Transform: AffineTransform_float_3_3
Parameters: 0.999998 -0.000303686 0.0017003 0.000332325 0.999861 -0.0166764 -0.00169569 0.0166775 0.999859 0.123375 -1.26614 -1.1574
FixedParameters: 0 0 0

#Transform 138
Transform: AffineTransform_float_3_3
Parameters: 0.999998 -0.000769377 0.00138424 0.000790618 0.999876 -0.0156879 -0.00137176 0.0156891 0.999876 0.128854 -1.25306 -1.09235
FixedParameters: 0 0 0

#Transform 139
Transform: AffineTransform_float_3_3
Parameters: 0.999999 -0.00022332 0.000825679 0.000232684 0.999931 -0.0117428 -0.000823324 0.0117422 0.99993 0.0747314 -1.21646 -0.921984
FixedParameters: 0 0 0

#Transform 140
Transform: AffineTransform_float_3_3
Parameters: 0.999999 0.000242873 0.000938005 -0.000231127 0.99992 -0.0126372 -0.000940995 0.0126368 0.999919 0.0578088 -1.24105 -0.934961
FixedParameters: 0 0 0

#Transform 141
Transform: AffineTransform_float_3_3
Parameters: 1 0.000104902 0.000689704 -9.60937e-05 0.999917 -0.0128951 -0.000691296 0.0128949 0.999916 0.0551053 -1.27382 -0.947406
FixedParameters: 0 0 0

#Transform 142
Transform: AffineTransform_float_3_3
Parameters: 0.999999 0.000364758 0.000686417 -0.000355235 0.999919 -0.0127162 -0.000691573 0.0127158 0.999919 0.0523186 -1.27893 -0.886771
FixedParameters: 0 0 0

#Transform 143
Transform: AffineTransform_float_3_3
Parameters: 0.999998 -0.00181056 0.000905192 0.00182144 0.999931 -0.0116694 -0.000883805 0.0116706 0.999932 0.143144 -1.27509 -0.827162
FixedParameters: 0 0 0

#Transform 144
Transform: AffineTransform_float_3_3
Parameters: 0.999999 -0.00166224 0.000775286 0.00167276 0.999917 -0.0127667 -0.000753706 0.0127673 0.999918 0.160035 -1.33156 -0.83066
FixedParameters: 0 0 0

#Transform 145
Transform: AffineTransform_float_3_3
Parameters: 0.999998 -0.00156784 0.000711531 0.00157716 0.999913 -0.0130559 -0.000691467 0.0130571 0.999915 0.162328 -1.35794 -0.829214
FixedParameters: 0 0 0

#Transform 146
Transform: AffineTransform_float_3_3
Parameters: 0.999999 -0.00156596 0.000833085 0.00157704 0.999909 -0.0134157 -0.000811915 0.0134173 0.999909 0.14702 -1.37505 -0.851171
FixedParameters: 0 0 0

#Transform 147
Transform: AffineTransform_float_3_3
Parameters: 1 4.42217e-05 0.000690471 -3.47712e-05 0.999911 -0.01335 -0.000691525 0.01335 0.99991 0.0576473 -1.38351 -0.864068
FixedParameters: 0 0 0

#Transform 148
Transform: AffineTransform_float_3_3
Parameters: 0.999999 -0.00114086 0.0010545 0.00115413 0.999908 -0.0135038 -0.00103851 0.0135052 0.999909 0.101238 -1.39863 -0.847972
FixedParameters: 0 0 0

#Transform 149
Transform: AffineTransform_float_3_3
Parameters: 1 -0.000187448 0.00110139 0.000200547 0.999924 -0.0123168 -0.00109861 0.0123172 0.999923 0.0616228 -1.38988 -0.79565
FixedParameters: 0 0 0

#Transform 150
Transform: AffineTransform_float_3_3
Parameters: 0.999997 -0.00226572 0.000645789 0.00227427 0.999912 -0.0131226 -0.000615208 0.0131234 0.999913 0.147901 -1.44538 -0.821722
FixedParameters: 0 0 0

#Transform 151
Transform: AffineTransform_float_3_3
Parameters: 0.999998 -0.00189613 0.000714974 0.00190487 0.999918 -0.0126127 -0.00069103 0.0126133 0.99992 0.135521 -1.42601 -0.818256
FixedParameters: 0 0 0

#Transform 152
Transform: AffineTransform_float_3_3
Parameters: 0.999998 -0.00185209 0.00101101 0.00186491 0.999915 -0.0129191 -0.000986988 0.0129209 0.999916 0.146727 -1.44338 -0.806569
FixedParameters: 0 0 0

#Transform 153
Transform: AffineTransform_float_3_3
Parameters: 0.999998 -0.00202044 0.000929805 0.00203357 0.999904 -0.0137171 -0.000902189 0.0137189 0.999906 0.154337 -1.4696 -0.842128
FixedParameters: 0 0 0

#Transform 154
Transform: AffineTransform_float_3_3
Parameters: 0.999995 -0.00313727 -3.96151e-06 0.00313674 0.999926 -0.0118061 4.10352e-05 0.0118059 0.999931 0.183447 -1.42177 -0.786669
FixedParameters: 0 0 0

#Transform 155
Transform: AffineTransform_float_3_3
Parameters: 0.999995 -0.00314819 0.000652848 0.00315581 0.999919 -0.012323 -0.000614154 0.012325 0.999924 0.17444 -1.45945 -0.857292
FixedParameters: 0 0 0
