# transform file /out/sourcedata/freesurfer/sub-v1s3x0050825_ses-1/mri/transforms/cc_up.lta
# created by oesteban on Tue Mar 10 03:16:22 2026

type      = 0 # LINEAR_VOX_TO_VOX
nxforms   = 1
mean      = 130.0000 129.0000 119.0000
sigma     = 10000.0000
1 4 4
9.999794363975525e-01 -1.086735050193965e-03 6.333798170089722e-03 -2.593157052993774e+00 
1.086713396944106e-03 9.999994635581970e-01 6.883165042381734e-06 5.859096527099609e+00 
-6.333801895380020e-03 0.000000000000000e+00 9.999800324440002e-01 1.381936550140381e+01 
0.000000000000000e+00 0.000000000000000e+00 0.000000000000000e+00 1.000000000000000e+00 
src volume info
valid = 1  # volume info valid
filename = /out/sourcedata/freesurfer/sub-v1s3x0050825_ses-1/mri/norm.mgz
volume = 256 256 256
voxelsize = 1.000000000000000e+00 1.000000000000000e+00 1.000000000000000e+00
xras   = -9.999999403953552e-01 0.000000000000000e+00 0.000000000000000e+00
yras   = 0.000000000000000e+00 0.000000000000000e+00 -1.000000000000000e+00
zras   = 0.000000000000000e+00 9.999999403953552e-01 0.000000000000000e+00
cras   = 3.810005187988281e+00 -8.148681640625000e+00 1.498996734619141e+01
dst volume info
valid = 1  # volume info valid
filename = /out/sourcedata/freesurfer/sub-v1s3x0050825_ses-1/mri/norm.mgz
volume = 256 256 256
voxelsize = 1.000000000000000e+00 1.000000000000000e+00 1.000000000000000e+00
xras   = -9.999999403953552e-01 0.000000000000000e+00 0.000000000000000e+00
yras   = 0.000000000000000e+00 0.000000000000000e+00 -1.000000000000000e+00
zras   = 0.000000000000000e+00 9.999999403953552e-01 0.000000000000000e+00
cras   = 3.810005187988281e+00 -8.148681640625000e+00 1.498996734619141e+01
