# transform file /out/sourcedata/freesurfer/sub-v1s3x0050820_ses-1/mri/transforms/cc_up.lta
# created by oesteban on Tue Mar 10 03:06:53 2026

type      = 0 # LINEAR_VOX_TO_VOX
nxforms   = 1
mean      = 129.0000 128.0000 128.0000
sigma     = 10000.0000
1 4 4
9.998458623886108e-01 1.302915066480637e-02 1.177007146179676e-02 -3.197360038757324e+00 
-1.302824821323156e-02 9.999151229858398e-01 -1.533670583739877e-04 2.071330833435059e+01 
-1.177107077091932e-02 0.000000000000000e+00 9.999307394027710e-01 5.531036376953125e+00 
0.000000000000000e+00 0.000000000000000e+00 0.000000000000000e+00 1.000000000000000e+00 
src volume info
valid = 1  # volume info valid
filename = /out/sourcedata/freesurfer/sub-v1s3x0050820_ses-1/mri/norm.mgz
volume = 256 256 256
voxelsize = 1.000000000000000e+00 1.000000000000000e+00 1.000000000000000e+00
xras   = -1.000000000000000e+00 0.000000000000000e+00 0.000000000000000e+00
yras   = 0.000000000000000e+00 0.000000000000000e+00 -1.000000000000000e+00
zras   = 0.000000000000000e+00 1.000000000000000e+00 0.000000000000000e+00
cras   = 3.196121215820312e+00 -8.670433044433594e+00 6.607460021972656e+00
dst volume info
valid = 1  # volume info valid
filename = /out/sourcedata/freesurfer/sub-v1s3x0050820_ses-1/mri/norm.mgz
volume = 256 256 256
voxelsize = 1.000000000000000e+00 1.000000000000000e+00 1.000000000000000e+00
xras   = -1.000000000000000e+00 0.000000000000000e+00 0.000000000000000e+00
yras   = 0.000000000000000e+00 0.000000000000000e+00 -1.000000000000000e+00
zras   = 0.000000000000000e+00 1.000000000000000e+00 0.000000000000000e+00
cras   = 3.196121215820312e+00 -8.670433044433594e+00 6.607460021972656e+00
