# transform file /out/sourcedata/freesurfer/sub-v1s3x0050805_ses-1/mri/transforms/cc_up.lta
# created by oesteban on Tue Mar 10 02:31:33 2026

type      = 0 # LINEAR_VOX_TO_VOX
nxforms   = 1
mean      = 128.0000 135.0000 125.0000
sigma     = 10000.0000
1 4 4
9.998680949211121e-01 -4.939546342939138e-03 1.547894533723593e-02 -1.273199915885925e+00 
4.938954487442970e-03 9.999879002571106e-01 7.645989535376430e-05 9.359998703002930e+00 
-1.547913439571857e-02 -7.275958481545164e-12 9.998802542686462e-01 8.995824813842773e+00 
0.000000000000000e+00 0.000000000000000e+00 0.000000000000000e+00 1.000000000000000e+00 
src volume info
valid = 1  # volume info valid
filename = /out/sourcedata/freesurfer/sub-v1s3x0050805_ses-1/mri/norm.mgz
volume = 256 256 256
voxelsize = 1.000000000000000e+00 1.000000000000000e+00 1.000000000000000e+00
xras   = -1.000000000000000e+00 0.000000000000000e+00 0.000000000000000e+00
yras   = 0.000000000000000e+00 0.000000000000000e+00 -1.000000000000000e+00
zras   = 0.000000000000000e+00 1.000000000000000e+00 0.000000000000000e+00
cras   = 1.436370849609375e+00 -1.200441741943359e+01 -3.455825805664062e+00
dst volume info
valid = 1  # volume info valid
filename = /out/sourcedata/freesurfer/sub-v1s3x0050805_ses-1/mri/norm.mgz
volume = 256 256 256
voxelsize = 1.000000000000000e+00 1.000000000000000e+00 1.000000000000000e+00
xras   = -1.000000000000000e+00 0.000000000000000e+00 0.000000000000000e+00
yras   = 0.000000000000000e+00 0.000000000000000e+00 -1.000000000000000e+00
zras   = 0.000000000000000e+00 1.000000000000000e+00 0.000000000000000e+00
cras   = 1.436370849609375e+00 -1.200441741943359e+01 -3.455825805664062e+00
