# transform file /out/sourcedata/freesurfer/sub-v1s3x0050801_ses-1/mri/transforms/cc_up.lta
# created by oesteban on Tue Mar 10 01:42:27 2026

type      = 0 # LINEAR_VOX_TO_VOX
nxforms   = 1
mean      = 129.0000 130.0000 124.0000
sigma     = 10000.0000
1 4 4
9.961660504341125e-01 -2.887817099690437e-02 -8.257906138896942e-02 1.280034255981445e+01 
2.877945452928543e-02 9.995830059051514e-01 -2.385726897045970e-03 1.262512969970703e+01 
8.261352032423019e-02 -2.328306436538696e-10 9.965817332267761e-01 -2.266483306884766e-01 
0.000000000000000e+00 0.000000000000000e+00 0.000000000000000e+00 1.000000000000000e+00 
src volume info
valid = 1  # volume info valid
filename = /out/sourcedata/freesurfer/sub-v1s3x0050801_ses-1/mri/norm.mgz
volume = 256 256 256
voxelsize = 1.000000000000000e+00 1.000000000000000e+00 1.000000000000000e+00
xras   = -1.000000000000000e+00 0.000000000000000e+00 0.000000000000000e+00
yras   = 0.000000000000000e+00 0.000000000000000e+00 -1.000000000000000e+00
zras   = 0.000000000000000e+00 1.000000000000000e+00 0.000000000000000e+00
cras   = 1.589714050292969e+00 -1.724919128417969e+01 1.183589172363281e+01
dst volume info
valid = 1  # volume info valid
filename = /out/sourcedata/freesurfer/sub-v1s3x0050801_ses-1/mri/norm.mgz
volume = 256 256 256
voxelsize = 1.000000000000000e+00 1.000000000000000e+00 1.000000000000000e+00
xras   = -1.000000000000000e+00 0.000000000000000e+00 0.000000000000000e+00
yras   = 0.000000000000000e+00 0.000000000000000e+00 -1.000000000000000e+00
zras   = 0.000000000000000e+00 1.000000000000000e+00 0.000000000000000e+00
cras   = 1.589714050292969e+00 -1.724919128417969e+01 1.183589172363281e+01
