# transform file /out/sourcedata/freesurfer/sub-v1s3x0050782_ses-1/mri/transforms/cc_up.lta
# created by oesteban on Tue Mar 10 01:09:49 2026

type      = 0 # LINEAR_VOX_TO_VOX
nxforms   = 1
mean      = 128.0000 128.0000 126.0000
sigma     = 10000.0000
1 4 4
9.998788237571716e-01 1.526422053575516e-02 3.086647717282176e-03 -1.526714801788330e+00 
-1.526414789259434e-02 9.998835921287537e-01 -4.712075678980909e-05 1.596406936645508e+01 
-3.087007207795978e-03 0.000000000000000e+00 9.999952912330627e-01 3.939095735549927e-01 
0.000000000000000e+00 0.000000000000000e+00 0.000000000000000e+00 1.000000000000000e+00 
src volume info
valid = 1  # volume info valid
filename = /out/sourcedata/freesurfer/sub-v1s3x0050782_ses-1/mri/norm.mgz
volume = 256 256 256
voxelsize = 1.000000000000000e+00 1.000000000000000e+00 1.000000000000000e+00
xras   = -1.000000000000000e+00 0.000000000000000e+00 0.000000000000000e+00
yras   = 0.000000000000000e+00 0.000000000000000e+00 -1.000000000000000e+00
zras   = 0.000000000000000e+00 1.000000000000000e+00 0.000000000000000e+00
cras   = -5.689239501953125e-01 4.279609680175781e+00 6.645759582519531e+00
dst volume info
valid = 1  # volume info valid
filename = /out/sourcedata/freesurfer/sub-v1s3x0050782_ses-1/mri/norm.mgz
volume = 256 256 256
voxelsize = 1.000000000000000e+00 1.000000000000000e+00 1.000000000000000e+00
xras   = -1.000000000000000e+00 0.000000000000000e+00 0.000000000000000e+00
yras   = 0.000000000000000e+00 0.000000000000000e+00 -1.000000000000000e+00
zras   = 0.000000000000000e+00 1.000000000000000e+00 0.000000000000000e+00
cras   = -5.689239501953125e-01 4.279609680175781e+00 6.645759582519531e+00
