# transform file /out/sourcedata/freesurfer/sub-v1s3x0050779_ses-1/mri/transforms/cc_up.lta
# created by oesteban on Tue Mar 10 01:03:56 2026

type      = 0 # LINEAR_VOX_TO_VOX
nxforms   = 1
mean      = 130.0000 139.0000 124.0000
sigma     = 10000.0000
1 4 4
9.997099041938782e-01 2.383430488407612e-02 -3.499031765386462e-03 -4.884206295013428e+00 
-2.383415959775448e-02 9.997159838676453e-01 8.342067303601652e-05 1.010988521575928e+01 
3.500026185065508e-03 0.000000000000000e+00 9.999939799308777e-01 1.354766941070557e+01 
0.000000000000000e+00 0.000000000000000e+00 0.000000000000000e+00 1.000000000000000e+00 
src volume info
valid = 1  # volume info valid
filename = /out/sourcedata/freesurfer/sub-v1s3x0050779_ses-1/mri/norm.mgz
volume = 256 256 256
voxelsize = 1.000000000000000e+00 1.000000000000000e+00 1.000000000000000e+00
xras   = -1.000000000000000e+00 0.000000000000000e+00 0.000000000000000e+00
yras   = 0.000000000000000e+00 0.000000000000000e+00 -1.000000000000000e+00
zras   = 0.000000000000000e+00 1.000000000000000e+00 0.000000000000000e+00
cras   = -1.193405151367188e+00 -3.795858764648438e+01 3.953186035156250e+01
dst volume info
valid = 1  # volume info valid
filename = /out/sourcedata/freesurfer/sub-v1s3x0050779_ses-1/mri/norm.mgz
volume = 256 256 256
voxelsize = 1.000000000000000e+00 1.000000000000000e+00 1.000000000000000e+00
xras   = -1.000000000000000e+00 0.000000000000000e+00 0.000000000000000e+00
yras   = 0.000000000000000e+00 0.000000000000000e+00 -1.000000000000000e+00
zras   = 0.000000000000000e+00 1.000000000000000e+00 0.000000000000000e+00
cras   = -1.193405151367188e+00 -3.795858764648438e+01 3.953186035156250e+01
