# transform file /out/sourcedata/freesurfer/sub-v1s3x0050776_ses-1/mri/transforms/cc_up.lta
# created by oesteban on Tue Mar 10 00:27:58 2026

type      = 0 # LINEAR_VOX_TO_VOX
nxforms   = 1
mean      = 126.0000 134.0000 124.0000
sigma     = 10000.0000
1 4 4
9.992124438285828e-01 8.100480772554874e-03 -3.884466364979744e-02 6.858991622924805e+00 
-8.094366639852524e-03 9.999672174453735e-01 3.146707604173571e-04 1.297753429412842e+01 
3.884593769907951e-02 0.000000000000000e+00 9.992452263832092e-01 2.235589027404785e+00 
0.000000000000000e+00 0.000000000000000e+00 0.000000000000000e+00 1.000000000000000e+00 
src volume info
valid = 1  # volume info valid
filename = /out/sourcedata/freesurfer/sub-v1s3x0050776_ses-1/mri/norm.mgz
volume = 256 256 256
voxelsize = 1.000000000000000e+00 1.000000000000000e+00 1.000000000000000e+00
xras   = -1.000000000000000e+00 0.000000000000000e+00 0.000000000000000e+00
yras   = 0.000000000000000e+00 0.000000000000000e+00 -1.000000000000000e+00
zras   = 0.000000000000000e+00 1.000000000000000e+00 0.000000000000000e+00
cras   = -4.127975463867188e+00 1.063572692871094e+01 5.398773193359375e+00
dst volume info
valid = 1  # volume info valid
filename = /out/sourcedata/freesurfer/sub-v1s3x0050776_ses-1/mri/norm.mgz
volume = 256 256 256
voxelsize = 1.000000000000000e+00 1.000000000000000e+00 1.000000000000000e+00
xras   = -1.000000000000000e+00 0.000000000000000e+00 0.000000000000000e+00
yras   = 0.000000000000000e+00 0.000000000000000e+00 -1.000000000000000e+00
zras   = 0.000000000000000e+00 1.000000000000000e+00 0.000000000000000e+00
cras   = -4.127975463867188e+00 1.063572692871094e+01 5.398773193359375e+00
