# transform file /out/sourcedata/freesurfer/sub-v1s3x0050799_ses-1/mri/transforms/cc_up.lta
# created by oesteban on Thu Mar 12 17:44:14 2026

type      = 0 # LINEAR_VOX_TO_VOX
nxforms   = 1
mean      = 130.0000 127.0000 127.0000
sigma     = 10000.0000
1 4 4
9.996045827865601e-01 4.640208091586828e-03 -2.773305028676987e-02 1.258284807205200e+00 
-4.638423211872578e-03 9.999892711639404e-01 1.286885089939460e-04 2.059158325195312e+01 
2.773334830999374e-02 0.000000000000000e+00 9.996153116226196e-01 9.425550460815430e+00 
0.000000000000000e+00 0.000000000000000e+00 0.000000000000000e+00 1.000000000000000e+00 
src volume info
valid = 1  # volume info valid
filename = /out/sourcedata/freesurfer/sub-v1s3x0050799_ses-1/mri/norm.mgz
volume = 256 256 256
voxelsize = 1.000000000000000e+00 1.000000000000000e+00 1.000000000000000e+00
xras   = -1.000000000000000e+00 0.000000000000000e+00 0.000000000000000e+00
yras   = 0.000000000000000e+00 0.000000000000000e+00 -1.000000000000000e+00
zras   = 0.000000000000000e+00 1.000000000000000e+00 0.000000000000000e+00
cras   = 2.216522216796875e+00 -2.197435760498047e+01 1.134117126464844e+00
dst volume info
valid = 1  # volume info valid
filename = /out/sourcedata/freesurfer/sub-v1s3x0050799_ses-1/mri/norm.mgz
volume = 256 256 256
voxelsize = 1.000000000000000e+00 1.000000000000000e+00 1.000000000000000e+00
xras   = -1.000000000000000e+00 0.000000000000000e+00 0.000000000000000e+00
yras   = 0.000000000000000e+00 0.000000000000000e+00 -1.000000000000000e+00
zras   = 0.000000000000000e+00 1.000000000000000e+00 0.000000000000000e+00
cras   = 2.216522216796875e+00 -2.197435760498047e+01 1.134117126464844e+00
