# transform file /out/sourcedata/freesurfer/sub-v1s3x0050823_ses-1/mri/transforms/cc_up.lta
# created by oesteban on Thu Mar 12 18:16:23 2026

type      = 0 # LINEAR_VOX_TO_VOX
nxforms   = 1
mean      = 130.0000 127.0000 125.0000
sigma     = 10000.0000
1 4 4
9.996272921562195e-01 1.712047494947910e-02 -2.126541733741760e-02 1.085386753082275e+00 
-1.711660251021385e-02 9.998534321784973e-01 3.641274233814329e-04 1.813961029052734e+01 
2.126853540539742e-02 -2.910383045673370e-11 9.997738003730774e-01 5.334633827209473e+00 
0.000000000000000e+00 0.000000000000000e+00 0.000000000000000e+00 1.000000000000000e+00 
src volume info
valid = 1  # volume info valid
filename = /out/sourcedata/freesurfer/sub-v1s3x0050823_ses-1/mri/norm.mgz
volume = 256 256 256
voxelsize = 1.000000000000000e+00 1.000000000000000e+00 1.000000000000000e+00
xras   = -1.000000000000000e+00 0.000000000000000e+00 0.000000000000000e+00
yras   = 0.000000000000000e+00 0.000000000000000e+00 -1.000000000000000e+00
zras   = 0.000000000000000e+00 1.000000000000000e+00 0.000000000000000e+00
cras   = 1.787780761718750e+00 2.648750305175781e+00 -1.014222717285156e+01
dst volume info
valid = 1  # volume info valid
filename = /out/sourcedata/freesurfer/sub-v1s3x0050823_ses-1/mri/norm.mgz
volume = 256 256 256
voxelsize = 1.000000000000000e+00 1.000000000000000e+00 1.000000000000000e+00
xras   = -1.000000000000000e+00 0.000000000000000e+00 0.000000000000000e+00
yras   = 0.000000000000000e+00 0.000000000000000e+00 -1.000000000000000e+00
zras   = 0.000000000000000e+00 1.000000000000000e+00 0.000000000000000e+00
cras   = 1.787780761718750e+00 2.648750305175781e+00 -1.014222717285156e+01
