#Insight Transform File V1.0
#Transform 0
Transform: AffineTransform_float_3_3
Parameters: 1 1.92404e-07 -0.000412 1.92404e-07 1 0.000467 0.000412 -0.000467 1 0.00254533 0.028954 0.0598687
FixedParameters: 0 0 0

#Transform 1
Transform: AffineTransform_float_3_3
Parameters: 1 1.67308e-07 -0.000302 1.67308e-07 1 0.000554 0.000302 -0.000554 1 0.00188385 0.0512101 0.0435352
FixedParameters: 0 0 0

#Transform 2
Transform: AffineTransform_float_3_3
Parameters: 1 3.1133e-05 -0.00040299 -3.0867e-05 1 0.000330012 0.00040301 -0.000329987 1 0.00187354 0.045954 0.0568356
FixedParameters: 0 0 0

#Transform 3
Transform: AffineTransform_float_3_3
Parameters: 1 9.80436e-05 -0.00014097 -9.79564e-05 1 0.000309014 0.00014103 -0.000308986 1 -0.00895195 0.0477452 0.0679659
FixedParameters: 0 0 0

#Transform 4
Transform: AffineTransform_float_3_3
Parameters: 1 -1.68912e-05 -0.000403004 1.71088e-05 1 0.000269993 0.000402995 -0.000270007 1 -0.00707567 0.0458051 0.0389983
FixedParameters: 0 0 0

#Transform 5
Transform: AffineTransform_float_3_3
Parameters: 1 -8.00499e-05 0.000137971 7.995e-05 1 0.000362011 -0.000138029 -0.000361989 1 -0.00923315 0.00565692 0.023927
FixedParameters: 0 0 0

#Transform 6
Transform: AffineTransform_float_3_3
Parameters: 1 -8.00228e-05 -0.000162989 7.99772e-05 1 -0.000140013 0.000163011 0.000139987 1 -0.0073843 0.00868588 0.0466503
FixedParameters: 0 0 0

#Transform 7
Transform: AffineTransform_float_3_3
Parameters: 1 -0.000512979 -0.000300036 0.000513021 1 6.98461e-05 0.000299964 -7.01539e-05 1 0.014956 0.0157908 0.0512216
FixedParameters: 0 0 0

#Transform 8
Transform: AffineTransform_float_3_3
Parameters: 1 -0.000283982 -0.000403013 0.000284018 1 4.48855e-05 0.000402987 -4.41144e-05 1 0.00626377 0.0182903 0.0172114
FixedParameters: 0 0 0

#Transform 9
Transform: AffineTransform_float_3_3
Parameters: 1 -0.000339999 -0.000403001 0.000340001 1 1.86298e-06 0.000402999 -2.13702e-06 1 0.0095871 0.0193818 0.0243421
FixedParameters: 0 0 0

#Transform 10
Transform: AffineTransform_float_3_3
Parameters: 1 -0.000280906 -0.000403066 0.000281094 1 0.000233887 0.000402934 -0.000234113 1 0.00835786 0.02645 0.0246586
FixedParameters: 0 0 0

#Transform 11
Transform: AffineTransform_float_3_3
Parameters: 1 -7.98186e-05 -0.000403036 8.01813e-05 1 0.000449968 0.000402964 -0.000450032 1 -0.00176732 0.0343599 0.0311969
FixedParameters: 0 0 0

#Transform 12
Transform: AffineTransform_float_3_3
Parameters: 1 -7.98722e-05 -0.000284036 8.01278e-05 1 0.000449977 0.000283964 -0.000450023 1 -0.00663098 0.00354176 0.0517565
FixedParameters: 0 0 0

#Transform 13
Transform: AffineTransform_float_3_3
Parameters: 1 -7.98186e-05 -0.000403036 8.01813e-05 1 0.000449968 0.000402964 -0.000450032 1 0.00413097 -0.00852294 0.0216245
FixedParameters: 0 0 0

#Transform 14
Transform: AffineTransform_float_3_3
Parameters: 1 0.000432815 0.000396202 -0.000433184 1 0.000465828 -0.000395798 -0.000466171 1 -0.0212604 0.016535 0.0500643
FixedParameters: 0 0 0

#Transform 15
Transform: AffineTransform_float_3_3
Parameters: 1 0.000250993 5.10339e-05 -0.000251007 1 0.000134987 -5.09661e-05 -0.000135013 1 -0.0153786 0.029891 0.0465299
FixedParameters: 0 0 0

#Transform 16
Transform: AffineTransform_float_3_3
Parameters: 1 0.000282011 -4.29292e-05 -0.000281989 1 0.000251012 4.30708e-05 -0.000250988 1 -0.0054774 0.0263037 0.0317444
FixedParameters: 0 0 0

#Transform 17
Transform: AffineTransform_float_3_3
Parameters: 1 0.000282003 -1.89619e-05 -0.000281997 1 0.000135005 1.90381e-05 -0.000134995 1 -0.00559569 0.0215249 0.0164009
FixedParameters: 0 0 0

#Transform 18
Transform: AffineTransform_float_3_3
Parameters: 1 0.000455463 0.00039747 -0.000455538 0.999999 -0.00116418 -0.000397531 0.00116482 0.999999 -0.0118155 -0.0333742 -0.0150076
FixedParameters: 0 0 0

#Transform 19
Transform: AffineTransform_float_3_3
Parameters: 1 0.00028212 -0.000108688 -0.000281879 1 0.00110603 0.000109312 -0.00110597 1 -0.00505886 -0.0102365 0.0598525
FixedParameters: 0 0 0

#Transform 20
Transform: AffineTransform_float_3_3
Parameters: 1 -3.59626e-05 -0.000109012 3.60374e-05 1 0.000342996 0.000108988 -0.000343004 1 -0.00829336 -0.0051808 0.0151519
FixedParameters: 0 0 0

#Transform 21
Transform: AffineTransform_float_3_3
Parameters: 1 0.000282 4.89997e-05 -0.000282 1 -1.01382e-06 -4.90003e-05 9.86182e-07 1 -0.0160433 -0.0103323 0.00214423
FixedParameters: 0 0 0

#Transform 22
Transform: AffineTransform_float_3_3
Parameters: 1 0.000281947 -0.000109138 -0.000282053 1 -0.000487969 0.000108862 0.000488031 1 -0.00503924 -0.00727775 -0.0116391
FixedParameters: 0 0 0

#Transform 23
Transform: AffineTransform_float_3_3
Parameters: 1 0.00028208 0.000137835 -0.00028192 1 -0.000584039 -0.000137165 0.000583961 1 -0.00654631 -0.0109345 -0.0128886
FixedParameters: 0 0 0

#Transform 24
Transform: AffineTransform_float_3_3
Parameters: 1 0.000532282 0.000122784 -0.000532718 0.999997 -0.00228507 -0.000124218 0.00228494 0.999998 -0.0117539 -0.0402568 -0.0865537
FixedParameters: 0 0 0

#Transform 25
Transform: AffineTransform_float_3_3
Parameters: 0.999999 0.000533837 0.000604382 -0.000532161 0.999995 -0.00303632 -0.000606618 0.00303568 0.999995 -0.0111542 -0.0380221 -0.127535
FixedParameters: 0 0 0

#Transform 26
Transform: AffineTransform_float_3_3
Parameters: 1 -7.17677e-05 0.000258065 7.22321e-05 0.999999 -0.000899981 -0.000257935 0.000900018 0.999999 -0.000111035 -0.00913236 -0.0267183
FixedParameters: 0 0 0

#Transform 27
Transform: AffineTransform_float_3_3
Parameters: 1 3.85522e-05 0.00053296 -3.84478e-05 1 -0.00103602 -0.00053304 0.00103598 1 0.00439242 -0.00861095 -0.0294654
FixedParameters: 0 0 0

#Transform 28
Transform: AffineTransform_float_3_3
Parameters: 1 -7.16881e-05 0.000366061 7.23118e-05 0.999999 -0.000851973 -0.000365938 0.000852026 0.999999 -0.000766047 -0.00702444 -0.037576
FixedParameters: 0 0 0

#Transform 29
Transform: AffineTransform_float_3_3
Parameters: 1 -0.000196448 0.000533204 0.000196553 1 -0.0010359 -0.000533797 0.00103611 1 0.000832504 -0.0121586 -0.0416841
FixedParameters: 0 0 0

#Transform 30
Transform: AffineTransform_float_3_3
Parameters: 1 -0.000196161 0.000533309 0.00019684 0.999998 -0.00157389 -0.000533691 0.0015741 0.999998 -0.00232438 -0.0247014 -0.106131
FixedParameters: 0 0 0

#Transform 31
Transform: AffineTransform_float_3_3
Parameters: 1 -0.000196031 0.000533357 0.00019697 0.999999 -0.0018179 -0.000533643 0.00181811 0.999998 0.000800145 -0.0241266 -0.121829
FixedParameters: 0 0 0

#Transform 32
Transform: AffineTransform_float_3_3
Parameters: 0.999999 -0.000195501 0.000742396 0.000196498 0.999998 -0.00201985 -0.000741604 0.00202014 0.999997 -0.000514969 -0.0280166 -0.115653
FixedParameters: 0 0 0

#Transform 33
Transform: AffineTransform_float_3_3
Parameters: 1 2.80297e-05 0.000532947 -2.69702e-05 0.999998 -0.00193201 -0.000533053 0.00193199 0.999998 0.000782827 -0.0228282 -0.113473
FixedParameters: 0 0 0

#Transform 34
Transform: AffineTransform_float_3_3
Parameters: 1 -0.000195985 0.000533374 0.000197016 0.999998 -0.0019029 -0.000533626 0.00190311 0.999998 -0.00339999 -0.0148088 -0.113004
FixedParameters: 0 0 0

#Transform 35
Transform: AffineTransform_float_3_3
Parameters: 1 -0.000144031 0.000533263 0.00014497 0.999999 -0.00181692 -0.000533737 0.00181708 0.999998 -0.000272853 -0.0199752 -0.0963891
FixedParameters: 0 0 0

#Transform 36
Transform: AffineTransform_float_3_3
Parameters: 1 -0.000195798 0.000642368 0.000197201 0.999998 -0.00187187 -0.000641632 0.00187213 0.999998 0.000155077 -0.02692 -0.0647237
FixedParameters: 0 0 0

#Transform 37
Transform: AffineTransform_float_3_3
Parameters: 0.999999 0.000443518 0.000790592 -0.00044048 0.999995 -0.00318235 -0.000792405 0.00318165 0.999994 -0.0141097 -0.0744926 -0.14595
FixedParameters: 0 0 0

#Transform 38
Transform: AffineTransform_float_3_3
Parameters: 0.999999 0.00060216 0.000792608 -0.000598837 0.999992 -0.00398248 -0.00079539 0.00398152 0.999992 -0.0175075 -0.0762562 -0.18245
FixedParameters: 0 0 0

#Transform 39
Transform: AffineTransform_float_3_3
Parameters: 1 0.00066033 0.000935961 -0.000655671 0.999989 -0.00461862 -0.000939039 0.00461838 0.999989 -0.010069 -0.0825457 -0.199331
FixedParameters: 0 0 0

#Transform 40
Transform: AffineTransform_float_3_3
Parameters: 0.999999 0.000661201 0.00106479 -0.000655799 0.999988 -0.0048767 -0.00106821 0.00487629 0.999987 -0.00134626 -0.078122 -0.19507
FixedParameters: 0 0 0

#Transform 41
Transform: AffineTransform_float_3_3
Parameters: 0.999998 0.00106398 0.00133726 -0.00105801 0.999989 -0.00446742 -0.00134274 0.00446658 0.999989 -0.0114898 -0.0696018 -0.170656
FixedParameters: 0 0 0

#Transform 42
Transform: AffineTransform_float_3_3
Parameters: 0.999999 0.000211181 0.000827194 -0.000207819 0.999992 -0.00384417 -0.000827805 0.00384383 0.999993 -0.00042892 -0.0486996 -0.126799
FixedParameters: 0 0 0

#Transform 43
Transform: AffineTransform_float_3_3
Parameters: 1 0.000540437 0.00104171 -0.000535566 0.999991 -0.00425456 -0.00104329 0.00425444 0.999991 0.0014951 -0.0973897 -0.184888
FixedParameters: 0 0 0

#Transform 44
Transform: AffineTransform_float_3_3
Parameters: 0.999998 0.000835203 0.0014745 -0.000828797 0.999991 -0.00420323 -0.0014775 0.00420177 0.99999 -0.00730858 -0.113211 -0.17667
FixedParameters: 0 0 0

#Transform 45
Transform: AffineTransform_float_3_3
Parameters: 0.999999 0.000211729 0.000809033 -0.000208271 0.99999 -0.00460617 -0.000809968 0.00460583 0.999989 0.00959705 -0.127317 -0.166256
FixedParameters: 0 0 0

#Transform 46
Transform: AffineTransform_float_3_3
Parameters: 0.999999 0.000212092 0.000907053 -0.000207908 0.99999 -0.00450919 -0.000907947 0.00450881 0.99999 0.00899157 -0.125733 -0.186647
FixedParameters: 0 0 0

#Transform 47
Transform: AffineTransform_float_3_3
Parameters: 1 0.00021216 0.00101114 -0.00020784 0.999991 -0.00411321 -0.00101186 0.00411279 0.999991 -0.00154208 -0.0840082 -0.155855
FixedParameters: 0 0 0

#Transform 48
Transform: AffineTransform_float_3_3
Parameters: 1 0.000212565 0.00110613 -0.000207436 0.999992 -0.00412523 -0.00110687 0.00412477 0.999991 0.00573792 -0.0555635 -0.146027
FixedParameters: 0 0 0

#Transform 49
Transform: AffineTransform_float_3_3
Parameters: 1 0.000273617 0.00108685 -0.000269382 0.999991 -0.0042463 -0.00108815 0.00424571 0.999991 -0.00333716 -0.127202 -0.176784
FixedParameters: 0 0 0

#Transform 50
Transform: AffineTransform_float_3_3
Parameters: 1 0.000267435 0.00117478 -0.000261569 0.99999 -0.00462431 -0.00117522 0.00462369 0.999988 0.00626179 -0.141373 -0.199954
FixedParameters: 0 0 0

#Transform 51
Transform: AffineTransform_float_3_3
Parameters: 0.999997 0.0012166 0.00201503 -0.0012094 0.999994 -0.00327144 -0.00201897 0.00326955 0.999992 -0.00111935 -0.12572 -0.105369
FixedParameters: 0 0 0

#Transform 52
Transform: AffineTransform_float_3_3
Parameters: 1 -0.000377987 -2.02355e-05 0.000378012 0.999999 0.000622992 1.97645e-05 -0.000623007 1 -0.0198431 -0.176066 0.134312
FixedParameters: 0 0 0

#Transform 53
Transform: AffineTransform_float_3_3
Parameters: 1 -0.000248316 0.000470307 0.000247682 0.999996 0.00279612 -0.000471694 -0.00279588 0.999996 -0.00995203 -0.189742 0.153983
FixedParameters: 0 0 0

#Transform 54
Transform: AffineTransform_float_3_3
Parameters: 0.999999 -0.000594051 -0.000609886 0.000596949 0.999988 0.00484664 0.000607113 -0.00484736 0.999988 -0.0059132 -0.202119 0.22438
FixedParameters: 0 0 0

#Transform 55
Transform: AffineTransform_float_3_3
Parameters: 1 -0.000712139 -0.000890104 0.000715861 0.999991 0.00434537 0.000886897 -0.00434664 0.99999 -0.00152103 -0.211497 0.189956
FixedParameters: 0 0 0

#Transform 56
Transform: AffineTransform_float_3_3
Parameters: 0.999999 -0.000829012 -0.000921604 0.000832987 0.999991 0.00433624 0.000917397 -0.00433677 0.99999 -0.00315784 -0.205623 0.199864
FixedParameters: 0 0 0

#Transform 57
Transform: AffineTransform_float_3_3
Parameters: 0.999999 -0.000987398 -0.00105433 0.0009916 0.99999 0.00437296 0.00104967 -0.00437404 0.99999 0.00516367 -0.228131 0.215023
FixedParameters: 0 0 0

#Transform 58
Transform: AffineTransform_float_3_3
Parameters: 0.999998 -0.00108377 -0.00122664 0.00108823 0.999991 0.00426967 0.00122236 -0.00427033 0.99999 0.00301208 -0.165078 0.189563
FixedParameters: 0 0 0

#Transform 59
Transform: AffineTransform_float_3_3
Parameters: 0.999999 -0.000982761 -0.00121625 0.000988238 0.99999 0.0043148 0.00121175 -0.0043152 0.99999 0.00614361 -0.190428 0.180499
FixedParameters: 0 0 0

#Transform 60
Transform: AffineTransform_float_3_3
Parameters: 0.999999 -0.00115579 -0.000922037 0.00115921 0.999993 0.00348793 0.000917961 -0.00348906 0.999993 0.00796854 -0.175753 0.152363
FixedParameters: 0 0 0

#Transform 61
Transform: AffineTransform_float_3_3
Parameters: 0.999999 -0.00106017 -0.00109372 0.00106383 0.999994 0.00350584 0.00109028 -0.00350716 0.999994 0.000629483 -0.22003 0.153175
FixedParameters: 0 0 0

#Transform 62
Transform: AffineTransform_float_3_3
Parameters: 0.999998 -0.000974202 -0.0013395 0.000978797 0.999993 0.00358669 0.0013355 -0.00358731 0.999992 0.00675553 -0.193503 0.147544
FixedParameters: 0 0 0

#Transform 63
Transform: AffineTransform_float_3_3
Parameters: 0.999999 -0.00105197 -0.0011507 0.00105603 0.999994 0.00350879 0.0011473 -0.00351021 0.999993 0.00717417 -0.192993 0.137028
FixedParameters: 0 0 0

#Transform 64
Transform: AffineTransform_float_3_3
Parameters: 0.999999 -0.00106367 -0.000921851 0.00106733 0.999993 0.00361402 0.000918148 -0.00361498 0.999993 0.00600598 -0.193453 0.155167
FixedParameters: 0 0 0

#Transform 65
Transform: AffineTransform_float_3_3
Parameters: 0.999999 -0.00115531 -0.000922637 0.00115969 0.999992 0.00400693 0.000917359 -0.00400806 0.999991 0.00797751 -0.195916 0.152797
FixedParameters: 0 0 0

#Transform 66
Transform: AffineTransform_float_3_3
Parameters: 0.999999 -0.000898028 -0.00110189 0.000903972 0.999985 0.00543101 0.00109711 -0.00543199 0.999984 0.00365625 -0.213104 0.209419
FixedParameters: 0 0 0

#Transform 67
Transform: AffineTransform_float_3_3
Parameters: 0.999999 -0.0010313 -0.00114914 0.00103771 0.999987 0.00497381 0.00114485 -0.00497519 0.999987 0.00678665 -0.245896 0.227808
FixedParameters: 0 0 0

#Transform 68
Transform: AffineTransform_float_3_3
Parameters: 0.999999 -0.000714674 -0.00123767 0.000720326 0.999986 0.00511711 0.00123433 -0.00511889 0.999986 0.000737277 -0.247777 0.208692
FixedParameters: 0 0 0

#Transform 69
Transform: AffineTransform_float_3_3
Parameters: 0.999999 -0.000901314 -0.00105602 0.000906685 0.999989 0.00444504 0.00105198 -0.00444595 0.999989 0.00343699 -0.24712 0.174609
FixedParameters: 0 0 0

#Transform 70
Transform: AffineTransform_float_3_3
Parameters: 0.999999 -0.000670798 -0.00115404 0.000675202 0.999989 0.00451322 0.00115096 -0.00451377 0.999989 -0.000708263 -0.25748 0.195784
FixedParameters: 0 0 0

#Transform 71
Transform: AffineTransform_float_3_3
Parameters: 1 -0.000188315 -0.000193668 0.000188682 0.999993 0.00354196 0.000192333 -0.00354203 0.999993 -0.0108061 -0.3347 0.134206
FixedParameters: 0 0 0

#Transform 72
Transform: AffineTransform_float_3_3
Parameters: 1 -0.000109748 -6.64176e-05 0.00011025 0.999993 0.00380099 6.55814e-05 -0.00380101 0.999993 -0.0150334 -0.353605 0.1516
FixedParameters: 0 0 0

#Transform 73
Transform: AffineTransform_float_3_3
Parameters: 1 -0.000209476 -0.000157699 0.000210525 0.999994 0.00333097 0.0001573 -0.00333103 0.999995 -0.00862505 -0.362798 0.155985
FixedParameters: 0 0 0

#Transform 74
Transform: AffineTransform_float_3_3
Parameters: 1 -9.5313e-05 -0.000214307 9.5686e-05 0.999995 0.00320798 0.000213694 -0.00320802 0.999995 -0.0188355 -0.342609 0.158626
FixedParameters: 0 0 0

#Transform 75
Transform: AffineTransform_float_3_3
Parameters: 1 -3.13728e-05 -0.000214093 3.16269e-05 0.999995 0.00292999 0.000213908 -0.00293 0.999995 -0.0150505 -0.354784 0.145132
FixedParameters: 0 0 0

#Transform 76
Transform: AffineTransform_float_3_3
Parameters: 1 -0.000528289 -0.00102193 0.000531713 0.999994 0.00363546 0.00102007 -0.00363554 0.999993 -0.00430656 -0.287148 0.215638
FixedParameters: 0 0 0

#Transform 77
Transform: AffineTransform_float_3_3
Parameters: 0.999999 -0.000798571 -0.00131132 0.000804428 0.999991 0.00414495 0.00130768 -0.00414605 0.99999 0.00322227 -0.304951 0.226872
FixedParameters: 0 0 0

#Transform 78
Transform: AffineTransform_float_3_3
Parameters: 0.999999 -0.000580668 -0.00130993 0.000585333 0.999995 0.00330924 0.00130807 -0.00330976 0.999993 -0.0014012 -0.333238 0.174843
FixedParameters: 0 0 0

#Transform 79
Transform: AffineTransform_float_3_3
Parameters: 0.999999 -0.000670613 -0.00104189 0.000671388 0.999999 0.0013323 0.00104111 -0.0013327 0.999998 0.00862826 -0.352664 0.114189
FixedParameters: 0 0 0

#Transform 80
Transform: AffineTransform_float_3_3
Parameters: 0.999999 -0.000711315 -0.00101219 0.000712686 0.999999 0.00166628 0.00101081 -0.00166672 0.999998 -0.000470886 -0.340069 0.105548
FixedParameters: 0 0 0

#Transform 81
Transform: AffineTransform_float_3_3
Parameters: 0.999999 -0.000867233 -0.0013105 0.000871764 0.999995 0.00287586 0.0013075 -0.00287714 0.999995 0.0045551 -0.298956 0.162234
FixedParameters: 0 0 0

#Transform 82
Transform: AffineTransform_float_3_3
Parameters: 0.999999 -0.000861742 -0.00131015 0.000865257 0.999996 0.00248787 0.00130785 -0.00248913 0.999996 0.00449695 -0.329412 0.139564
FixedParameters: 0 0 0

#Transform 83
Transform: AffineTransform_float_3_3
Parameters: 1 -0.0006995 -0.000945854 0.000702501 0.999997 0.00264534 0.000944145 -0.00264666 0.999996 -0.00119254 -0.35702 0.147294
FixedParameters: 0 0 0

#Transform 84
Transform: AffineTransform_float_3_3
Parameters: 1 -0.000690686 -0.000989619 0.000693315 0.999997 0.00233932 0.00098838 -0.00234068 0.999997 -0.001046 -0.378749 0.113692
FixedParameters: 0 0 0

#Transform 85
Transform: AffineTransform_float_3_3
Parameters: 0.999999 -0.000771195 -0.000955459 0.000772803 0.999998 0.00188926 0.000953541 -0.00189074 0.999998 0.000346913 -0.374885 0.111875
FixedParameters: 0 0 0

#Transform 86
Transform: AffineTransform_float_3_3
Parameters: 1 -0.000725076 -0.000877595 0.000726927 0.999998 0.00219536 0.000876407 -0.00219564 0.999997 -0.00100495 -0.364979 0.119625
FixedParameters: 0 0 0

#Transform 87
Transform: AffineTransform_float_3_3
Parameters: 1 -0.000695994 -0.000914531 0.000698006 0.999998 0.00219536 0.00091247 -0.00219564 0.999997 -0.00149259 -0.362133 0.117564
FixedParameters: 0 0 0

#Transform 88
Transform: AffineTransform_float_3_3
Parameters: 1 -0.000600244 -0.000751407 0.000602758 0.999997 0.00233955 0.000750592 -0.00233945 0.999997 -0.00449786 -0.389294 0.119456
FixedParameters: 0 0 0

#Transform 89
Transform: AffineTransform_float_3_3
Parameters: 1 -0.000602217 -0.000813325 0.000603784 0.999998 0.00219551 0.000811677 -0.00219549 0.999998 -0.00397609 -0.39602 0.113433
FixedParameters: 0 0 0

#Transform 90
Transform: AffineTransform_float_3_3
Parameters: 1 -0.000701373 -0.000914251 0.000702628 0.999998 0.00178136 0.00091275 -0.00178164 0.999998 0.00145247 -0.407076 0.0885127
FixedParameters: 0 0 0

#Transform 91
Transform: AffineTransform_float_3_3
Parameters: 1 6.4944e-05 3.31099e-05 -6.50557e-05 0.999998 0.001692 -3.289e-05 -0.001692 0.999998 -0.0197104 -0.442008 0.0583048
FixedParameters: 0 0 0

#Transform 92
Transform: AffineTransform_float_3_3
Parameters: 0.999999 -0.000575981 -0.000563044 0.000577018 0.999998 0.00181068 0.000561956 -0.00181132 0.999998 -0.0060907 -0.401637 0.110812
FixedParameters: 0 0 0

#Transform 93
Transform: AffineTransform_float_3_3
Parameters: 1 6.50047e-05 -2.89483e-06 -6.49967e-05 0.999998 0.001618 2.10517e-06 -0.001618 0.999998 -0.0230237 -0.461208 0.0414291
FixedParameters: 0 0 0

#Transform 94
Transform: AffineTransform_float_3_3
Parameters: 1 -0.000387151 -0.000390842 0.000387848 0.999997 0.00217285 0.000390158 -0.00217315 0.999997 -0.0111409 -0.417668 0.113602
FixedParameters: 0 0 0

#Transform 95
Transform: AffineTransform_float_3_3
Parameters: 0.999999 -0.00052138 -0.00071119 0.00052362 0.999998 0.00227963 0.000709808 -0.00228037 0.999997 -0.00631507 -0.424991 0.105657
FixedParameters: 0 0 0

#Transform 96
Transform: AffineTransform_float_3_3
Parameters: 1 -0.000554015 -0.000871266 0.000555987 0.999997 0.00227952 0.000870735 -0.00228048 0.999997 -0.0044957 -0.438951 0.0641157
FixedParameters: 0 0 0

#Transform 97
Transform: AffineTransform_float_3_3
Parameters: 0.999999 -0.000666397 -0.000391028 0.000667602 0.999998 0.00154274 0.000389971 -0.00154226 0.999998 -0.00525139 -0.455647 0.0702093
FixedParameters: 0 0 0

#Transform 98
Transform: AffineTransform_float_3_3
Parameters: 0.999999 -0.000789112 -0.000545286 0.000789889 0.999999 0.00162957 0.000544713 -0.00163043 0.999998 -0.0116023 -0.44346 0.0706314
FixedParameters: 0 0 0

#Transform 99
Transform: AffineTransform_float_3_3
Parameters: 0.999999 -0.000683023 -0.000600114 0.000683978 0.999999 0.00163059 0.000598885 -0.00163041 0.999998 -0.00351598 -0.447596 0.0885513
FixedParameters: 0 0 0

#Transform 100
Transform: AffineTransform_float_3_3
Parameters: 1 -0.00053233 -0.000901989 0.000534671 0.999998 0.00185352 0.000901011 -0.00185348 0.999998 -0.00480415 -0.453738 0.125998
FixedParameters: 0 0 0

#Transform 101
Transform: AffineTransform_float_3_3
Parameters: 1 -0.000609876 -0.000919413 0.000612124 0.999997 0.00231244 0.000917587 -0.00231256 0.999997 -0.00306241 -0.466965 0.12943
FixedParameters: 0 0 0

#Transform 102
Transform: AffineTransform_float_3_3
Parameters: 1 -0.000652693 -0.000919642 0.000655308 0.999996 0.0025104 0.000918358 -0.0025116 0.999997 -0.00220617 -0.486341 0.127477
FixedParameters: 0 0 0

#Transform 103
Transform: AffineTransform_float_3_3
Parameters: 0.999999 -0.000719821 -0.00107346 0.000722179 0.999997 0.00203023 0.00107254 -0.00203177 0.999998 0.00026038 -0.50696 0.11756
FixedParameters: 0 0 0

#Transform 104
Transform: AffineTransform_float_3_3
Parameters: 0.999999 -0.000868269 -0.00119 0.00087173 0.999997 0.00229596 0.001188 -0.00229703 0.999996 0.00404847 -0.506333 0.130017
FixedParameters: 0 0 0

#Transform 105
Transform: AffineTransform_float_3_3
Parameters: 0.999999 -0.000851847 -0.00118328 0.000855153 0.999996 0.00266699 0.00118072 -0.00266801 0.999995 0.00369478 -0.494698 0.147756
FixedParameters: 0 0 0

#Transform 106
Transform: AffineTransform_float_3_3
Parameters: 0.999999 -0.000834367 -0.0013223 0.000837631 0.999996 0.0027489 0.0013197 -0.00275011 0.999996 0.00417099 -0.507453 0.192227
FixedParameters: 0 0 0

#Transform 107
Transform: AffineTransform_float_3_3
Parameters: 0.999998 -0.000855885 -0.00137856 0.000860116 0.999995 0.00298682 0.00137644 -0.00298818 0.999994 0.00500562 -0.530857 0.156509
FixedParameters: 0 0 0

#Transform 108
Transform: AffineTransform_float_3_3
Parameters: 0.999999 -0.00048247 -0.000600232 0.000483529 0.999996 0.00255071 0.000598768 -0.00255129 0.999996 -0.0156112 -0.567384 0.146423
FixedParameters: 0 0 0

#Transform 109
Transform: AffineTransform_float_3_3
Parameters: 0.999999 -0.000992411 -0.00101653 0.000994591 0.999997 0.00254999 0.00101447 -0.00255101 0.999996 0.00581792 -0.535071 0.151169
FixedParameters: 0 0 0

#Transform 110
Transform: AffineTransform_float_3_3
Parameters: 0.999999 -0.000690078 -0.00114676 0.000692924 0.999997 0.00255021 0.00114524 -0.00255079 0.999996 0.000235314 -0.552517 0.12265
FixedParameters: 0 0 0

#Transform 111
Transform: AffineTransform_float_3_3
Parameters: 1 -0.000673252 -0.00101583 0.00067575 0.999996 0.00270832 0.00101417 -0.00270868 0.999996 -0.000920583 -0.543756 0.144171
FixedParameters: 0 0 0

#Transform 112
Transform: AffineTransform_float_3_3
Parameters: 0.999999 -0.000636533 -0.00118786 0.000639467 0.999995 0.00292024 0.00118614 -0.00292076 0.999995 -0.000631585 -0.5499 0.169856
FixedParameters: 0 0 0

#Transform 113
Transform: AffineTransform_float_3_3
Parameters: 1 -0.000724248 -0.000956092 0.000726752 0.999995 0.00288131 0.000953911 -0.00288169 0.999996 -0.000246532 -0.567488 0.164151
FixedParameters: 0 0 0

#Transform 114
Transform: AffineTransform_float_3_3
Parameters: 1 -0.000655325 -0.00101573 0.000657676 0.999997 0.00263533 0.00101427 -0.00263667 0.999996 0.00123891 -0.583439 0.132123
FixedParameters: 0 0 0

#Transform 115
Transform: AffineTransform_float_3_3
Parameters: 1 -0.000215442 -0.000628536 0.000216559 0.999997 0.00247886 0.000628465 -0.00247914 0.999996 -0.00740274 -0.590828 0.0999669
FixedParameters: 0 0 0

#Transform 116
Transform: AffineTransform_float_3_3
Parameters: 1 -0.000499605 -0.000939278 0.000501394 0.999996 0.00255053 0.000937725 -0.00255147 0.999997 -0.00505564 -0.571158 0.131376
FixedParameters: 0 0 0

#Transform 117
Transform: AffineTransform_float_3_3
Parameters: 1 -0.000520411 -0.00101533 0.000522587 0.999996 0.00255047 0.00101367 -0.00255153 0.999996 -0.00417834 -0.578808 0.132797
FixedParameters: 0 0 0

#Transform 118
Transform: AffineTransform_float_3_3
Parameters: 1 -0.000544411 -0.00101539 0.000547587 0.999996 0.00255045 0.00101361 -0.00255155 0.999996 0.000917328 -0.593233 0.124433
FixedParameters: 0 0 0

#Transform 119
Transform: AffineTransform_float_3_3
Parameters: 1 -0.000553241 -0.000833171 0.000554759 0.999997 0.00211254 0.000831831 -0.00211246 0.999998 -0.00463556 -0.616731 0.114953
FixedParameters: 0 0 0

#Transform 120
Transform: AffineTransform_float_3_3
Parameters: 1 -0.00069139 -0.000807382 0.000692611 0.999998 0.00199544 0.000806619 -0.00199656 0.999997 -0.00174519 -0.616711 0.0551192
FixedParameters: 0 0 0

#Transform 121
Transform: AffineTransform_float_3_3
Parameters: 0.999999 -0.000580703 -0.000549374 0.000582296 0.999997 0.00236368 0.000547625 -0.00236432 0.999997 -0.0159232 -0.612556 0.0705313
FixedParameters: 0 0 0

#Transform 122
Transform: AffineTransform_float_3_3
Parameters: 1 7.79222e-05 3.4178e-05 -7.80774e-05 0.999998 0.002283 -3.38219e-05 -0.002283 0.999998 -0.0293828 -0.654131 0.0801439
FixedParameters: 0 0 0

#Transform 123
Transform: AffineTransform_float_3_3
Parameters: 1 7.75538e-05 0.00023115 -7.74459e-05 0.999998 0.00193098 -0.000230851 -0.00193102 0.999998 -0.0365514 -0.67861 0.0565708
FixedParameters: 0 0 0

#Transform 124
Transform: AffineTransform_float_3_3
Parameters: 1 -0.000269634 0.000480645 0.000268365 0.999999 0.00131913 -0.000481354 -0.00131887 0.999999 -0.0341105 -0.689604 0.00104085
FixedParameters: 0 0 0

#Transform 125
Transform: AffineTransform_float_3_3
Parameters: 1 -0.000300451 0.000563759 0.000299548 0.999999 0.000800168 -0.000564239 -0.00079983 0.999999 -0.0295067 -0.680815 -0.0238734
FixedParameters: 0 0 0

#Transform 126
Transform: AffineTransform_float_3_3
Parameters: 1 -0.000260576 0.000542724 0.000260424 1 0.00106114 -0.000543277 -0.00106086 1 -0.0294733 -0.670375 0.0219097
FixedParameters: 0 0 0

#Transform 127
Transform: AffineTransform_float_3_3
Parameters: 1 -7.04942e-07 0.001171 2.95057e-07 1 0.000602001 -0.001171 -0.000602 0.999999 -0.0408278 -0.691583 0.0113384
FixedParameters: 0 0 0
