#Insight Transform File V1.0
#Transform 0
Transform: AffineTransform_float_3_3
Parameters: 0.999998 5.08738e-05 0.00177503 -7.91255e-05 0.999875 0.0158489 -0.00177397 -0.0158491 0.999873 0.0245242 0.0357911 0.86383
FixedParameters: 0 0 0

#Transform 1
Transform: AffineTransform_float_3_3
Parameters: 1 -0.000647046 0.000200373 0.000642942 0.999808 0.0195741 -0.000213626 -0.0195739 0.999808 0.0469607 0.0923708 0.891634
FixedParameters: 0 0 0

#Transform 2
Transform: AffineTransform_float_3_3
Parameters: 1 -0.000399828 -0.000129887 0.000402174 0.999853 0.017178 0.00012311 -0.0171781 0.999853 0.0326183 0.102939 0.847476
FixedParameters: 0 0 0

#Transform 3
Transform: AffineTransform_float_3_3
Parameters: 0.999999 -0.000512749 0.000508324 0.000504257 0.999855 0.0170643 -0.00051668 -0.0170647 0.999855 0.040314 0.0822177 0.778916
FixedParameters: 0 0 0

#Transform 4
Transform: AffineTransform_float_3_3
Parameters: 0.999999 -0.000514496 0.000641724 0.000504499 0.999868 0.0162503 -0.000650284 -0.0162497 0.999868 0.0118171 0.081501 0.752637
FixedParameters: 0 0 0

#Transform 5
Transform: AffineTransform_float_3_3
Parameters: 1 -0.000386862 0.000414703 0.000380149 0.999865 0.0164212 -0.000420299 -0.0164208 0.999865 0.00292556 0.104903 0.766792
FixedParameters: 0 0 0

#Transform 6
Transform: AffineTransform_float_3_3
Parameters: 0.999999 -0.00042755 0.000641739 0.000418461 0.999891 0.0148083 -0.000647267 -0.0148077 0.99989 -0.0172491 0.0619411 0.675562
FixedParameters: 0 0 0

#Transform 7
Transform: AffineTransform_float_3_3
Parameters: 0.999999 -0.000522536 0.00118701 0.000504463 0.999879 0.0155636 -0.001195 -0.0155624 0.999878 0.00266799 0.0772044 0.679898
FixedParameters: 0 0 0

#Transform 8
Transform: AffineTransform_float_3_3
Parameters: 0.999999 -0.000342557 0.000892017 0.000332443 0.99993 0.0118083 -0.000895987 -0.0118077 0.99993 -0.0199841 0.0450142 0.503015
FixedParameters: 0 0 0

#Transform 9
Transform: AffineTransform_float_3_3
Parameters: 0.999999 0.000833307 0.000200179 -0.00083569 0.999962 0.00860583 -0.000192815 -0.00860616 0.999963 -0.072312 0.0462159 0.284786
FixedParameters: 0 0 0

#Transform 10
Transform: AffineTransform_float_3_3
Parameters: 0.999999 0.000662055 0.000271317 -0.000662943 0.999993 0.00349782 -0.000268682 -0.00349818 0.999994 -0.0781163 -0.0294363 0.0172764
FixedParameters: 0 0 0

#Transform 11
Transform: AffineTransform_float_3_3
Parameters: 0.999999 0.000659524 0.000484764 -0.000662477 0.999974 0.00720468 -0.00048024 -0.00720432 0.999974 -0.0524755 0.0828533 0.24995
FixedParameters: 0 0 0

#Transform 12
Transform: AffineTransform_float_3_3
Parameters: 1 0.000661976 0.000226021 -0.000663024 0.99999 0.00455985 -0.000222979 -0.00456015 0.999989 -0.0462053 0.0127048 0.0912874
FixedParameters: 0 0 0

#Transform 13
Transform: AffineTransform_float_3_3
Parameters: 1 0.000341995 2.08824e-06 -0.000342005 0.999995 0.003182 -9.11746e-07 -0.003182 0.999995 -0.0151732 -0.0250718 0.0152273
FixedParameters: 0 0 0

#Transform 14
Transform: AffineTransform_float_3_3
Parameters: 1 0.000246669 0.000142575 -0.000247333 0.999998 0.00232997 -0.000142424 -0.00233004 0.999998 -0.0280849 0.00325384 0.0177038
FixedParameters: 0 0 0

#Transform 15
Transform: AffineTransform_float_3_3
Parameters: 0.999999 0.000378593 0.000667371 -0.00038141 0.999994 0.00361075 -0.000666627 -0.00361026 0.999994 -0.0330779 0.0692166 0.103979
FixedParameters: 0 0 0

#Transform 16
Transform: AffineTransform_float_3_3
Parameters: 1 0.000660247 0.000699609 -0.000662755 0.999992 0.00394254 -0.000697393 -0.00394246 0.999992 -0.0400578 0.0310178 0.0464872
FixedParameters: 0 0 0

#Transform 17
Transform: AffineTransform_float_3_3
Parameters: 0.999999 0.000661776 0.000464748 -0.000663225 0.999997 0.00263869 -0.000463251 -0.00263931 0.999997 -0.0346899 0.00156936 0.0607599
FixedParameters: 0 0 0

#Transform 18
Transform: AffineTransform_float_3_3
Parameters: 0.999999 0.000203696 0.00139578 -0.000208304 0.999993 0.00380071 -0.00139522 -0.00380129 0.999992 -0.0176999 0.042033 0.149475
FixedParameters: 0 0 0

#Transform 19
Transform: AffineTransform_float_3_3
Parameters: 1 0.0009858 0.000566096 -0.000987201 0.999998 0.00212444 -0.000563904 -0.00212456 0.999997 -0.0691728 0.00229704 0.0594185
FixedParameters: 0 0 0

#Transform 20
Transform: AffineTransform_float_3_3
Parameters: 1 0.000225021 -4.99046e-05 -0.000224979 1 0.000424011 5.00956e-05 -0.000424989 1 -0.0168474 0.0100652 0.0215678
FixedParameters: 0 0 0

#Transform 21
Transform: AffineTransform_float_3_3
Parameters: 0.999998 5.52631e-05 0.00159721 -6.0736e-05 0.999993 0.00359191 -0.00159679 -0.00359209 0.999993 -0.0206166 0.0875402 0.0698616
FixedParameters: 0 0 0

#Transform 22
Transform: AffineTransform_float_3_3
Parameters: 0.999999 0.00145828 0.000122722 -0.00145872 0.999997 -0.00224818 -0.000126279 0.00224782 0.999998 -0.0840047 -0.00239569 -0.241383
FixedParameters: 0 0 0

#Transform 23
Transform: AffineTransform_float_3_3
Parameters: 1 0.000340654 0.00115699 -0.000344346 0.999996 0.0028926 -0.00115601 -0.0028934 0.999995 0.00023578 0.041974 0.323371
FixedParameters: 0 0 0

#Transform 24
Transform: AffineTransform_float_3_3
Parameters: 0.999999 0.000742597 0.0011569 -0.000744404 0.999999 0.00121314 -0.0011561 -0.00121386 0.999998 -0.0187362 0.0545113 0.174527
FixedParameters: 0 0 0

#Transform 25
Transform: AffineTransform_float_3_3
Parameters: 0.999999 0.00133168 0.00115868 -0.00133432 0.999997 0.00200846 -0.00115532 -0.00200954 0.999998 -0.0585501 0.106465 0.208727
FixedParameters: 0 0 0

#Transform 26
Transform: AffineTransform_float_3_3
Parameters: 0.999999 0.00169325 0.00075793 -0.00169575 0.999996 0.00231872 -0.000754069 -0.00232028 0.999997 -0.0551045 0.122943 0.573414
FixedParameters: 0 0 0

#Transform 27
Transform: AffineTransform_float_3_3
Parameters: 0.999999 0.000929179 -0.000206195 -0.00092882 0.999999 0.000866192 0.000207804 -0.000865807 0.999999 -0.0656944 0.0396396 0.168425
FixedParameters: 0 0 0

#Transform 28
Transform: AffineTransform_float_3_3
Parameters: 0.999999 0.000683768 -0.00127005 -0.000681232 0.999999 0.00139187 0.00127095 -0.00139113 0.999998 -0.0233291 0.0765388 0.217861
FixedParameters: 0 0 0

#Transform 29
Transform: AffineTransform_float_3_3
Parameters: 0.999999 0.00166055 -0.000276736 -0.00165945 0.999996 0.00196646 0.000280263 -0.00196554 0.999998 -0.0584762 0.0913588 0.396859
FixedParameters: 0 0 0

#Transform 30
Transform: AffineTransform_float_3_3
Parameters: 0.999996 0.00242933 -0.00129665 -0.00242768 0.999996 0.00179215 0.00130135 -0.00178885 0.999997 -0.0463156 0.112943 0.489057
FixedParameters: 0 0 0

#Transform 31
Transform: AffineTransform_float_3_3
Parameters: 0.999998 0.00197842 -0.00100933 -0.00197559 0.999993 0.003376 0.00101567 -0.003374 0.999994 -0.0413346 0.133365 0.430791
FixedParameters: 0 0 0

#Transform 32
Transform: AffineTransform_float_3_3
Parameters: 0.999997 0.00163466 -0.00143357 -0.00162934 0.999991 0.00394135 0.00143943 -0.00393866 0.999991 -0.033657 0.147842 0.487812
FixedParameters: 0 0 0

#Transform 33
Transform: AffineTransform_float_3_3
Parameters: 0.999997 0.00188492 -0.00142415 -0.00188208 0.999996 0.00204769 0.00142786 -0.00204531 0.999997 -0.0567197 0.110746 0.419277
FixedParameters: 0 0 0

#Transform 34
Transform: AffineTransform_float_3_3
Parameters: 0.999996 0.00240769 -0.00134921 -0.00240531 0.999995 0.00199225 0.00135479 -0.00198875 0.999997 -0.0818841 0.136446 0.473497
FixedParameters: 0 0 0

#Transform 35
Transform: AffineTransform_float_3_3
Parameters: 0.999996 0.00251565 -0.00136479 -0.00251534 0.999996 0.000482435 0.00136621 -0.000478565 0.999999 -0.0897611 0.096989 0.472116
FixedParameters: 0 0 0

#Transform 36
Transform: AffineTransform_float_3_3
Parameters: 0.999995 0.00264892 -0.00171921 -0.00265108 0.999996 -0.00121045 0.00171578 0.00121555 0.999998 -0.0833386 0.0716143 0.384739
FixedParameters: 0 0 0

#Transform 37
Transform: AffineTransform_float_3_3
Parameters: 0.999993 0.0028629 -0.00234303 -0.0028581 0.999993 0.00209071 0.00234897 -0.00208429 0.999995 -0.0703628 0.144486 0.600928
FixedParameters: 0 0 0

#Transform 38
Transform: AffineTransform_float_3_3
Parameters: 0.999994 0.00286421 -0.00154561 -0.00286379 0.999996 0.000137427 0.00154639 -0.000133571 0.999999 -0.0787306 0.0782588 0.506683
FixedParameters: 0 0 0

#Transform 39
Transform: AffineTransform_float_3_3
Parameters: 0.999994 0.00341863 -0.00128963 -0.00342037 0.999993 -0.0010606 0.00128636 0.0010654 0.999998 -0.0996672 0.105015 0.494611
FixedParameters: 0 0 0

#Transform 40
Transform: AffineTransform_float_3_3
Parameters: 0.999994 0.00316932 -0.000956255 -0.00317068 0.999994 -0.000709972 0.000953744 0.000713027 1 -0.0938826 0.100281 0.538782
FixedParameters: 0 0 0

#Transform 41
Transform: AffineTransform_float_3_3
Parameters: 0.999996 0.00276109 -0.00134488 -0.00276192 0.999996 -0.000679289 0.00134312 0.000682712 0.999999 -0.0800451 0.065878 0.533657
FixedParameters: 0 0 0

#Transform 42
Transform: AffineTransform_float_3_3
Parameters: 0.999994 0.00200516 -0.00259608 -0.00201384 0.999994 -0.00302179 0.00258992 0.00302621 0.999992 -0.0808074 0.0146054 -0.100047
FixedParameters: 0 0 0

#Transform 43
Transform: AffineTransform_float_3_3
Parameters: 0.999994 0.00267758 -0.00186361 -0.00267842 0.999997 -0.00022401 0.00186339 0.000228991 0.999998 -0.0823539 0.0730818 0.438978
FixedParameters: 0 0 0

#Transform 44
Transform: AffineTransform_float_3_3
Parameters: 0.999999 0.000774972 -0.00116769 -0.000773028 0.999999 0.0016879 0.00116931 -0.0016871 0.999998 -0.057446 0.0223685 0.417537
FixedParameters: 0 0 0

#Transform 45
Transform: AffineTransform_float_3_3
Parameters: 0.999998 0.00141072 -0.00171212 -0.00140628 0.999995 0.00275341 0.00171588 -0.00275159 0.999994 -0.0333614 0.0903836 0.520282
FixedParameters: 0 0 0

#Transform 46
Transform: AffineTransform_float_3_3
Parameters: 0.999995 0.00224713 -0.00190095 -0.00224187 0.999994 0.00269827 0.00190705 -0.00269472 0.999994 -0.089646 0.101163 0.49092
FixedParameters: 0 0 0

#Transform 47
Transform: AffineTransform_float_3_3
Parameters: 0.999992 0.00223089 -0.00325305 -0.00220312 0.999961 0.00855023 0.00327195 -0.00854377 0.999958 -0.0832942 0.120391 1.16719
FixedParameters: 0 0 0

#Transform 48
Transform: AffineTransform_float_3_3
Parameters: 0.999993 0.00195172 -0.00332155 -0.00191327 0.99993 0.0116224 0.00334446 -0.0116156 0.999927 -0.062223 0.199049 1.13507
FixedParameters: 0 0 0

#Transform 49
Transform: AffineTransform_float_3_3
Parameters: 0.999994 0.00196759 -0.00261876 -0.0019384 0.999939 0.0108771 0.00264024 -0.0108719 0.999938 -0.0353684 0.150617 1.00683
FixedParameters: 0 0 0

#Transform 50
Transform: AffineTransform_float_3_3
Parameters: 0.999996 0.00131691 -0.00258546 -0.00129209 0.999953 0.00961438 0.00259754 -0.00961062 0.999951 -0.0257968 0.117382 0.991425
FixedParameters: 0 0 0

#Transform 51
Transform: AffineTransform_float_3_3
Parameters: 0.999997 0.000988912 -0.00221264 -0.000970093 0.999963 0.00853217 0.00222036 -0.00852983 0.999961 -0.0108009 0.120583 0.924473
FixedParameters: 0 0 0

#Transform 52
Transform: AffineTransform_float_3_3
Parameters: 0.999998 0.00107143 -0.00205349 -0.00105258 0.99996 0.00895219 0.00206251 -0.00895082 0.999958 -0.0326242 0.119459 0.977833
FixedParameters: 0 0 0

#Transform 53
Transform: AffineTransform_float_3_3
Parameters: 0.999997 0.00140703 -0.00199378 -0.00139097 0.999967 0.0080188 0.00200522 -0.0080162 0.999966 -0.0189727 0.132021 0.975173
FixedParameters: 0 0 0

#Transform 54
Transform: AffineTransform_float_3_3
Parameters: 0.999998 0.00150211 -0.00143544 -0.0014899 0.999963 0.00839815 0.00144756 -0.00839584 0.999963 -0.0419765 0.0625698 0.851801
FixedParameters: 0 0 0

#Transform 55
Transform: AffineTransform_float_3_3
Parameters: 0.999995 0.00233103 -0.00202268 -0.00231498 0.999966 0.00788872 0.00204032 -0.00788428 0.999967 -0.0746988 0.00711997 0.866014
FixedParameters: 0 0 0

#Transform 56
Transform: AffineTransform_float_3_3
Parameters: 0.999996 0.00181148 -0.00186812 -0.00179552 0.999965 0.00825339 0.00188288 -0.00824962 0.999964 -0.0814558 0.147685 0.960056
FixedParameters: 0 0 0

#Transform 57
Transform: AffineTransform_float_3_3
Parameters: 0.999996 0.00188911 -0.00183455 -0.00187289 0.99996 0.00874447 0.00185045 -0.00874154 0.99996 -0.0674515 0.150332 0.977269
FixedParameters: 0 0 0

#Transform 58
Transform: AffineTransform_float_3_3
Parameters: 0.999995 0.00158436 -0.00269915 -0.00156365 0.999971 0.00752726 0.00271084 -0.00752275 0.999968 -0.0724789 0.0856408 0.916806
FixedParameters: 0 0 0

#Transform 59
Transform: AffineTransform_float_3_3
Parameters: 0.999994 0.00164887 -0.00308351 -0.00163113 0.999982 0.00578907 0.00309249 -0.00578494 0.999979 -0.0659137 0.0575599 0.785333
FixedParameters: 0 0 0

#Transform 60
Transform: AffineTransform_float_3_3
Parameters: 0.999996 0.00135124 -0.00226128 -0.00134476 0.999996 0.00275705 0.00226571 -0.00275395 0.999993 -0.0560336 0.0334972 0.647318
FixedParameters: 0 0 0

#Transform 61
Transform: AffineTransform_float_3_3
Parameters: 0.999997 0.00149529 -0.00191766 -0.00149172 0.999997 0.00223487 0.00192033 -0.00223114 0.999995 -0.0731574 0.0560768 0.642145
FixedParameters: 0 0 0

#Transform 62
Transform: AffineTransform_float_3_3
Parameters: 0.999998 0.00119669 -0.00196215 -0.00119231 0.999997 0.00238935 0.00196485 -0.00238666 0.999995 -0.066834 0.0546103 0.663213
FixedParameters: 0 0 0

#Transform 63
Transform: AffineTransform_float_3_3
Parameters: 0.999998 0.00120975 -0.00194606 -0.00120425 0.999997 0.00243935 0.00194894 -0.00243665 0.999995 -0.0621552 0.0545972 0.691428
FixedParameters: 0 0 0

#Transform 64
Transform: AffineTransform_float_3_3
Parameters: 0.999996 0.00119584 -0.00225744 -0.00119115 0.999997 0.0021457 0.00226056 -0.0021423 0.999995 -0.0532646 0.0386353 0.653461
FixedParameters: 0 0 0

#Transform 65
Transform: AffineTransform_float_3_3
Parameters: 0.999995 0.000817754 -0.00280432 -0.00079825 0.999975 0.00703727 0.00280969 -0.00703573 0.999972 -0.0301021 0.089832 0.837235
FixedParameters: 0 0 0

#Transform 66
Transform: AffineTransform_float_3_3
Parameters: 0.999996 0.00118632 -0.00281693 -0.00117868 0.999996 0.00260033 0.00282007 -0.00259667 0.999992 -0.0330958 0.0533346 0.651519
FixedParameters: 0 0 0

#Transform 67
Transform: AffineTransform_float_3_3
Parameters: 0.999995 0.00202132 -0.00247266 -0.00201567 0.999995 0.00215399 0.00247734 -0.002149 0.999994 -0.066957 0.047607 0.716838
FixedParameters: 0 0 0

#Transform 68
Transform: AffineTransform_float_3_3
Parameters: 0.999991 0.00249727 -0.0032508 -0.00247972 0.999983 0.0053071 0.00326419 -0.00529889 0.99998 -0.0593973 0.124185 0.85014
FixedParameters: 0 0 0

#Transform 69
Transform: AffineTransform_float_3_3
Parameters: 0.999996 0.00136457 -0.00218329 -0.00135743 0.999993 0.00346397 0.00218771 -0.00346103 0.999991 -0.0796067 -0.0215378 0.622549
FixedParameters: 0 0 0

#Transform 70
Transform: AffineTransform_float_3_3
Parameters: 0.999998 0.000814769 -0.00186149 -0.00080923 0.999995 0.00309751 0.00186452 -0.00309649 0.999994 -0.0651123 0.0730756 0.646511
FixedParameters: 0 0 0

#Transform 71
Transform: AffineTransform_float_3_3
Parameters: 0.999999 0.000952177 -0.00159151 -0.000947824 0.999996 0.00262351 0.00159349 -0.00262149 0.999996 -0.0731577 0.0371532 0.567614
FixedParameters: 0 0 0

#Transform 72
Transform: AffineTransform_float_3_3
Parameters: 0.999998 0.00208604 -0.0010187 -0.00207796 0.999967 0.00783214 0.0010353 -0.00782986 0.999969 -0.075565 0.148161 1.12963
FixedParameters: 0 0 0

#Transform 73
Transform: AffineTransform_float_3_3
Parameters: 0.999998 0.00227859 0.000257365 -0.00228041 0.99995 0.00980944 -0.00023464 -0.00981056 0.999952 -0.0536685 0.104536 1.25357
FixedParameters: 0 0 0

#Transform 74
Transform: AffineTransform_float_3_3
Parameters: 0.999996 0.00275769 0.000338153 -0.00276131 0.999944 0.0102021 -0.000309844 -0.0102029 0.999948 -0.0564506 0.158397 1.11674
FixedParameters: 0 0 0

#Transform 75
Transform: AffineTransform_float_3_3
Parameters: 0.999999 0.00174272 -0.000152471 -0.00174127 0.999942 0.0106373 0.000171532 -0.0106367 0.999944 -0.000976029 0.119104 1.09949
FixedParameters: 0 0 0

#Transform 76
Transform: AffineTransform_float_3_3
Parameters: 0.999999 0.0015057 -0.00042303 -0.0015013 0.999961 0.00862464 0.000435963 -0.00862335 0.999962 -0.0369287 0.121035 0.983944
FixedParameters: 0 0 0

#Transform 77
Transform: AffineTransform_float_3_3
Parameters: 0.999998 0.00154543 0.000338922 -0.00154857 0.999969 0.00770749 -0.000327073 -0.00770852 0.99997 -0.0447875 0.110913 0.852388
FixedParameters: 0 0 0

#Transform 78
Transform: AffineTransform_float_3_3
Parameters: 0.999999 0.000784544 -0.000627127 -0.000778457 0.999961 0.00879149 0.000633868 -0.00879151 0.999961 -0.0390004 0.106172 0.960284
FixedParameters: 0 0 0

#Transform 79
Transform: AffineTransform_float_3_3
Parameters: 1 0.000660807 -0.00100189 -0.000653191 0.999969 0.00777366 0.00100711 -0.00777234 0.99997 -0.00828551 0.0753317 0.899501
FixedParameters: 0 0 0

#Transform 80
Transform: AffineTransform_float_3_3
Parameters: 0.999999 0.000466802 -0.00128212 -0.000456199 0.999964 0.00841259 0.00128588 -0.0084124 0.999964 1.04038e-05 0.101069 0.948686
FixedParameters: 0 0 0

#Transform 81
Transform: AffineTransform_float_3_3
Parameters: 0.999998 -7.50074e-05 -0.00195573 9.1986e-05 0.999962 0.00868984 0.00195428 -0.00869017 0.999961 -0.00724409 0.111632 0.938958
FixedParameters: 0 0 0

#Transform 82
Transform: AffineTransform_float_3_3
Parameters: 0.999995 0.000811613 -0.00287298 -0.000790389 0.999972 0.0075153 0.00287902 -0.0075137 0.999967 -0.00917118 0.0853061 0.903645
FixedParameters: 0 0 0

#Transform 83
Transform: AffineTransform_float_3_3
Parameters: 0.999994 0.000696832 -0.00316801 -0.00066917 0.999962 0.00877717 0.003174 -0.00877584 0.999957 -0.0157242 0.0771972 0.930013
FixedParameters: 0 0 0

#Transform 84
Transform: AffineTransform_float_3_3
Parameters: 0.999994 0.0012713 -0.00338809 -0.0012497 0.99998 0.00628128 0.00339592 -0.00627673 0.999975 -0.0247253 0.0549578 0.828469
FixedParameters: 0 0 0

#Transform 85
Transform: AffineTransform_float_3_3
Parameters: 0.999997 0.00153955 -0.00221623 -0.00152144 0.999964 0.0083494 0.00222978 -0.00834559 0.999962 -0.0349311 0.0582599 1.00664
FixedParameters: 0 0 0

#Transform 86
Transform: AffineTransform_float_3_3
Parameters: 0.999997 0.00124467 -0.00214169 -0.00122433 0.999958 0.00915965 0.0021533 -0.00915735 0.999956 -0.0362979 -0.000923138 0.964032
FixedParameters: 0 0 0

#Transform 87
Transform: AffineTransform_float_3_3
Parameters: 0.999997 0.0018968 -0.00149667 -0.0018832 0.999956 0.00916985 0.00151433 -0.00916715 0.999957 -0.0444583 0.0675339 1.11084
FixedParameters: 0 0 0

#Transform 88
Transform: AffineTransform_float_3_3
Parameters: 0.999996 0.00170507 -0.00198446 -0.00168894 0.999962 0.00856938 0.00199854 -0.00856662 0.999962 -0.0438093 0.044824 1.10691
FixedParameters: 0 0 0

#Transform 89
Transform: AffineTransform_float_3_3
Parameters: 0.999995 0.000517682 -0.00315421 -0.000454323 0.999796 0.0201565 0.0031638 -0.0201555 0.999792 0.00975356 0.140691 1.86847
FixedParameters: 0 0 0

#Transform 90
Transform: AffineTransform_float_3_3
Parameters: 0.999973 -0.00675235 0.00269315 0.00666665 0.999512 0.0305328 -0.00289784 -0.0305143 0.99953 0.712687 0.230078 1.95263
FixedParameters: 0 0 0

#Transform 91
Transform: AffineTransform_float_3_3
Parameters: 0.999997 0.00225775 -0.000650914 -0.00223625 0.999538 0.0302895 0.000719062 -0.0302874 0.999541 0.0617778 0.174736 1.76364
FixedParameters: 0 0 0

#Transform 92
Transform: AffineTransform_float_3_3
Parameters: 0.999999 0.000190531 0.0015564 -0.000236456 0.999552 0.0299107 -0.00154962 -0.0299113 0.999552 0.0690346 0.160999 1.61327
FixedParameters: 0 0 0

#Transform 93
Transform: AffineTransform_float_3_3
Parameters: 0.999995 0.00298994 -0.00097951 -0.00296205 0.99962 0.027379 0.00106149 -0.0273759 0.999624 -0.00647073 0.154431 1.34439
FixedParameters: 0 0 0

#Transform 94
Transform: AffineTransform_float_3_3
Parameters: 0.999996 0.00295366 0.000459806 -0.00296532 0.999555 0.0296588 -0.000371213 -0.0296602 0.99956 0.00147368 0.185944 1.48411
FixedParameters: 0 0 0

#Transform 95
Transform: AffineTransform_float_3_3
Parameters: 0.999995 0.00283897 0.00126609 -0.00287502 0.999563 0.0294245 -0.00118191 -0.0294285 0.999566 0.0123336 0.203034 1.63103
FixedParameters: 0 0 0

#Transform 96
Transform: AffineTransform_float_3_3
Parameters: 0.999995 0.00264796 0.00135118 -0.00268503 0.999599 0.0281885 -0.00127582 -0.0281915 0.999601 0.00914594 0.208198 1.57894
FixedParameters: 0 0 0

#Transform 97
Transform: AffineTransform_float_3_3
Parameters: 0.999995 0.00251268 0.00149495 -0.00255333 0.999616 0.0276123 -0.00142504 -0.0276157 0.999617 0.00362557 0.207467 1.56022
FixedParameters: 0 0 0

#Transform 98
Transform: AffineTransform_float_3_3
Parameters: 0.999996 0.00239931 0.000964547 -0.0024257 0.999616 0.0275817 -0.000898433 -0.0275842 0.999619 0.0126752 0.191482 1.55891
FixedParameters: 0 0 0

#Transform 99
Transform: AffineTransform_float_3_3
Parameters: 0.999997 0.0024137 0.000616354 -0.00242831 0.999655 0.0261596 -0.000553665 -0.0261604 0.999657 0.010258 0.157484 1.49102
FixedParameters: 0 0 0

#Transform 100
Transform: AffineTransform_float_3_3
Parameters: 0.999999 0.00178911 -5.70571e-05 -0.00178789 0.999654 0.0262492 0.000103966 -0.0262489 0.999656 0.00522303 0.177461 1.52579
FixedParameters: 0 0 0

#Transform 101
Transform: AffineTransform_float_3_3
Parameters: 0.999999 0.00179149 -0.000148142 -0.00178748 0.999655 0.0261843 0.00019587 -0.0261837 0.999657 0.00628909 0.149499 1.50027
FixedParameters: 0 0 0

#Transform 102
Transform: AffineTransform_float_3_3
Parameters: 0.999998 0.00160145 -0.000483532 -0.00158956 0.999692 0.0247378 0.00052248 -0.0247362 0.999694 0.00987649 0.125389 1.44218
FixedParameters: 0 0 0

#Transform 103
Transform: AffineTransform_float_3_3
Parameters: 0.999999 0.00178711 1.81733e-05 -0.00178788 0.999679 0.025274 2.71957e-05 -0.025274 0.99968 0.0115387 0.166412 1.51586
FixedParameters: 0 0 0

#Transform 104
Transform: AffineTransform_float_3_3
Parameters: 0.999997 0.00241786 -0.00022582 -0.00241114 0.999644 0.0265776 0.000290185 -0.0265774 0.999646 0.0115796 0.175989 1.57449
FixedParameters: 0 0 0

#Transform 105
Transform: AffineTransform_float_3_3
Parameters: 0.999999 0.00178744 3.75959e-06 -0.00178756 0.999698 0.024481 3.97732e-05 -0.024481 0.999701 0.0206786 0.118515 1.50625
FixedParameters: 0 0 0

#Transform 106
Transform: AffineTransform_float_3_3
Parameters: 0.999997 0.00175846 -0.00175938 -0.00171952 0.999764 0.0216291 0.00179761 -0.0216269 0.999764 0.004762 0.228406 1.65384
FixedParameters: 0 0 0

#Transform 107
Transform: AffineTransform_float_3_3
Parameters: 0.999997 0.000622307 -0.00213102 -0.000575693 0.999765 0.0216623 0.00214397 -0.0216607 0.999763 0.137226 0.199264 1.65967
FixedParameters: 0 0 0

#Transform 108
Transform: AffineTransform_float_3_3
Parameters: 0.999995 -0.00227878 -0.00242833 0.00232122 0.999843 0.0175285 0.00238768 -0.0175335 0.999844 0.185742 0.0743931 1.43203
FixedParameters: 0 0 0

#Transform 109
Transform: AffineTransform_float_3_3
Parameters: 0.999994 0.000513498 -0.00341572 -0.000455498 0.999853 0.0171046 0.00342429 -0.0171033 0.999848 0.0759605 0.0846889 1.37537
FixedParameters: 0 0 0

#Transform 110
Transform: AffineTransform_float_3_3
Parameters: 0.999993 -0.00140487 -0.0032622 0.00146213 0.999845 0.0175784 0.00323679 -0.0175827 0.99984 0.121379 0.0209639 1.5711
FixedParameters: 0 0 0

#Transform 111
Transform: AffineTransform_float_3_3
Parameters: 0.999992 -0.00349767 0.00198603 0.00347733 0.99994 0.010318 -0.00202197 -0.010311 0.999945 0.018896 -0.218309 0.525242
FixedParameters: 0 0 0

#Transform 112
Transform: AffineTransform_float_3_3
Parameters: 0.999999 -0.000493037 0.000726287 0.000482967 0.999906 0.0137554 -0.000732712 -0.0137546 0.999905 -0.109005 -0.198077 0.826869
FixedParameters: 0 0 0

#Transform 113
Transform: AffineTransform_float_3_3
Parameters: 1 -0.000457007 -0.000936446 0.000467988 0.99993 0.0117726 0.000930555 -0.0117734 0.999931 -0.0543338 -0.0352421 0.892151
FixedParameters: 0 0 0

#Transform 114
Transform: AffineTransform_float_3_3
Parameters: 0.999994 -0.00306628 0.00106668 0.00305672 0.999959 0.00859731 -0.00109332 -0.0085947 0.999963 -0.359942 -0.265229 0.253471
FixedParameters: 0 0 0

#Transform 115
Transform: AffineTransform_float_3_3
Parameters: 0.999992 -0.00216679 0.00341901 0.00210421 0.999831 0.0182634 -0.003458 -0.0182557 0.999828 -0.222373 -0.0418608 1.15238
FixedParameters: 0 0 0

#Transform 116
Transform: AffineTransform_float_3_3
Parameters: 0.999986 -0.00445234 0.00267151 0.00439267 0.999752 0.021821 -0.00276748 -0.021809 0.999759 -0.292125 -0.0137999 1.03627
FixedParameters: 0 0 0

#Transform 117
Transform: AffineTransform_float_3_3
Parameters: 0.999957 -0.008525 0.00349018 0.00844 0.999684 0.0236855 -0.00369081 -0.0236545 0.999714 -0.43729 0.099515 0.472745
FixedParameters: 0 0 0

#Transform 118
Transform: AffineTransform_float_3_3
Parameters: 0.999991 -0.00410631 0.000846328 0.0040917 0.99986 0.0162656 -0.00091267 -0.0162624 0.999868 -0.267968 0.0622201 0.733645
FixedParameters: 0 0 0

#Transform 119
Transform: AffineTransform_float_3_3
Parameters: 0.999868 -0.0138683 0.00840032 0.0136127 0.999465 0.0297202 -0.00880768 -0.0296027 0.999523 -0.287046 -0.0984452 0.538065
FixedParameters: 0 0 0

#Transform 120
Transform: AffineTransform_float_3_3
Parameters: 0.999911 -0.0117527 0.00622388 0.0115863 0.99959 0.0261784 -0.00652913 -0.0261046 0.999638 -0.382792 -0.129228 0.459083
FixedParameters: 0 0 0

#Transform 121
Transform: AffineTransform_float_3_3
Parameters: 0.999911 -0.0111074 0.00737892 0.0109576 0.99974 0.0199866 -0.00759908 -0.0199044 0.999773 -0.558921 -0.104279 0.229061
FixedParameters: 0 0 0

#Transform 122
Transform: AffineTransform_float_3_3
Parameters: 0.999897 -0.0136834 0.00419565 0.0135676 0.999553 0.0266176 -0.00455737 -0.0265583 0.999637 -0.392192 -0.00978352 0.0148672
FixedParameters: 0 0 0

#Transform 123
Transform: AffineTransform_float_3_3
Parameters: 0.999971 -0.00692026 0.00299388 0.00684573 0.999685 0.0241412 -0.00316012 -0.0241208 0.999704 -0.39335 0.0630364 0.366766
FixedParameters: 0 0 0

#Transform 124
Transform: AffineTransform_float_3_3
Parameters: 0.999986 -0.00381425 0.00368059 0.00373676 0.999778 0.0207721 -0.00375841 -0.020758 0.999778 -0.429606 0.105431 0.514745
FixedParameters: 0 0 0

#Transform 125
Transform: AffineTransform_float_3_3
Parameters: 0.999961 -0.00442736 0.00756619 0.00426264 0.999757 0.0216031 -0.0076598 -0.0215699 0.999738 -0.332657 0.00788323 0.400755
FixedParameters: 0 0 0

#Transform 126
Transform: AffineTransform_float_3_3
Parameters: 0.999976 -0.00527021 0.0044924 0.00518077 0.999793 0.0196447 -0.0045956 -0.0196202 0.999797 -0.32891 -0.0158343 0.180583
FixedParameters: 0 0 0

#Transform 127
Transform: AffineTransform_float_3_3
Parameters: 0.99997 -0.00518982 0.00565803 0.00509017 0.999833 0.0175163 -0.00574796 -0.0174867 0.99983 -0.321766 0.00666673 0.0566651
FixedParameters: 0 0 0
