#Insight Transform File V1.0
#Transform 0
Transform: AffineTransform_float_3_3
Parameters: 1 -8.58771e-05 -0.00121047 7.81206e-05 0.999979 -0.0065051 0.00121153 0.0065059 0.999978 0.00969509 0.0499336 0.0844759
FixedParameters: 0 0 0

#Transform 1
Transform: AffineTransform_float_3_3
Parameters: 0.999999 0.000477282 -0.000565019 -0.000482718 0.999965 -0.00837973 0.000560975 0.00837927 0.999964 0.00524288 -0.0922736 -0.192347
FixedParameters: 0 0 0

#Transform 2
Transform: AffineTransform_float_3_3
Parameters: 0.999999 -0.000108872 -0.00150752 0.000102131 0.999989 -0.00455716 0.00150748 0.00455784 0.999989 0.02267 -0.0136873 -0.106519
FixedParameters: 0 0 0

#Transform 3
Transform: AffineTransform_float_3_3
Parameters: 0.999999 0.000115924 -0.000922521 -0.000120073 0.99999 -0.00441889 0.000921478 0.00441911 0.99999 0.0251292 0.119954 0.160523
FixedParameters: 0 0 0

#Transform 4
Transform: AffineTransform_float_3_3
Parameters: 1 0.000407141 -0.000339265 -0.000403852 0.999957 0.00920813 0.000343733 -0.00920885 0.999957 0.021559 0.0097762 0.317008
FixedParameters: 0 0 0

#Transform 5
Transform: AffineTransform_float_3_3
Parameters: 0.999999 -0.000689358 -0.000626266 0.000694647 0.999959 0.00905257 0.000620736 -0.00905343 0.999959 -0.00284925 0.115515 0.348145
FixedParameters: 0 0 0

#Transform 6
Transform: AffineTransform_float_3_3
Parameters: 1 -0.000958775 -0.000473588 0.000962229 0.999976 0.00685855 0.000467412 -0.00685845 0.999977 -0.00382003 0.0995108 0.265256
FixedParameters: 0 0 0

#Transform 7
Transform: AffineTransform_float_3_3
Parameters: 0.999999 -0.000885674 -0.000421067 0.000889324 0.999968 0.00796363 0.00041393 -0.00796437 0.999968 -0.00487154 0.127339 0.353786
FixedParameters: 0 0 0

#Transform 8
Transform: AffineTransform_float_3_3
Parameters: 1 -0.000776674 -0.00092833 0.000783325 0.999977 0.00683428 0.000922668 -0.00683473 0.999976 -0.000656897 0.101602 0.257365
FixedParameters: 0 0 0

#Transform 9
Transform: AffineTransform_float_3_3
Parameters: 0.999999 -0.000601477 -0.000829565 0.00060552 0.999991 0.0042535 0.000826431 -0.0042535 0.99999 0.0177938 0.0784649 0.249873
FixedParameters: 0 0 0

#Transform 10
Transform: AffineTransform_float_3_3
Parameters: 1 -0.000652779 -0.00101972 0.000657219 0.999991 0.00414533 0.00101628 -0.00414567 0.999991 0.000874341 0.0932185 0.215212
FixedParameters: 0 0 0

#Transform 11
Transform: AffineTransform_float_3_3
Parameters: 0.999999 -0.00023333 -0.000695225 0.000234669 0.999999 0.000962837 0.000694774 -0.000963162 1 -0.0242198 0.0863581 0.203924
FixedParameters: 0 0 0

#Transform 12
Transform: AffineTransform_float_3_3
Parameters: 1 -0.000479081 0.000202808 0.000478919 1 0.000401097 -0.000202192 -0.000401903 1 -0.00171455 0.0999824 0.309175
FixedParameters: 0 0 0

#Transform 13
Transform: AffineTransform_float_3_3
Parameters: 0.999999 -0.000969347 0.000837444 0.000968655 0.999998 0.00160681 -0.000838558 -0.00160619 0.999999 0.0174769 0.0774819 0.322182
FixedParameters: 0 0 0

#Transform 14
Transform: AffineTransform_float_3_3
Parameters: 0.999997 -0.0022705 0.000893671 0.0022675 0.999993 0.00279003 -0.000899327 -0.00278796 0.999995 0.0706789 0.0913527 0.332307
FixedParameters: 0 0 0

#Transform 15
Transform: AffineTransform_float_3_3
Parameters: 1 -0.000964679 -0.0006246 0.000967322 0.999992 0.0037264 0.000621399 -0.0037276 0.999993 0.00446397 0.124277 0.398812
FixedParameters: 0 0 0

#Transform 16
Transform: AffineTransform_float_3_3
Parameters: 1 -0.000810313 -0.000628481 0.000813691 0.999991 0.00428849 0.000625516 -0.00428951 0.99999 0.00015764 0.129387 0.435078
FixedParameters: 0 0 0

#Transform 17
Transform: AffineTransform_float_3_3
Parameters: 0.999999 -0.0006648 0.000286148 0.000664197 0.999996 0.00278719 -0.000288852 -0.00278681 0.999996 -0.0162239 0.102216 0.304743
FixedParameters: 0 0 0

#Transform 18
Transform: AffineTransform_float_3_3
Parameters: 1 -0.00011985 0.000469784 0.00011915 0.999999 0.00180806 -0.000470216 -0.00180794 0.999999 -0.0415924 0.129747 0.371871
FixedParameters: 0 0 0

#Transform 19
Transform: AffineTransform_float_3_3
Parameters: 1 0.000279235 0.000213007 -0.000279765 0.999994 0.00360094 -0.000211994 -0.00360106 0.999993 -0.0456762 0.0419656 0.169321
FixedParameters: 0 0 0

#Transform 20
Transform: AffineTransform_float_3_3
Parameters: 1 0.000181967 2.72224e-05 -0.000182034 0.999999 0.001222 -2.77776e-05 -0.00122201 1 -0.0162485 0.00653404 0.0218974
FixedParameters: 0 0 0

#Transform 21
Transform: AffineTransform_float_3_3
Parameters: 1 0.000254888 -0.000968767 -0.000254112 0.999999 0.000917246 0.000968234 -0.000916753 0.999999 -0.000149293 0.036008 0.126124
FixedParameters: 0 0 0

#Transform 22
Transform: AffineTransform_float_3_3
Parameters: 1 0.000303954 -9.81428e-05 -0.000304046 1 -0.00046997 9.78571e-05 0.00047003 1 -0.00478598 -0.0328813 0.150863
FixedParameters: 0 0 0

#Transform 23
Transform: AffineTransform_float_3_3
Parameters: 0.999999 0.000736801 -0.000628408 -0.000738198 0.999998 -0.00190954 0.000626591 0.00190946 0.999998 -0.00265505 -0.0100558 0.0556295
FixedParameters: 0 0 0

#Transform 24
Transform: AffineTransform_float_3_3
Parameters: 0.999999 7.54631e-05 -0.000968964 -7.45367e-05 1 0.000478073 0.000969036 -0.000477927 1 0.000532765 0.00594496 0.173795
FixedParameters: 0 0 0

#Transform 25
Transform: AffineTransform_float_3_3
Parameters: 0.999999 0.000392137 -0.000886382 -0.000392863 1 -0.000973653 0.000885617 0.000974348 0.999999 -0.0167953 0.0266611 0.167331
FixedParameters: 0 0 0

#Transform 26
Transform: AffineTransform_float_3_3
Parameters: 0.999999 0.000918465 -0.000862708 -0.000920537 0.999995 -0.00294321 0.000860295 0.00294379 0.999996 -0.0344238 -0.0582414 -0.0532276
FixedParameters: 0 0 0

#Transform 27
Transform: AffineTransform_float_3_3
Parameters: 1 0.000994118 -0.000471987 -0.000995884 0.999992 -0.00400653 0.000468014 0.00400647 0.999992 -0.0460926 -0.0548406 -0.0814363
FixedParameters: 0 0 0

#Transform 28
Transform: AffineTransform_float_3_3
Parameters: 0.999999 0.00130141 -0.000389361 -0.00130359 0.99999 -0.00411649 0.000384637 0.0041165 0.999991 -0.0519081 -0.0661709 0.027581
FixedParameters: 0 0 0

#Transform 29
Transform: AffineTransform_float_3_3
Parameters: 0.999998 0.00192419 0.000342953 -0.00192181 0.999978 -0.00626467 -0.000355045 0.00626333 0.999981 -0.0741457 -0.139628 -0.0251051
FixedParameters: 0 0 0

#Transform 30
Transform: AffineTransform_float_3_3
Parameters: 0.999998 0.0015758 -0.000487453 -0.00157819 0.999977 -0.00662624 0.000476553 0.00662676 0.999978 -0.0640782 -0.160122 -0.086632
FixedParameters: 0 0 0

#Transform 31
Transform: AffineTransform_float_3_3
Parameters: 0.999998 0.00164564 -6.06781e-05 -0.00164635 0.999977 -0.00648791 4.93194e-05 0.00648809 0.999979 -0.0570777 -0.0948759 -0.0203376
FixedParameters: 0 0 0

#Transform 32
Transform: AffineTransform_float_3_3
Parameters: 0.999999 0.00169883 0.00046131 -0.00169717 0.999991 -0.00394079 -0.00046769 0.00393921 0.999992 -0.0701684 -0.116333 0.0192181
FixedParameters: 0 0 0

#Transform 33
Transform: AffineTransform_float_3_3
Parameters: 0.999998 0.00183602 0.000504113 -0.00183298 0.99998 -0.00593493 -0.000514887 0.00593407 0.999983 -0.0735526 -0.145415 -0.0856854
FixedParameters: 0 0 0

#Transform 34
Transform: AffineTransform_float_3_3
Parameters: 0.999998 0.00202167 0.000417283 -0.00201834 0.999978 -0.00629486 -0.000429713 0.00629415 0.99998 -0.0766758 -0.100234 -0.0118282
FixedParameters: 0 0 0

#Transform 35
Transform: AffineTransform_float_3_3
Parameters: 0.999997 0.00216877 0.00058623 -0.00216522 0.999977 -0.00635528 -0.000600772 0.00635471 0.999979 -0.0812237 -0.134105 -0.043644
FixedParameters: 0 0 0

#Transform 36
Transform: AffineTransform_float_3_3
Parameters: 0.999997 0.00237653 0.000410046 -0.00237247 0.999962 -0.00840299 -0.00042995 0.008402 0.999964 -0.0817537 -0.163833 -0.0899993
FixedParameters: 0 0 0

#Transform 37
Transform: AffineTransform_float_3_3
Parameters: 0.999996 0.00281519 0.00113387 -0.00280681 0.999971 -0.00716322 -0.00115413 0.00715978 0.999973 -0.106184 -0.146254 -0.0439005
FixedParameters: 0 0 0

#Transform 38
Transform: AffineTransform_float_3_3
Parameters: 0.999996 0.00251904 0.000784749 -0.00251196 0.999957 -0.008846 -0.000807249 0.00884399 0.99996 -0.0946208 -0.154559 -0.074624
FixedParameters: 0 0 0

#Transform 39
Transform: AffineTransform_float_3_3
Parameters: 0.999995 0.00293522 0.00109255 -0.00292678 0.999961 -0.00834323 -0.00111745 0.00833976 0.999964 -0.101447 -0.182987 -0.135029
FixedParameters: 0 0 0

#Transform 40
Transform: AffineTransform_float_3_3
Parameters: 0.999996 0.00231522 0.00114047 -0.00230578 0.999958 -0.00888766 -0.00116053 0.00888434 0.99996 -0.0887828 -0.192304 -0.132402
FixedParameters: 0 0 0

#Transform 41
Transform: AffineTransform_float_3_3
Parameters: 0.999996 0.00266761 0.000698563 -0.0026604 0.99994 -0.0106759 -0.000726441 0.0106741 0.999943 -0.093012 -0.228404 -0.185084
FixedParameters: 0 0 0

#Transform 42
Transform: AffineTransform_float_3_3
Parameters: 0.999994 0.00348167 0.000429266 -0.00347532 0.999915 -0.0125716 -0.000473726 0.0125704 0.999921 -0.105947 -0.214947 -0.203029
FixedParameters: 0 0 0

#Transform 43
Transform: AffineTransform_float_3_3
Parameters: 0.999993 0.00342185 0.00105811 -0.00340715 0.9999 -0.0137347 -0.00110489 0.0137303 0.999905 -0.111958 -0.246079 -0.397587
FixedParameters: 0 0 0

#Transform 44
Transform: AffineTransform_float_3_3
Parameters: 0.999995 0.00322458 0.000854464 -0.00321344 0.999908 -0.0132158 -0.000896543 0.0132132 0.999913 -0.103484 -0.224259 -0.323857
FixedParameters: 0 0 0

#Transform 45
Transform: AffineTransform_float_3_3
Parameters: 0.999994 0.00335296 0.00107855 -0.00333803 0.999902 -0.0135867 -0.00112445 0.0135823 0.999907 -0.11068 -0.251674 -0.382481
FixedParameters: 0 0 0

#Transform 46
Transform: AffineTransform_float_3_3
Parameters: 0.999993 0.00328779 0.00147641 -0.00326622 0.999889 -0.0145239 -0.00152359 0.0145191 0.999894 -0.0848103 -0.236235 -0.320056
FixedParameters: 0 0 0

#Transform 47
Transform: AffineTransform_float_3_3
Parameters: 0.999993 0.00338495 0.00153524 -0.00336105 0.999876 -0.0153473 -0.00158676 0.0153417 0.999881 -0.114581 -0.239607 -0.305228
FixedParameters: 0 0 0

#Transform 48
Transform: AffineTransform_float_3_3
Parameters: 0.999993 0.0035712 0.00153871 -0.0035498 0.999901 -0.0135646 -0.00158729 0.0135594 0.999907 -0.11809 -0.182603 -0.113105
FixedParameters: 0 0 0

#Transform 49
Transform: AffineTransform_float_3_3
Parameters: 0.99999 0.00393602 0.00240418 -0.00390199 0.999895 -0.0139935 -0.00245883 0.0139845 0.999899 -0.146973 -0.264718 -0.335475
FixedParameters: 0 0 0

#Transform 50
Transform: AffineTransform_float_3_3
Parameters: 0.99999 0.00358385 0.00246058 -0.00354814 0.999889 -0.0144229 -0.00251242 0.0144141 0.999893 -0.13739 -0.234146 -0.220914
FixedParameters: 0 0 0

#Transform 51
Transform: AffineTransform_float_3_3
Parameters: 0.999992 0.00330832 0.00228511 -0.00327967 0.999913 -0.0127206 -0.00232689 0.0127124 0.999917 -0.118412 -0.220503 -0.204636
FixedParameters: 0 0 0

#Transform 52
Transform: AffineTransform_float_3_3
Parameters: 0.99999 0.00370257 0.00227804 -0.00367143 0.999905 -0.0132805 -0.00232695 0.0132715 0.999909 -0.148912 -0.274452 -0.268523
FixedParameters: 0 0 0

#Transform 53
Transform: AffineTransform_float_3_3
Parameters: 0.999991 0.0037445 0.00228411 -0.0037175 0.999927 -0.0114996 -0.00232689 0.0114904 0.999932 -0.105033 -0.22186 -0.0664341
FixedParameters: 0 0 0

#Transform 54
Transform: AffineTransform_float_3_3
Parameters: 0.999988 0.00410173 0.00272782 -0.00407227 0.999933 -0.0108162 -0.00277218 0.0108048 0.999938 -0.131442 -0.242169 -0.0611436
FixedParameters: 0 0 0

#Transform 55
Transform: AffineTransform_float_3_3
Parameters: 0.99999 0.0036582 0.0027921 -0.0036178 0.999891 -0.0142693 -0.0028439 0.0142587 0.999895 -0.0869448 -0.259401 0.0116927
FixedParameters: 0 0 0

#Transform 56
Transform: AffineTransform_float_3_3
Parameters: 0.99999 0.00366196 0.00264898 -0.00362604 0.999903 -0.0134557 -0.00269802 0.0134463 0.999906 -0.142109 -0.307392 -0.0565009
FixedParameters: 0 0 0

#Transform 57
Transform: AffineTransform_float_3_3
Parameters: 0.999991 0.00318371 0.00304215 -0.00315229 0.999941 -0.0103727 -0.00307485 0.0103623 0.999941 -0.0867661 -0.251399 0.037937
FixedParameters: 0 0 0

#Transform 58
Transform: AffineTransform_float_3_3
Parameters: 0.999988 0.00381345 0.00302968 -0.00377755 0.999922 -0.0119456 -0.00307532 0.0119344 0.999924 -0.120054 -0.231698 0.00168292
FixedParameters: 0 0 0

#Transform 59
Transform: AffineTransform_float_3_3
Parameters: 0.999981 0.00513412 0.00320606 -0.00509287 0.999907 -0.0127066 -0.00327093 0.0126894 0.999914 -0.141996 -0.248238 0.0634183
FixedParameters: 0 0 0

#Transform 60
Transform: AffineTransform_float_3_3
Parameters: 0.999982 0.00489317 0.00340539 -0.00484983 0.999905 -0.0128607 -0.00346762 0.0128443 0.999912 -0.150568 -0.309153 -0.0402985
FixedParameters: 0 0 0

#Transform 61
Transform: AffineTransform_float_3_3
Parameters: 0.999984 0.00467393 0.00339701 -0.00462308 0.999879 -0.014848 -0.00346599 0.014832 0.999884 -0.148626 -0.27156 -0.0220697
FixedParameters: 0 0 0

#Transform 62
Transform: AffineTransform_float_3_3
Parameters: 0.999985 0.00456987 0.00325159 -0.00451612 0.999855 -0.0163869 -0.00332642 0.0163721 0.999861 -0.167719 -0.331819 -0.14618
FixedParameters: 0 0 0

#Transform 63
Transform: AffineTransform_float_3_3
Parameters: 0.999984 0.00448771 0.00351027 -0.00442429 0.999834 -0.0176728 -0.00358871 0.0176562 0.999837 -0.173135 -0.362345 -0.244532
FixedParameters: 0 0 0

#Transform 64
Transform: AffineTransform_float_3_3
Parameters: 0.999985 0.00425731 0.00340831 -0.00420769 0.999889 -0.0143446 -0.00346969 0.0143304 0.999892 -0.161752 -0.343372 -0.144909
FixedParameters: 0 0 0

#Transform 65
Transform: AffineTransform_float_3_3
Parameters: 0.999981 0.00488573 0.00364191 -0.00483526 0.999893 -0.0138119 -0.00370909 0.0137941 0.999898 -0.182568 -0.349606 -0.0146106
FixedParameters: 0 0 0

#Transform 66
Transform: AffineTransform_float_3_3
Parameters: 0.999982 0.00458057 0.00385148 -0.00451643 0.999852 -0.0166117 -0.00392652 0.0165933 0.999854 -0.181893 -0.383319 -0.183069
FixedParameters: 0 0 0

#Transform 67
Transform: AffineTransform_float_3_3
Parameters: 0.999979 0.00508576 0.00385059 -0.00502724 0.999873 -0.0151197 -0.00392641 0.0151003 0.999879 -0.190974 -0.342516 0.0209888
FixedParameters: 0 0 0

#Transform 68
Transform: AffineTransform_float_3_3
Parameters: 0.999985 0.00419123 0.00332256 -0.00415477 0.99993 -0.011135 -0.00336844 0.011121 0.999932 -0.175422 -0.374017 0.0323263
FixedParameters: 0 0 0

#Transform 69
Transform: AffineTransform_float_3_3
Parameters: 0.999983 0.00466144 0.00352761 -0.00461857 0.999918 -0.0119445 -0.00358239 0.0119285 0.999923 -0.172501 -0.374637 0.0136072
FixedParameters: 0 0 0

#Transform 70
Transform: AffineTransform_float_3_3
Parameters: 0.999979 0.00489693 0.00421587 -0.00482508 0.999846 -0.0169047 -0.00429813 0.0168843 0.999848 -0.180576 -0.411361 -0.0923331
FixedParameters: 0 0 0

#Transform 71
Transform: AffineTransform_float_3_3
Parameters: 0.999978 0.00467169 0.00458836 -0.00458429 0.999814 -0.0187274 -0.00467562 0.0187056 0.999814 -0.196206 -0.451051 -0.186412
FixedParameters: 0 0 0

#Transform 72
Transform: AffineTransform_float_3_3
Parameters: 0.999978 0.00475202 0.00464556 -0.00466899 0.999832 -0.0177221 -0.00472844 0.0176999 0.999832 -0.197341 -0.393337 -0.0769819
FixedParameters: 0 0 0

#Transform 73
Transform: AffineTransform_float_3_3
Parameters: 0.999979 0.00473874 0.0045626 -0.00464828 0.999795 -0.0196956 -0.00465441 0.0196744 0.999795 -0.189625 -0.472456 -0.248257
FixedParameters: 0 0 0

#Transform 74
Transform: AffineTransform_float_3_3
Parameters: 0.999978 0.00498136 0.00425289 -0.00488663 0.999748 -0.0219182 -0.0043611 0.0218967 0.99975 -0.200781 -0.491633 -0.286809
FixedParameters: 0 0 0

#Transform 75
Transform: AffineTransform_float_3_3
Parameters: 0.999976 0.00544953 0.00413577 -0.00534848 0.999699 -0.0239417 -0.00426421 0.0239193 0.999705 -0.212476 -0.455577 -0.136888
FixedParameters: 0 0 0

#Transform 76
Transform: AffineTransform_float_3_3
Parameters: 0.999975 0.00543002 0.00456443 -0.00531399 0.999672 -0.0250579 -0.00469856 0.0250331 0.999675 -0.209288 -0.514481 -0.252512
FixedParameters: 0 0 0

#Transform 77
Transform: AffineTransform_float_3_3
Parameters: 0.999973 0.00583223 0.0044911 -0.00569878 0.99956 -0.0291264 -0.00465888 0.0290996 0.999565 -0.223035 -0.547692 -0.376088
FixedParameters: 0 0 0

#Transform 78
Transform: AffineTransform_float_3_3
Parameters: 0.99997 0.00689409 0.00354839 -0.00677693 0.999456 -0.032279 -0.00376864 0.032255 0.999472 -0.236412 -0.539931 -0.433703
FixedParameters: 0 0 0

#Transform 79
Transform: AffineTransform_float_3_3
Parameters: 0.999967 0.00723838 0.00367852 -0.00711561 0.999455 -0.0322572 -0.00391047 0.0322298 0.999473 -0.253454 -0.53435 -0.322683
FixedParameters: 0 0 0

#Transform 80
Transform: AffineTransform_float_3_3
Parameters: 0.999973 0.00598281 0.00438527 -0.00583921 0.999467 -0.0321025 -0.00457474 0.0320765 0.999475 -0.224432 -0.592123 -0.475596
FixedParameters: 0 0 0

#Transform 81
Transform: AffineTransform_float_3_3
Parameters: 0.999972 0.00651057 0.00370836 -0.00638544 0.999446 -0.0326686 -0.00391862 0.0326434 0.99946 -0.232537 -0.552155 -0.383618
FixedParameters: 0 0 0

#Transform 82
Transform: AffineTransform_float_3_3
Parameters: 0.999984 0.00488465 0.00280565 -0.00479735 0.999525 -0.0304389 -0.00295336 0.0304251 0.999532 -0.15757 -0.581126 -0.314946
FixedParameters: 0 0 0

#Transform 83
Transform: AffineTransform_float_3_3
Parameters: 0.999975 0.00610097 0.00363882 -0.00598603 0.999508 -0.0308106 -0.00382518 0.0307884 0.999518 -0.201796 -0.60547 -0.454074
FixedParameters: 0 0 0

#Transform 84
Transform: AffineTransform_float_3_3
Parameters: 0.999976 0.00590912 0.00356101 -0.00580188 0.999551 -0.0293764 -0.00373299 0.0293546 0.999562 -0.220868 -0.568926 -0.300739
FixedParameters: 0 0 0

#Transform 85
Transform: AffineTransform_float_3_3
Parameters: 0.999976 0.00615919 0.00318742 -0.00606479 0.99956 -0.029059 -0.0033656 0.029039 0.999572 -0.228884 -0.590943 -0.254148
FixedParameters: 0 0 0

#Transform 86
Transform: AffineTransform_float_3_3
Parameters: 0.999976 0.00636725 0.00295172 -0.00626775 0.999453 -0.0324933 -0.00315727 0.0324737 0.999467 -0.202783 -0.656375 -0.523767
FixedParameters: 0 0 0

#Transform 87
Transform: AffineTransform_float_3_3
Parameters: 0.999976 0.006003 0.00344625 -0.00588998 0.999474 -0.0319111 -0.00363675 0.0318899 0.999485 -0.198259 -0.619703 -0.45905
FixedParameters: 0 0 0

#Transform 88
Transform: AffineTransform_float_3_3
Parameters: 0.999975 0.00584908 0.00394777 -0.00571092 0.999402 -0.0341244 -0.00414523 0.0341016 0.99941 -0.227641 -0.658047 -0.385144
FixedParameters: 0 0 0

#Transform 89
Transform: AffineTransform_float_3_3
Parameters: 0.999973 0.00622971 0.00371959 -0.00609427 0.999353 -0.0354446 -0.00393841 0.0354214 0.999364 -0.236493 -0.665601 -0.472546
FixedParameters: 0 0 0

#Transform 90
Transform: AffineTransform_float_3_3
Parameters: 0.999971 0.00661711 0.00357756 -0.00648887 0.999377 -0.0347082 -0.00380543 0.0346838 0.999391 -0.242062 -0.597611 -0.376909
FixedParameters: 0 0 0

#Transform 91
Transform: AffineTransform_float_3_3
Parameters: 0.999972 0.00685009 0.00324783 -0.00673191 0.999362 -0.0350719 -0.00348617 0.0350491 0.99938 -0.236892 -0.617662 -0.49353
FixedParameters: 0 0 0

#Transform 92
Transform: AffineTransform_float_3_3
Parameters: 0.999912 0.0110253 0.00737934 -0.0109047 0.99981 -0.0161509 -0.00755566 0.0160681 0.999843 -0.295213 -0.505123 0.226847
FixedParameters: 0 0 0

#Transform 93
Transform: AffineTransform_float_3_3
Parameters: 0.999936 0.00903358 0.00672536 -0.0089314 0.999845 -0.01513 -0.00686164 0.015069 0.999863 -0.248274 -0.555282 -0.00717619
FixedParameters: 0 0 0

#Transform 94
Transform: AffineTransform_float_3_3
Parameters: 0.99995 0.00824077 0.00570112 -0.00813023 0.999783 -0.0191873 -0.00585788 0.0191397 0.999799 -0.233926 -0.607181 -0.172366
FixedParameters: 0 0 0

#Transform 95
Transform: AffineTransform_float_3_3
Parameters: 0.999954 0.00817741 0.00501792 -0.00806859 0.999738 -0.0214495 -0.00519209 0.0214075 0.999758 -0.227371 -0.613089 -0.23054
FixedParameters: 0 0 0

#Transform 96
Transform: AffineTransform_float_3_3
Parameters: 0.999956 0.00771322 0.00520693 -0.00760179 0.99975 -0.0210505 -0.00536806 0.0210105 0.999765 -0.231394 -0.590711 -0.17522
FixedParameters: 0 0 0

#Transform 97
Transform: AffineTransform_float_3_3
Parameters: 0.999955 0.00672169 0.00668226 -0.00658531 0.999773 -0.0202719 -0.00681675 0.0202271 0.999772 -0.195964 -0.624443 -0.28128
FixedParameters: 0 0 0

#Transform 98
Transform: AffineTransform_float_3_3
Parameters: 0.999963 0.00648505 0.00553679 -0.00635993 0.999731 -0.022313 -0.00568021 0.022277 0.999735 -0.175652 -0.561271 -0.102151
FixedParameters: 0 0 0

#Transform 99
Transform: AffineTransform_float_3_3
Parameters: 0.999973 0.0053729 0.00487043 -0.0052791 0.999807 -0.0188922 -0.00497055 0.0188658 0.999809 -0.135817 -0.581796 -0.155242
FixedParameters: 0 0 0

#Transform 100
Transform: AffineTransform_float_3_3
Parameters: 0.999978 0.0049386 0.00429118 -0.0048594 0.999823 -0.0181382 -0.00437981 0.0181168 0.999827 -0.128833 -0.584426 -0.132667
FixedParameters: 0 0 0

#Transform 101
Transform: AffineTransform_float_3_3
Parameters: 0.999975 0.00596132 0.00385624 -0.00587367 0.999734 -0.0222742 -0.00398775 0.0222508 0.999745 -0.140622 -0.625039 -0.127633
FixedParameters: 0 0 0

#Transform 102
Transform: AffineTransform_float_3_3
Parameters: 0.999975 0.00580854 0.0041769 -0.00571546 0.99974 -0.0220684 -0.00430411 0.0220436 0.999747 -0.144267 -0.637702 -0.112952
FixedParameters: 0 0 0

#Transform 103
Transform: AffineTransform_float_3_3
Parameters: 0.999976 0.00567745 0.00402794 -0.00559655 0.99979 -0.01971 -0.00413905 0.019687 0.999797 -0.152077 -0.645796 -0.107812
FixedParameters: 0 0 0

#Transform 104
Transform: AffineTransform_float_3_3
Parameters: 0.999971 0.00617639 0.00444344 -0.00606659 0.999683 -0.0244427 -0.00459358 0.0244153 0.999692 -0.183107 -0.721519 -0.370913
FixedParameters: 0 0 0

#Transform 105
Transform: AffineTransform_float_3_3
Parameters: 0.999974 0.00611961 0.00387912 -0.00602439 0.999689 -0.024199 -0.00402589 0.024175 0.999699 -0.189093 -0.677508 -0.246758
FixedParameters: 0 0 0

#Transform 106
Transform: AffineTransform_float_3_3
Parameters: 0.999974 0.00629702 0.00352962 -0.00620496 0.999655 -0.0255025 -0.00368937 0.0254804 0.999668 -0.217938 -0.706904 -0.176759
FixedParameters: 0 0 0

#Transform 107
Transform: AffineTransform_float_3_3
Parameters: 0.999969 0.00652485 0.00454474 -0.00639714 0.999598 -0.0275999 -0.00472327 0.02757 0.999608 -0.221061 -0.782747 -0.37053
FixedParameters: 0 0 0

#Transform 108
Transform: AffineTransform_float_3_3
Parameters: 0.999965 0.00663274 0.00506502 -0.00649726 0.999632 -0.0263618 -0.00523798 0.0263272 0.999639 -0.207519 -0.772707 -0.344836
FixedParameters: 0 0 0

#Transform 109
Transform: AffineTransform_float_3_3
Parameters: 0.999966 0.00656058 0.00488923 -0.00642943 0.99963 -0.0264573 -0.00506078 0.0264257 0.999638 -0.213638 -0.772975 -0.284353
FixedParameters: 0 0 0

#Transform 110
Transform: AffineTransform_float_3_3
Parameters: 0.999979 0.00465618 0.00437712 -0.00457082 0.999804 -0.0192734 -0.00446587 0.0192526 0.999804 -0.189681 -0.652203 0.078604
FixedParameters: 0 0 0

#Transform 111
Transform: AffineTransform_float_3_3
Parameters: 0.999987 0.00395481 0.00336347 -0.00389921 0.999858 -0.0164383 -0.00342754 0.0164257 0.999859 -0.15793 -0.653379 0.118741
FixedParameters: 0 0 0

#Transform 112
Transform: AffineTransform_float_3_3
Parameters: 0.999979 0.00519803 0.00391649 -0.00510496 0.999713 -0.0233995 -0.00403751 0.0233795 0.999718 -0.200184 -0.749623 -0.110093
FixedParameters: 0 0 0

#Transform 113
Transform: AffineTransform_float_3_3
Parameters: 0.999969 0.00618064 0.00489668 -0.00605035 0.999642 -0.0260614 -0.00505631 0.0260306 0.999649 -0.228938 -0.787655 -0.251006
FixedParameters: 0 0 0

#Transform 114
Transform: AffineTransform_float_3_3
Parameters: 0.999972 0.00619114 0.00420274 -0.00608585 0.999673 -0.0248153 -0.00435528 0.0247887 0.999683 -0.2049 -0.772559 -0.184965
FixedParameters: 0 0 0

#Transform 115
Transform: AffineTransform_float_3_3
Parameters: 0.999973 0.00606706 0.00420484 -0.00594693 0.99959 -0.0280008 -0.00437315 0.0279742 0.999599 -0.192298 -0.828651 -0.305756
FixedParameters: 0 0 0

#Transform 116
Transform: AffineTransform_float_3_3
Parameters: 0.999971 0.0064364 0.00393767 -0.00633061 0.999636 -0.0262187 -0.00410431 0.0261933 0.999648 -0.198196 -0.837133 -0.265461
FixedParameters: 0 0 0

#Transform 117
Transform: AffineTransform_float_3_3
Parameters: 0.999974 0.00594134 0.00424816 -0.00582568 0.999628 -0.0266645 -0.00440483 0.0266386 0.999636 -0.190232 -0.862582 -0.344191
FixedParameters: 0 0 0

#Transform 118
Transform: AffineTransform_float_3_3
Parameters: 0.999973 0.00599734 0.00411994 -0.00588965 0.999655 -0.0255909 -0.00427205 0.0255661 0.999664 -0.212679 -0.827084 -0.261754
FixedParameters: 0 0 0

#Transform 119
Transform: AffineTransform_float_3_3
Parameters: 0.999973 0.00605206 0.00430087 -0.00593194 0.999607 -0.0274003 -0.00446514 0.0273737 0.999616 -0.222698 -0.864263 -0.267669
FixedParameters: 0 0 0

#Transform 120
Transform: AffineTransform_float_3_3
Parameters: 0.999971 0.00628453 0.00446161 -0.0061575 0.999588 -0.0280423 -0.00463541 0.0280147 0.999597 -0.208436 -0.901182 -0.331166
FixedParameters: 0 0 0

#Transform 121
Transform: AffineTransform_float_3_3
Parameters: 0.999969 0.0066612 0.00415261 -0.00653382 0.999531 -0.0299261 -0.00434939 0.029898 0.999544 -0.223563 -0.813221 -0.171313
FixedParameters: 0 0 0

#Transform 122
Transform: AffineTransform_float_3_3
Parameters: 0.999972 0.00635018 0.00396788 -0.00623784 0.999597 -0.0276715 -0.00414112 0.0276465 0.999609 -0.19655 -0.878946 -0.226942
FixedParameters: 0 0 0

#Transform 123
Transform: AffineTransform_float_3_3
Parameters: 0.999973 0.00592472 0.00439741 -0.00579529 0.999564 -0.0289473 -0.00456659 0.0289207 0.999572 -0.191034 -0.911042 -0.288804
FixedParameters: 0 0 0

#Transform 124
Transform: AffineTransform_float_3_3
Parameters: 0.999973 0.00588419 0.00429366 -0.00576283 0.9996 -0.0277105 -0.00445433 0.0276855 0.999607 -0.183714 -0.920009 -0.28546
FixedParameters: 0 0 0

#Transform 125
Transform: AffineTransform_float_3_3
Parameters: 0.999975 0.00612391 0.00347827 -0.00603711 0.999683 -0.0244676 -0.00362674 0.0244464 0.999694 -0.200159 -0.890702 -0.085794
FixedParameters: 0 0 0

#Transform 126
Transform: AffineTransform_float_3_3
Parameters: 0.999953 0.00822391 0.00515 -0.0081131 0.999743 -0.0211978 -0.00532301 0.0211552 0.999762 -0.261402 -0.851508 -0.223807
FixedParameters: 0 0 0

#Transform 127
Transform: AffineTransform_float_3_3
Parameters: 0.999962 0.00725217 0.00472693 -0.00716282 0.999801 -0.0186166 -0.00486106 0.0185815 0.999816 -0.202381 -0.860682 -0.101285
FixedParameters: 0 0 0

#Transform 128
Transform: AffineTransform_float_3_3
Parameters: 0.99996 0.00746741 0.00501478 -0.00734658 0.999689 -0.0238078 -0.00519124 0.0237692 0.999704 -0.192784 -0.948483 -0.408891
FixedParameters: 0 0 0

#Transform 129
Transform: AffineTransform_float_3_3
Parameters: 0.999968 0.00697327 0.00391429 -0.00687973 0.999703 -0.0233567 -0.00407571 0.0233293 0.999719 -0.172183 -0.887695 -0.216019
FixedParameters: 0 0 0

#Transform 130
Transform: AffineTransform_float_3_3
Parameters: 0.999969 0.00646877 0.00460357 -0.00636525 0.999733 -0.022208 -0.00474544 0.022178 0.999743 -0.17375 -0.927849 -0.140839
FixedParameters: 0 0 0

#Transform 131
Transform: AffineTransform_float_3_3
Parameters: 0.999971 0.00608586 0.00447419 -0.00599914 0.999798 -0.0191774 -0.00458981 0.0191496 0.999806 -0.155107 -0.834955 0.136268
FixedParameters: 0 0 0

#Transform 132
Transform: AffineTransform_float_3_3
Parameters: 0.999971 0.00634767 0.00422464 -0.00630333 0.999925 -0.0105039 -0.00429136 0.0104771 0.999936 -0.143021 -0.805513 0.261121
FixedParameters: 0 0 0

#Transform 133
Transform: AffineTransform_float_3_3
Parameters: 0.999972 0.00563624 0.00478158 -0.00557476 0.999901 -0.012932 -0.00485342 0.012905 0.999905 -0.102681 -0.816057 0.226523
FixedParameters: 0 0 0

#Transform 134
Transform: AffineTransform_float_3_3
Parameters: 0.999974 0.0061978 0.00373924 -0.0061442 0.99988 -0.0142323 -0.00382676 0.0142086 0.999891 -0.0976708 -0.853362 0.0982696
FixedParameters: 0 0 0

#Transform 135
Transform: AffineTransform_float_3_3
Parameters: 0.99997 0.00621322 0.00458809 -0.00614178 0.999863 -0.0153766 -0.00468291 0.0153484 0.999871 -0.10696 -0.924854 -0.0358801
FixedParameters: 0 0 0

#Transform 136
Transform: AffineTransform_float_3_3
Parameters: 0.999972 0.00648433 0.00356902 -0.00642967 0.999867 -0.0150294 -0.00366597 0.0150056 0.99988 -0.112592 -0.879527 0.052998
FixedParameters: 0 0 0

#Transform 137
Transform: AffineTransform_float_3_3
Parameters: 0.999969 0.00658209 0.00430497 -0.00650192 0.999811 -0.0183596 -0.00442503 0.0183314 0.999822 -0.136606 -0.937525 -0.185013
FixedParameters: 0 0 0

#Transform 138
Transform: AffineTransform_float_3_3
Parameters: 0.999967 0.00675636 0.00451612 -0.00668263 0.999848 -0.0160677 -0.00462387 0.0160373 0.99986 -0.126201 -0.930192 -0.0519719
FixedParameters: 0 0 0

#Transform 139
Transform: AffineTransform_float_3_3
Parameters: 0.999968 0.00676467 0.00410935 -0.0066873 0.999808 -0.0183951 -0.00423364 0.0183669 0.999823 -0.110417 -1.00565 -0.170356
FixedParameters: 0 0 0

#Transform 140
Transform: AffineTransform_float_3_3
Parameters: 0.999971 0.00628981 0.00434734 -0.0062092 0.999812 -0.0183585 -0.00446166 0.0183315 0.999822 -0.0951856 -0.977751 -0.100068
FixedParameters: 0 0 0

#Transform 141
Transform: AffineTransform_float_3_3
Parameters: 0.999966 0.00693726 0.00457743 -0.00684975 0.999799 -0.01881 -0.00470657 0.018778 0.999812 -0.142975 -0.992372 -0.0893926
FixedParameters: 0 0 0

#Transform 142
Transform: AffineTransform_float_3_3
Parameters: 0.999963 0.00691435 0.00499049 -0.00681566 0.999788 -0.0194627 -0.0051235 0.0194273 0.999798 -0.163796 -1.03771 -0.193896
FixedParameters: 0 0 0

#Transform 143
Transform: AffineTransform_float_3_3
Parameters: 0.999957 0.0073251 0.00556574 -0.0072139 0.99978 -0.019725 -0.00570926 0.019684 0.99979 -0.18247 -1.0148 -0.0203292
FixedParameters: 0 0 0

#Transform 144
Transform: AffineTransform_float_3_3
Parameters: 0.999956 0.00737525 0.00566815 -0.00725276 0.999744 -0.0214651 -0.00582487 0.021423 0.999754 -0.191717 -1.06741 -0.137422
FixedParameters: 0 0 0

#Transform 145
Transform: AffineTransform_float_3_3
Parameters: 0.999957 0.00706003 0.00613231 -0.00691896 0.999718 -0.0227224 -0.00629169 0.0226786 0.999723 -0.188946 -1.08797 -0.203897
FixedParameters: 0 0 0

#Transform 146
Transform: AffineTransform_float_3_3
Parameters: 0.999963 0.00683823 0.00532218 -0.00672278 0.999749 -0.0213746 -0.00546683 0.0213384 0.999758 -0.177922 -1.08873 -0.130906
FixedParameters: 0 0 0

#Transform 147
Transform: AffineTransform_float_3_3
Parameters: 0.999957 0.00722472 0.00577793 -0.00708228 0.999679 -0.024351 -0.00595208 0.024309 0.999687 -0.190249 -1.15273 -0.208508
FixedParameters: 0 0 0

#Transform 148
Transform: AffineTransform_float_3_3
Parameters: 0.999952 0.00728096 0.00652102 -0.00711005 0.99964 -0.0258656 -0.00670699 0.0258184 0.999644 -0.189245 -1.11304 -0.196405
FixedParameters: 0 0 0

#Transform 149
Transform: AffineTransform_float_3_3
Parameters: 0.999953 0.00742101 0.00626077 -0.00724198 0.999577 -0.0281467 -0.00646723 0.0281003 0.999584 -0.190281 -1.08728 -0.366796
FixedParameters: 0 0 0

#Transform 150
Transform: AffineTransform_float_3_3
Parameters: 0.999948 0.00968343 -0.00338453 -0.00993261 0.996467 -0.0833977 0.00256541 0.0834272 0.99651 -0.290488 -1.46063 -1.65706
FixedParameters: 0 0 0

#Transform 151
Transform: AffineTransform_float_3_3
Parameters: 0.99975 0.0222166 0.00222507 -0.0220194 0.997535 -0.0666356 -0.00369997 0.0665704 0.997775 -0.656578 -1.33861 -0.785428
FixedParameters: 0 0 0

#Transform 152
Transform: AffineTransform_float_3_3
Parameters: 0.999902 0.0134436 0.00390264 -0.0131514 0.997652 -0.0672089 -0.0047974 0.0671511 0.997732 -0.32394 -1.38373 -0.978677
FixedParameters: 0 0 0

#Transform 153
Transform: AffineTransform_float_3_3
Parameters: 0.999935 0.010345 0.00489491 -0.010076 0.998591 -0.0521017 -0.0054271 0.0520493 0.99863 -0.198639 -1.27701 -0.784165
FixedParameters: 0 0 0

#Transform 154
Transform: AffineTransform_float_3_3
Parameters: 0.999937 0.00968807 0.00577952 -0.00945193 0.999173 -0.0395612 -0.00615849 0.0395039 0.999201 -0.19962 -1.28484 -0.634374
FixedParameters: 0 0 0

#Transform 155
Transform: AffineTransform_float_3_3
Parameters: 0.999933 0.010031 0.00589361 -0.00978602 0.999143 -0.0402194 -0.00629238 0.0401586 0.999173 -0.206414 -1.33004 -0.703335
FixedParameters: 0 0 0
