#Insight Transform File V1.0
#Transform 0
Transform: AffineTransform_float_3_3
Parameters: 0.999998 -0.000860593 -0.00139863 0.000860406 0.999999 -0.000425204 0.00139836 0.000423797 0.999999 0.0141896 -0.0071074 0.134471
FixedParameters: 0 0 0

#Transform 1
Transform: AffineTransform_float_3_3
Parameters: 0.999998 -0.000860684 -0.00139858 0.000860315 0.999999 -0.000490204 0.00139842 0.000488797 0.999999 0.0141473 -0.0069149 0.164592
FixedParameters: 0 0 0

#Transform 2
Transform: AffineTransform_float_3_3
Parameters: 0.999999 -0.000860634 -0.00127557 0.000860364 0.999999 -0.000498098 0.00127643 0.000496902 0.999999 0.0138288 -0.00690984 0.207546
FixedParameters: 0 0 0

#Transform 3
Transform: AffineTransform_float_3_3
Parameters: 0.999998 -0.00086128 -0.00136519 0.00085972 0.999999 -0.000938175 0.00136581 0.000936825 0.999998 0.0216406 -0.00582842 0.195503
FixedParameters: 0 0 0

#Transform 4
Transform: AffineTransform_float_3_3
Parameters: 0.999999 -0.000808424 -0.00152378 0.000808576 0.999999 -0.000279232 0.00152323 0.000277769 0.999999 0.00385468 0.0414817 0.170147
FixedParameters: 0 0 0

#Transform 5
Transform: AffineTransform_float_3_3
Parameters: 0.999998 -0.000393893 -0.00185445 0.000396107 1 0.00113627 0.00185355 -0.00113673 0.999997 0.0218743 0.0449226 0.137643
FixedParameters: 0 0 0

#Transform 6
Transform: AffineTransform_float_3_3
Parameters: 0.999997 -0.000388115 -0.00236864 0.000392884 0.999998 0.00164007 0.00236736 -0.00164092 0.999996 -0.00744822 -0.021472 0.166161
FixedParameters: 0 0 0

#Transform 7
Transform: AffineTransform_float_3_3
Parameters: 0.999999 -0.000211889 -0.00147316 0.000213111 0.999999 0.000753686 0.00147384 -0.000754313 0.999998 0.00660242 0.00115461 0.141513
FixedParameters: 0 0 0

#Transform 8
Transform: AffineTransform_float_3_3
Parameters: 1 -0.000301668 -0.00113509 0.000301332 1 0.000291658 0.00113591 -0.000292343 1 0.00272386 0.0194594 0.0880774
FixedParameters: 0 0 0

#Transform 9
Transform: AffineTransform_float_3_3
Parameters: 1 -0.000302061 -0.000401954 0.000301939 1 -0.000151121 0.000402045 0.000150879 1 0.00493416 0.0207191 0.118526
FixedParameters: 0 0 0

#Transform 10
Transform: AffineTransform_float_3_3
Parameters: 1 -0.000302066 -0.000439954 0.000301933 1 -0.000151133 0.000440045 0.000150867 1 0.00231496 0.0207167 0.122376
FixedParameters: 0 0 0

#Transform 11
Transform: AffineTransform_float_3_3
Parameters: 1 -0.000302075 -0.000494954 0.000301925 1 -0.000151149 0.000495045 0.00015085 1 0.00521431 0.0176925 0.115983
FixedParameters: 0 0 0

#Transform 12
Transform: AffineTransform_float_3_3
Parameters: 1 -0.000302164 -0.000421882 0.000301836 1 -0.000389127 0.000422118 0.000389872 1 0.00500339 0.0213978 0.121344
FixedParameters: 0 0 0

#Transform 13
Transform: AffineTransform_float_3_3
Parameters: 1 -0.000118035 -0.000494991 0.000117965 1 -7.10584e-05 0.000495008 7.09416e-05 1 0.0029026 0.0391466 0.165783
FixedParameters: 0 0 0

#Transform 14
Transform: AffineTransform_float_3_3
Parameters: 1 -0.000302034 -8.68831e-05 0.000301966 1 -0.000387026 8.71169e-05 0.000386974 1 -0.0115789 0.0117283 0.25765
FixedParameters: 0 0 0

#Transform 15
Transform: AffineTransform_float_3_3
Parameters: 1 -0.000301939 -0.000487038 0.000302061 1 0.000124853 0.000486962 -0.000125147 1 -0.0188359 -0.00706212 0.256847
FixedParameters: 0 0 0

#Transform 16
Transform: AffineTransform_float_3_3
Parameters: 1 2.02351e-05 0.000371987 -1.97649e-05 1 -0.000632007 -0.000372012 0.000631992 0.999999 -0.0167536 0.0129879 0.146481
FixedParameters: 0 0 0

#Transform 17
Transform: AffineTransform_float_3_3
Parameters: 1 -3.06765e-05 0.000343029 3.13234e-05 0.999999 -0.000942988 -0.00034297 0.00094301 0.999999 -0.000592796 0.0347423 0.0176761
FixedParameters: 0 0 0

#Transform 18
Transform: AffineTransform_float_3_3
Parameters: 1 0.000457253 0.000279587 -0.000457747 1 -0.000904128 -0.000280414 0.000903872 0.999999 -0.000611381 0.0179405 -0.126522
FixedParameters: 0 0 0

#Transform 19
Transform: AffineTransform_float_3_3
Parameters: 1 0.000323853 -0.000182262 -0.000324147 0.999999 -0.00080794 0.000181738 0.000808058 0.999999 -0.00337428 0.0164052 -0.00715437
FixedParameters: 0 0 0

#Transform 20
Transform: AffineTransform_float_3_3
Parameters: 1 6.7094e-05 0.000175964 -6.6906e-05 1 -0.000534012 -0.000176036 0.000533988 1 -0.0112972 0.0130934 0.00969509
FixedParameters: 0 0 0

#Transform 21
Transform: AffineTransform_float_3_3
Parameters: 1 -6.68824e-05 -0.000115069 6.71176e-05 1 0.00102299 0.000114931 -0.00102301 1 0.00727653 0.0784851 0.00850281
FixedParameters: 0 0 0

#Transform 22
Transform: AffineTransform_float_3_3
Parameters: 1 0.000324424 -0.000449695 -0.000324577 0.999999 0.000942146 0.000449306 -0.000941854 1 -0.00262457 0.0907494 -0.0798269
FixedParameters: 0 0 0

#Transform 23
Transform: AffineTransform_float_3_3
Parameters: 1 0.000324482 -0.000334533 -0.000324517 0.999999 0.00144011 0.000335468 -0.00144089 0.999999 0.00442468 0.0893538 -0.0884356
FixedParameters: 0 0 0

#Transform 24
Transform: AffineTransform_float_3_3
Parameters: 1 0.000324805 -0.000373301 -0.000324195 0.999997 0.00215512 0.000373699 -0.00215488 0.999997 -0.00281192 0.119161 -0.137346
FixedParameters: 0 0 0

#Transform 25
Transform: AffineTransform_float_3_3
Parameters: 1 -0.000147185 -0.000357337 0.000147816 0.999998 0.00228095 0.000357664 -0.00228105 0.999998 0.00287929 0.107389 -0.0642669
FixedParameters: 0 0 0

#Transform 26
Transform: AffineTransform_float_3_3
Parameters: 1 -0.000206821 -7.152e-05 0.00020618 0.999997 0.00251298 7.14821e-05 -0.00251301 0.999997 0.00288832 0.113255 -0.111124
FixedParameters: 0 0 0

#Transform 27
Transform: AffineTransform_float_3_3
Parameters: 0.999999 -0.000304104 -0.000804101 0.000306895 0.999993 0.00360375 0.000802899 -0.00360424 0.999993 0.00595593 0.0727854 -0.161757
FixedParameters: 0 0 0

#Transform 28
Transform: AffineTransform_float_3_3
Parameters: 0.999999 -0.000140023 -0.000806522 0.000142975 0.999993 0.00369189 0.000805477 -0.00369211 0.999993 0.00384427 0.089005 -0.162635
FixedParameters: 0 0 0

#Transform 29
Transform: AffineTransform_float_3_3
Parameters: 1 -0.000536305 -0.000320849 0.000538695 0.999986 0.00530483 0.000318147 -0.00530517 0.999986 0.00746623 0.137371 -0.278332
FixedParameters: 0 0 0

#Transform 30
Transform: AffineTransform_float_3_3
Parameters: 1 -0.000467712 0.000120265 0.00046629 0.999983 0.00585205 -0.000122731 -0.00585194 0.999983 0.00550775 0.159436 -0.321936
FixedParameters: 0 0 0

#Transform 31
Transform: AffineTransform_float_3_3
Parameters: 0.999999 -0.000816865 -0.000204587 0.000818131 0.999984 0.00561084 0.000199413 -0.00561017 0.999984 0.0138741 0.158767 -0.315424
FixedParameters: 0 0 0

#Transform 32
Transform: AffineTransform_float_3_3
Parameters: 0.999999 -0.000721401 -0.000305799 0.000722599 0.999986 0.00525978 0.000302203 -0.00526022 0.999986 0.00972629 0.160749 -0.320665
FixedParameters: 0 0 0

#Transform 33
Transform: AffineTransform_float_3_3
Parameters: 0.999999 -0.000854435 -0.000312315 0.000856568 0.999987 0.00504574 0.000308682 -0.00504527 0.999987 0.0219681 0.133426 -0.293312
FixedParameters: 0 0 0

#Transform 34
Transform: AffineTransform_float_3_3
Parameters: 0.999999 -0.000915716 -0.000289095 0.000917282 0.999989 0.00446873 0.000284903 -0.00446926 0.99999 0.0120918 0.131927 -0.258401
FixedParameters: 0 0 0

#Transform 35
Transform: AffineTransform_float_3_3
Parameters: 0.999999 -0.000853734 -0.000289755 0.000854266 0.99999 0.00439476 0.000286248 -0.00439525 0.999991 0.0239838 0.153197 -0.157826
FixedParameters: 0 0 0

#Transform 36
Transform: AffineTransform_float_3_3
Parameters: 1 -0.00055165 -0.000135436 0.000551352 0.999997 0.00260193 0.000134566 -0.00260207 0.999996 0.0236049 0.17609 -0.162225
FixedParameters: 0 0 0

#Transform 37
Transform: AffineTransform_float_3_3
Parameters: 0.999999 -0.000918101 -0.000875108 0.000922898 0.999989 0.00446519 0.000870887 -0.0044658 0.999989 0.0224988 0.161868 -0.266294
FixedParameters: 0 0 0

#Transform 38
Transform: AffineTransform_float_3_3
Parameters: 1 -0.000818921 -0.00078622 0.000822079 0.999992 0.00392436 0.00078278 -0.00392464 0.999992 0.0259483 0.206309 -0.352871
FixedParameters: 0 0 0

#Transform 39
Transform: AffineTransform_float_3_3
Parameters: 0.999999 -0.00122737 -0.00136119 0.00123163 0.999994 0.00340833 0.00135681 -0.00340967 0.999994 0.0242845 0.140799 -0.411973
FixedParameters: 0 0 0

#Transform 40
Transform: AffineTransform_float_3_3
Parameters: 0.999999 -0.00129901 -0.000863521 0.001302 0.999993 0.00347588 0.000859478 -0.00347712 0.999993 0.0184239 0.152006 -0.394619
FixedParameters: 0 0 0

#Transform 41
Transform: AffineTransform_float_3_3
Parameters: 0.999998 -0.00155043 -0.000718565 0.00155357 0.999993 0.00358589 0.000713433 -0.00358711 0.999994 0.0294963 0.161167 -0.405555
FixedParameters: 0 0 0

#Transform 42
Transform: AffineTransform_float_3_3
Parameters: 0.999997 -0.00184034 -0.0011346 0.00184466 0.99999 0.00412292 0.0011264 -0.00412408 0.999991 0.0358872 0.157072 -0.380192
FixedParameters: 0 0 0

#Transform 43
Transform: AffineTransform_float_3_3
Parameters: 0.999997 -0.00233449 -0.000942727 0.00233851 0.999991 0.00373481 0.000934269 -0.00373719 0.999992 0.0496139 0.11514 -0.39209
FixedParameters: 0 0 0

#Transform 44
Transform: AffineTransform_float_3_3
Parameters: 0.999998 -0.00176263 -0.000972133 0.00176637 0.999993 0.00347529 0.000965866 -0.00347671 0.999993 0.064036 0.133746 -0.416776
FixedParameters: 0 0 0

#Transform 45
Transform: AffineTransform_float_3_3
Parameters: 0.999997 -0.00209036 -0.00125377 0.00209464 0.999991 0.00371239 0.00124523 -0.00371561 0.999993 0.0689576 0.121624 -0.44853
FixedParameters: 0 0 0

#Transform 46
Transform: AffineTransform_float_3_3
Parameters: 0.999996 -0.0026244 -0.00116243 0.00262859 0.999988 0.00397096 0.00115157 -0.00397403 0.999991 0.0752103 0.123955 -0.449093
FixedParameters: 0 0 0

#Transform 47
Transform: AffineTransform_float_3_3
Parameters: 0.999997 -0.00217577 -0.00119473 0.00218023 0.999992 0.00354841 0.00118727 -0.0035506 0.999993 0.0697088 0.129382 -0.453914
FixedParameters: 0 0 0

#Transform 48
Transform: AffineTransform_float_3_3
Parameters: 0.999998 -0.00178101 -0.000900931 0.00178399 0.999993 0.0033264 0.000895068 -0.0033286 0.999994 0.0603148 0.147345 -0.51988
FixedParameters: 0 0 0

#Transform 49
Transform: AffineTransform_float_3_3
Parameters: 0.999998 -0.00144978 -0.00134058 0.00145322 0.999994 0.00315206 0.00133642 -0.00315394 0.999994 0.0613771 0.140872 -0.587592
FixedParameters: 0 0 0

#Transform 50
Transform: AffineTransform_float_3_3
Parameters: 1 -0.000606562 -0.000807354 0.000611436 0.999984 0.0055085 0.000803644 -0.00550849 0.999984 0.0317108 0.166567 -0.543395
FixedParameters: 0 0 0

#Transform 51
Transform: AffineTransform_float_3_3
Parameters: 0.999999 -0.00135868 -0.000507256 0.00136132 0.999989 0.00460032 0.000500742 -0.00460169 0.99999 0.0578178 0.143275 -0.515546
FixedParameters: 0 0 0

#Transform 52
Transform: AffineTransform_float_3_3
Parameters: 0.999999 -0.00124645 -0.000579517 0.00124955 0.999989 0.00442128 0.000574481 -0.00442172 0.99999 0.0566469 0.133569 -0.461479
FixedParameters: 0 0 0

#Transform 53
Transform: AffineTransform_float_3_3
Parameters: 0.999998 -0.00143257 -0.00100191 0.00143643 0.999993 0.00342657 0.000997081 -0.00342843 0.999993 0.0350081 0.155303 -0.372821
FixedParameters: 0 0 0

#Transform 54
Transform: AffineTransform_float_3_3
Parameters: 0.999999 -0.00124654 -0.000917718 0.00125046 0.999992 0.00377886 0.000913281 -0.00378014 0.999993 0.0149622 0.156147 -0.380429
FixedParameters: 0 0 0

#Transform 55
Transform: AffineTransform_float_3_3
Parameters: 0.999999 -0.00130534 6.55602e-05 0.00130466 0.999987 0.00493409 -7.2438e-05 -0.00493391 0.999988 0.0296593 0.174026 -0.378338
FixedParameters: 0 0 0

#Transform 56
Transform: AffineTransform_float_3_3
Parameters: 1 -0.00111968 0.000145857 0.00111932 0.999989 0.00459517 -0.000151145 -0.00459483 0.99999 0.018331 0.191941 -0.367452
FixedParameters: 0 0 0

#Transform 57
Transform: AffineTransform_float_3_3
Parameters: 0.999999 -0.000845762 -6.23108e-05 0.000846236 0.999992 0.00391395 5.86883e-05 -0.00391405 0.999993 0.00632641 0.2041 -0.369488
FixedParameters: 0 0 0

#Transform 58
Transform: AffineTransform_float_3_3
Parameters: 1 -0.000999134 0.000477561 0.000996868 0.999989 0.00444848 -0.00048144 -0.00444852 0.99999 0.023765 0.193208 -0.380332
FixedParameters: 0 0 0

#Transform 59
Transform: AffineTransform_float_3_3
Parameters: 0.999999 -0.000797408 0.000103919 0.000797592 0.999992 0.00386508 -0.000107084 -0.00386591 0.999992 0.0191412 0.192259 -0.391238
FixedParameters: 0 0 0

#Transform 60
Transform: AffineTransform_float_3_3
Parameters: 1 -0.0010117 0.000671951 0.0010083 0.999992 0.00400768 -0.000675046 -0.00400732 0.999991 0.0304283 0.174584 -0.393028
FixedParameters: 0 0 0

#Transform 61
Transform: AffineTransform_float_3_3
Parameters: 1 -0.00062708 0.000313851 0.000625919 0.999994 0.0034292 -0.000316148 -0.0034288 0.999994 0.0264793 0.144991 -0.458563
FixedParameters: 0 0 0

#Transform 62
Transform: AffineTransform_float_3_3
Parameters: 0.999999 -0.000464523 0.000680284 0.000461478 0.999993 0.00370431 -0.000681714 -0.00370368 0.999993 0.0265408 0.165212 -0.516634
FixedParameters: 0 0 0

#Transform 63
Transform: AffineTransform_float_3_3
Parameters: 1 -0.000866688 0.000550793 0.000864316 0.999988 0.00486248 -0.000554209 -0.00486152 0.999988 0.0465723 0.181354 -0.511219
FixedParameters: 0 0 0

#Transform 64
Transform: AffineTransform_float_3_3
Parameters: 1 -0.000192917 0.000472221 0.000191083 0.999992 0.00405709 -0.000472779 -0.00405691 0.999991 0.0382614 0.153719 -0.500848
FixedParameters: 0 0 0

#Transform 65
Transform: AffineTransform_float_3_3
Parameters: 1 -0.000849379 0.000719027 0.000846621 0.999988 0.00468761 -0.000722976 -0.00468639 0.999989 0.0579816 0.156741 -0.505894
FixedParameters: 0 0 0

#Transform 66
Transform: AffineTransform_float_3_3
Parameters: 0.999999 -0.000645723 0.000663397 0.000642274 0.999984 0.00559643 -0.000667605 -0.00559657 0.999984 0.0369376 0.182418 -0.568946
FixedParameters: 0 0 0

#Transform 67
Transform: AffineTransform_float_3_3
Parameters: 1 -0.000457952 0.000308118 0.000456049 0.99998 0.00630614 -0.000310882 -0.00630586 0.99998 0.0413143 0.182169 -0.599829
FixedParameters: 0 0 0

#Transform 68
Transform: AffineTransform_float_3_3
Parameters: 0.999999 -0.000788639 0.00060759 0.000785363 0.999991 0.00433148 -0.000610407 -0.00433052 0.999991 0.0437766 0.160216 -0.577455
FixedParameters: 0 0 0

#Transform 69
Transform: AffineTransform_float_3_3
Parameters: 0.999999 -0.000827627 0.000405697 0.000826371 0.999991 0.00399534 -0.000409304 -0.00399466 0.999992 0.0359655 0.153326 -0.620654
FixedParameters: 0 0 0

#Transform 70
Transform: AffineTransform_float_3_3
Parameters: 0.999999 -0.00130153 0.00044456 0.00129947 0.999994 0.00341358 -0.000449437 -0.00341242 0.999994 0.0611464 0.146208 -0.585433
FixedParameters: 0 0 0

#Transform 71
Transform: AffineTransform_float_3_3
Parameters: 1 -0.00105178 0.000218301 0.00105123 0.999994 0.00351823 -0.000221701 -0.00351877 0.999994 0.0519922 0.141811 -0.603969
FixedParameters: 0 0 0

#Transform 72
Transform: AffineTransform_float_3_3
Parameters: 1 -0.000987407 0.000348036 0.000985595 0.999992 0.00401735 -0.000351963 -0.00401766 0.999992 0.0504998 0.137466 -0.595755
FixedParameters: 0 0 0

#Transform 73
Transform: AffineTransform_float_3_3
Parameters: 1 -0.00098693 0.000424541 0.000985069 0.99999 0.00452242 -0.000429459 -0.00452158 0.999989 0.0536571 0.156292 -0.621908
FixedParameters: 0 0 0

#Transform 74
Transform: AffineTransform_float_3_3
Parameters: 1 -0.000984032 0.000583251 0.00097997 0.999976 0.00687358 -0.000589749 -0.00687242 0.999976 0.0513625 0.166392 -0.671035
FixedParameters: 0 0 0

#Transform 75
Transform: AffineTransform_float_3_3
Parameters: 0.999999 -0.00109753 0.00104613 0.00108847 0.999967 0.00811715 -0.00105487 -0.00811685 0.999966 0.059373 0.170058 -0.729141
FixedParameters: 0 0 0

#Transform 76
Transform: AffineTransform_float_3_3
Parameters: 0.999998 -0.00148342 0.000705725 0.00147859 0.99997 0.00761505 -0.000716279 -0.00761395 0.999971 0.07415 0.142979 -0.718604
FixedParameters: 0 0 0

#Transform 77
Transform: AffineTransform_float_3_3
Parameters: 0.999999 -0.000800425 0.000981187 0.000791569 0.999963 0.00855678 -0.000988809 -0.00855622 0.999963 0.0559012 0.171585 -0.752615
FixedParameters: 0 0 0

#Transform 78
Transform: AffineTransform_float_3_3
Parameters: 0.999999 -0.000941558 0.00104636 0.000933446 0.999967 0.00814899 -0.00105364 -0.00814802 0.999966 0.064768 0.171206 -0.768831
FixedParameters: 0 0 0

#Transform 79
Transform: AffineTransform_float_3_3
Parameters: 0.999999 -0.000756776 0.000456801 0.000753222 0.999966 0.00821135 -0.000463201 -0.00821165 0.999966 0.056865 0.168058 -0.738883
FixedParameters: 0 0 0

#Transform 80
Transform: AffineTransform_float_3_3
Parameters: 1 -0.00111752 0.000494121 0.00111448 0.999975 0.00706156 -0.000501882 -0.00706045 0.999975 0.0763974 0.164272 -0.712512
FixedParameters: 0 0 0

#Transform 81
Transform: AffineTransform_float_3_3
Parameters: 1 -0.000779456 0.000699972 0.000774544 0.999969 0.00776054 -0.000706032 -0.00776045 0.999969 0.064979 0.174219 -0.740814
FixedParameters: 0 0 0

#Transform 82
Transform: AffineTransform_float_3_3
Parameters: 1 -0.000430682 -0.00052243 0.000435314 0.999947 0.0102228 0.000517577 -0.0102222 0.999947 0.0500371 0.1928 -0.698114
FixedParameters: 0 0 0

#Transform 83
Transform: AffineTransform_float_3_3
Parameters: 1 -1.0043e-06 -0.00107806 1.09952e-05 0.999957 0.009272 0.00107795 -0.00927201 0.999957 0.0386987 0.15409 -0.666772
FixedParameters: 0 0 0

#Transform 84
Transform: AffineTransform_float_3_3
Parameters: 1 -0.000572694 -0.00078538 0.000580312 0.999957 0.00933355 0.000780618 -0.00933446 0.999956 0.0532465 0.16562 -0.747509
FixedParameters: 0 0 0

#Transform 85
Transform: AffineTransform_float_3_3
Parameters: 1 -0.000486526 5.01324e-05 0.000486475 0.99995 0.01001 -5.48723e-05 -0.01001 0.99995 0.054622 0.170343 -0.764547
FixedParameters: 0 0 0

#Transform 86
Transform: AffineTransform_float_3_3
Parameters: 0.999999 -0.000672559 -0.000254546 0.000674436 0.999953 0.00971483 0.000247459 -0.00971517 0.999953 0.0637289 0.169486 -0.743378
FixedParameters: 0 0 0

#Transform 87
Transform: AffineTransform_float_3_3
Parameters: 0.999999 -0.00081132 -0.000295466 0.000814685 0.999958 0.00918676 0.000288527 -0.00918724 0.999958 0.0596195 0.161246 -0.725473
FixedParameters: 0 0 0

#Transform 88
Transform: AffineTransform_float_3_3
Parameters: 1 -0.000909142 -0.000532386 0.000914856 0.999958 0.00919852 0.000523607 -0.00919848 0.999957 0.0615552 0.155462 -0.748569
FixedParameters: 0 0 0

#Transform 89
Transform: AffineTransform_float_3_3
Parameters: 0.999999 -0.000559507 -0.00058431 0.00056549 0.999955 0.00944368 0.000578685 -0.00944433 0.999955 0.0574114 0.12636 -0.761668
FixedParameters: 0 0 0

#Transform 90
Transform: AffineTransform_float_3_3
Parameters: 0.999999 -0.000613111 -0.00142661 0.000625893 0.999959 0.00905212 0.00142139 -0.00905288 0.999958 0.0383596 0.101244 -0.742665
FixedParameters: 0 0 0

#Transform 91
Transform: AffineTransform_float_3_3
Parameters: 0.999999 -0.000671948 -0.000565273 0.000678049 0.999941 0.0107756 0.000557726 -0.0107754 0.999942 0.0438046 0.105151 -0.810392
FixedParameters: 0 0 0

#Transform 92
Transform: AffineTransform_float_3_3
Parameters: 1 -0.00102844 -0.000142741 0.00102955 0.999935 0.0114069 0.000130264 -0.0114071 0.999935 0.0621139 0.112603 -0.824969
FixedParameters: 0 0 0

#Transform 93
Transform: AffineTransform_float_3_3
Parameters: 1 2.83656e-05 -0.000130711 -2.66418e-05 0.999945 0.010436 0.000130285 -0.010436 0.999945 0.0288228 0.0753709 -0.762455
FixedParameters: 0 0 0

#Transform 94
Transform: AffineTransform_float_3_3
Parameters: 1 -0.000228094 -0.000325059 0.000230906 0.99996 0.00896892 0.000322942 -0.00896907 0.999959 0.0344401 0.0855045 -0.782133
FixedParameters: 0 0 0

#Transform 95
Transform: AffineTransform_float_3_3
Parameters: 1 -0.000321716 0.000341537 0.000318279 0.999942 0.0108261 -0.000345466 -0.0108259 0.999942 0.0399778 0.102207 -0.86074
FixedParameters: 0 0 0

#Transform 96
Transform: AffineTransform_float_3_3
Parameters: 1 -0.000253041 0.000281294 0.000249962 0.999942 0.0107601 -0.000283706 -0.0107599 0.999942 0.0364663 0.103109 -0.859914
FixedParameters: 0 0 0

#Transform 97
Transform: AffineTransform_float_3_3
Parameters: 1 -0.00030515 0.0004435 0.000299856 0.999933 0.0115661 -0.000446498 -0.0115669 0.999933 0.0413433 0.100523 -0.83241
FixedParameters: 0 0 0

#Transform 98
Transform: AffineTransform_float_3_3
Parameters: 1 -0.000241681 0.000158466 0.000240313 0.999944 0.010522 -0.000161537 -0.010522 0.999944 0.0513685 0.0786617 -0.79655
FixedParameters: 0 0 0

#Transform 99
Transform: AffineTransform_float_3_3
Parameters: 1 -0.000405161 1.51796e-05 0.000404831 0.999956 0.00943101 -1.98188e-05 -0.00943099 0.999955 0.0364759 -0.019737 -0.500554
FixedParameters: 0 0 0

#Transform 100
Transform: AffineTransform_float_3_3
Parameters: 1 -0.000210477 0.00038311 0.000207524 0.999959 0.00905408 -0.000384895 -0.00905392 0.999959 0.0460166 -0.0219089 -0.604788
FixedParameters: 0 0 0

#Transform 101
Transform: AffineTransform_float_3_3
Parameters: 1 -0.000309034 0.000381769 0.000304963 0.999944 0.0105221 -0.00038523 -0.0105229 0.999944 0.0520005 -0.00910567 -0.678258
FixedParameters: 0 0 0

#Transform 102
Transform: AffineTransform_float_3_3
Parameters: 1 -0.000395214 0.000380673 0.000390782 0.99994 0.0110082 -0.000385325 -0.0110079 0.99994 0.0531278 -0.0201916 -0.708354
FixedParameters: 0 0 0

#Transform 103
Transform: AffineTransform_float_3_3
Parameters: 1 -0.000168526 0.00046403 0.000162474 0.99993 0.0118831 -0.000465964 -0.0118829 0.99993 0.0501807 -0.0207265 -0.735822
FixedParameters: 0 0 0

#Transform 104
Transform: AffineTransform_float_3_3
Parameters: 0.999999 -0.000762424 0.00105139 0.000748568 0.999919 0.0127098 -0.0010616 -0.0127092 0.999918 0.0753056 -0.0292682 -0.774365
FixedParameters: 0 0 0

#Transform 105
Transform: AffineTransform_float_3_3
Parameters: 0.999999 -0.00118263 0.00100736 0.00116936 0.999922 0.0124492 -0.00102264 -0.0124478 0.999922 0.0876895 -0.0326131 -0.772546
FixedParameters: 0 0 0

#Transform 106
Transform: AffineTransform_float_3_3
Parameters: 0.999999 -0.00126349 0.000729484 0.0012555 0.999933 0.0115279 -0.000744522 -0.0115271 0.999934 0.0797242 -0.0302231 -0.730021
FixedParameters: 0 0 0

#Transform 107
Transform: AffineTransform_float_3_3
Parameters: 0.999999 -0.00104539 0.00112874 0.00103161 0.99993 0.0118002 -0.00114125 -0.0117988 0.999929 0.0749107 -0.0129425 -0.766863
FixedParameters: 0 0 0

#Transform 108
Transform: AffineTransform_float_3_3
Parameters: 0.999999 -0.000729512 0.00160672 0.000711487 0.999933 0.0114912 -0.00161528 -0.0114908 0.999932 0.0691081 -0.0253141 -0.755303
FixedParameters: 0 0 0

#Transform 109
Transform: AffineTransform_float_3_3
Parameters: 1 -0.000247812 0.00116435 0.00023518 0.999939 0.0109913 -0.00116766 -0.0109907 0.999939 0.0431553 -0.0248145 -0.757938
FixedParameters: 0 0 0

#Transform 110
Transform: AffineTransform_float_3_3
Parameters: 0.999999 0.000302662 0.00123059 -0.000313342 0.999964 0.00840962 -0.00122841 -0.00840937 0.999964 0.0110055 -0.0941421 -0.644714
FixedParameters: 0 0 0

#Transform 111
Transform: AffineTransform_float_3_3
Parameters: 0.999998 -0.000206015 0.00161339 0.000192981 0.999967 0.00806232 -0.00161561 -0.00806268 0.999966 0.0464112 -0.082151 -0.666597
FixedParameters: 0 0 0

#Transform 112
Transform: AffineTransform_float_3_3
Parameters: 0.999999 -0.000379776 0.000828929 0.000373222 0.999966 0.00816031 -0.000832073 -0.00815969 0.999967 0.0550665 -0.0873968 -0.73441
FixedParameters: 0 0 0

#Transform 113
Transform: AffineTransform_float_3_3
Parameters: 1 -0.000178583 0.00108246 0.000169412 0.999961 0.00884719 -0.00108454 -0.00884681 0.999961 0.0483271 -0.0754642 -0.781487
FixedParameters: 0 0 0

#Transform 114
Transform: AffineTransform_float_3_3
Parameters: 0.999999 -0.000300262 0.00128141 0.000288741 0.999962 0.00878038 -0.00128358 -0.00877962 0.99996 0.0660514 -0.078091 -0.800984
FixedParameters: 0 0 0

#Transform 115
Transform: AffineTransform_float_3_3
Parameters: 0.999999 -0.000447715 0.0014381 0.000435286 0.999961 0.00882964 -0.0014419 -0.00882936 0.99996 0.0704135 -0.0868186 -0.797025
FixedParameters: 0 0 0

#Transform 116
Transform: AffineTransform_float_3_3
Parameters: 0.999999 -0.000619059 0.00112653 0.000608937 0.99996 0.00890769 -0.00113247 -0.0089073 0.999959 0.0834545 -0.0886931 -0.80007
FixedParameters: 0 0 0

#Transform 117
Transform: AffineTransform_float_3_3
Parameters: 0.999999 -0.000678138 0.00115209 0.000667864 0.999962 0.00877678 -0.00115791 -0.00877622 0.999961 0.081411 -0.0887907 -0.781642
FixedParameters: 0 0 0

#Transform 118
Transform: AffineTransform_float_3_3
Parameters: 0.999999 -0.000705728 0.00102605 0.000697273 0.999964 0.00848172 -0.00103195 -0.00848127 0.999963 0.0820986 -0.0879484 -0.758905
FixedParameters: 0 0 0

#Transform 119
Transform: AffineTransform_float_3_3
Parameters: 0.999999 -0.00101858 0.00102353 0.00101041 0.999964 0.00835004 -0.00103247 -0.00834895 0.999964 0.0859469 -0.0903544 -0.740175
FixedParameters: 0 0 0

#Transform 120
Transform: AffineTransform_float_3_3
Parameters: 1 -0.000761083 0.000731726 0.000754916 0.999966 0.00827756 -0.000738274 -0.00827645 0.999966 0.0836348 -0.088721 -0.739913
FixedParameters: 0 0 0

#Transform 121
Transform: AffineTransform_float_3_3
Parameters: 1 -0.000397282 0.000982693 0.000388717 0.999965 0.00841239 -0.000986306 -0.00841262 0.999964 0.0815678 -0.0888966 -0.734888
FixedParameters: 0 0 0

#Transform 122
Transform: AffineTransform_float_3_3
Parameters: 0.999999 -0.000531012 0.00148641 0.000517982 0.999961 0.00874078 -0.00149158 -0.00874021 0.99996 0.0785985 -0.104291 -0.7341
FixedParameters: 0 0 0

#Transform 123
Transform: AffineTransform_float_3_3
Parameters: 0.999998 -0.000513514 0.00162147 0.00049848 0.99996 0.00893982 -0.00162652 -0.00893817 0.999958 0.0781052 -0.126269 -0.741568
FixedParameters: 0 0 0

#Transform 124
Transform: AffineTransform_float_3_3
Parameters: 0.999999 -0.000499117 0.00130179 0.000487889 0.999964 0.00852665 -0.00130521 -0.00852536 0.999963 0.0789462 -0.124773 -0.718052
FixedParameters: 0 0 0

#Transform 125
Transform: AffineTransform_float_3_3
Parameters: 0.999999 -0.000649707 0.00105067 0.000641299 0.999965 0.00826568 -0.00105534 -0.00826532 0.999966 0.0814474 -0.125433 -0.715563
FixedParameters: 0 0 0

#Transform 126
Transform: AffineTransform_float_3_3
Parameters: 1 -0.000455092 0.00105211 0.000445909 0.999962 0.00862547 -0.00105589 -0.00862552 0.999962 0.081639 -0.124567 -0.719243
FixedParameters: 0 0 0

#Transform 127
Transform: AffineTransform_float_3_3
Parameters: 0.999999 -0.000366204 0.00132896 0.000354796 0.999964 0.00842047 -0.00133203 -0.00842051 0.999963 0.0771087 -0.124837 -0.742833
FixedParameters: 0 0 0

#Transform 128
Transform: AffineTransform_float_3_3
Parameters: 1 -0.000400686 0.00105273 0.00039232 0.999966 0.00823841 -0.00105527 -0.00823758 0.999965 0.0784296 -0.147854 -0.76709
FixedParameters: 0 0 0

#Transform 129
Transform: AffineTransform_float_3_3
Parameters: 1 -0.000492305 0.00105215 0.000484697 0.999969 0.00787852 -0.00105585 -0.00787849 0.999969 0.0796157 -0.148111 -0.751956
FixedParameters: 0 0 0

#Transform 130
Transform: AffineTransform_float_3_3
Parameters: 0.999999 -0.000459205 0.00148929 0.000446797 0.999967 0.00818568 -0.00149271 -0.00818433 0.999966 0.0779128 -0.150215 -0.782669
FixedParameters: 0 0 0

#Transform 131
Transform: AffineTransform_float_3_3
Parameters: 1 -0.000187258 0.000645497 0.000181738 0.999967 0.00813612 -0.0006475 -0.00813588 0.999966 0.0608905 -0.1587 -0.772211
FixedParameters: 0 0 0

#Transform 132
Transform: AffineTransform_float_3_3
Parameters: 0.999999 0.000368285 0.00083898 -0.000374715 0.999968 0.00801769 -0.000836023 -0.00801731 0.999968 0.059661 -0.177381 -0.778756
FixedParameters: 0 0 0

#Transform 133
Transform: AffineTransform_float_3_3
Parameters: 0.999998 -0.000743323 0.0018146 0.000729673 0.999973 0.00733234 -0.0018204 -0.00733066 0.999972 0.111287 -0.191489 -0.702302
FixedParameters: 0 0 0

#Transform 134
Transform: AffineTransform_float_3_3
Parameters: 0.999999 -0.000518881 0.00117612 0.000510119 0.999971 0.0075396 -0.00117988 -0.00753839 0.999971 0.0824781 -0.173691 -0.766444
FixedParameters: 0 0 0

#Transform 135
Transform: AffineTransform_float_3_3
Parameters: 0.999998 -0.000522137 0.00150885 0.000509862 0.999967 0.00803277 -0.00151314 -0.00803221 0.999966 0.0829221 -0.187872 -0.742635
FixedParameters: 0 0 0

#Transform 136
Transform: AffineTransform_float_3_3
Parameters: 0.999998 -0.000779897 0.00181023 0.000764104 0.999962 0.0087664 -0.00181677 -0.0087646 0.99996 0.0868759 -0.191556 -0.765254
FixedParameters: 0 0 0

#Transform 137
Transform: AffineTransform_float_3_3
Parameters: 0.999998 -0.00047856 0.00189489 0.000462439 0.999962 0.00872989 -0.00189911 -0.00872911 0.99996 0.0789284 -0.181418 -0.78535
FixedParameters: 0 0 0

#Transform 138
Transform: AffineTransform_float_3_3
Parameters: 0.999999 -7.57192e-05 0.00153839 6.22841e-05 0.99996 0.00891611 -0.00153862 -0.0089159 0.999959 0.0609009 -0.175012 -0.775209
FixedParameters: 0 0 0

#Transform 139
Transform: AffineTransform_float_3_3
Parameters: 0.999999 -0.000452368 0.00167292 0.000437631 0.999958 0.00917575 -0.00167709 -0.00917426 0.999957 0.0745824 -0.191119 -0.800457
FixedParameters: 0 0 0

#Transform 140
Transform: AffineTransform_float_3_3
Parameters: 0.999998 -0.00102271 0.00130312 0.00101029 0.999953 0.00971733 -0.00131288 -0.00971567 0.999952 0.0981859 -0.21302 -0.797224
FixedParameters: 0 0 0

#Transform 141
Transform: AffineTransform_float_3_3
Parameters: 0.999999 -0.00149735 0.000924612 0.00148865 0.999958 0.00896739 -0.000938386 -0.00896561 0.99996 0.114601 -0.253191 -0.757882
FixedParameters: 0 0 0

#Transform 142
Transform: AffineTransform_float_3_3
Parameters: 0.999999 -0.000853984 0.00104794 0.000844024 0.999954 0.00949189 -0.00105506 -0.00949011 0.999955 0.100096 -0.243907 -0.783929
FixedParameters: 0 0 0

#Transform 143
Transform: AffineTransform_float_3_3
Parameters: 0.999998 -0.00139689 0.00132757 0.00138412 0.999953 0.00965786 -0.00134043 -0.00965615 0.999953 0.116036 -0.237014 -0.794576
FixedParameters: 0 0 0

#Transform 144
Transform: AffineTransform_float_3_3
Parameters: 0.999997 -0.00141298 0.00160306 0.00139702 0.99995 0.00992426 -0.00161694 -0.00992174 0.99995 0.12765 -0.213291 -0.80707
FixedParameters: 0 0 0

#Transform 145
Transform: AffineTransform_float_3_3
Parameters: 0.999998 -0.00136849 0.0014656 0.00135451 0.99995 0.009841 -0.0014794 -0.00983899 0.99995 0.117809 -0.220085 -0.804635
FixedParameters: 0 0 0

#Transform 146
Transform: AffineTransform_float_3_3
Parameters: 0.999998 -0.00131018 0.00149584 0.00129582 0.999948 0.010105 -0.00150917 -0.010103 0.999948 0.118185 -0.234617 -0.800913
FixedParameters: 0 0 0

#Transform 147
Transform: AffineTransform_float_3_3
Parameters: 0.999998 -0.00138008 0.00149219 0.00136492 0.999949 0.0100621 -0.00150581 -0.0100599 0.999949 0.12613 -0.235019 -0.821666
FixedParameters: 0 0 0

#Transform 148
Transform: AffineTransform_float_3_3
Parameters: 0.999998 -0.00126979 0.00162478 0.00125422 0.999953 0.00968306 -0.00163622 -0.00968094 0.999952 0.123532 -0.245617 -0.829792
FixedParameters: 0 0 0

#Transform 149
Transform: AffineTransform_float_3_3
Parameters: 0.999998 -0.0012683 0.00155464 0.0012527 0.999951 0.00980097 -0.00156735 -0.00979903 0.999951 0.116045 -0.257112 -0.824005
FixedParameters: 0 0 0

#Transform 150
Transform: AffineTransform_float_3_3
Parameters: 0.999999 -0.00131211 0.00130494 0.00129989 0.999957 0.00923772 -0.00131706 -0.0092363 0.999957 0.116405 -0.270988 -0.780928
FixedParameters: 0 0 0

#Transform 151
Transform: AffineTransform_float_3_3
Parameters: 0.999999 -0.00153628 0.00104246 0.00152673 0.999959 0.00884161 -0.00105554 -0.00884039 0.999961 0.126787 -0.273704 -0.726028
FixedParameters: 0 0 0

#Transform 152
Transform: AffineTransform_float_3_3
Parameters: 0.999998 -0.00134173 0.00142807 0.00133027 0.999965 0.00818692 -0.00143894 -0.00818509 0.999966 0.113876 -0.269041 -0.718083
FixedParameters: 0 0 0

#Transform 153
Transform: AffineTransform_float_3_3
Parameters: 0.999998 -0.00132937 0.00152114 0.00131863 0.999972 0.00745102 -0.00153087 -0.00744898 0.999971 0.123553 -0.284359 -1.01744
FixedParameters: 0 0 0

#Transform 154
Transform: AffineTransform_float_3_3
Parameters: 0.999998 -0.00113162 0.00157874 0.00112038 0.999973 0.00733978 -0.00158727 -0.00733822 0.999972 0.121888 -0.277234 -1.07496
FixedParameters: 0 0 0

#Transform 155
Transform: AffineTransform_float_3_3
Parameters: 0.999997 -0.00142382 0.00164182 0.00141217 0.999973 0.00718034 -0.00165218 -0.00717867 0.999973 0.13213 -0.298919 -1.08865
FixedParameters: 0 0 0
