# transform file /out/sourcedata/freesurfer/sub-v1s3x0050795_ses-1/mri/transforms/cc_up.lta
# created by oesteban on Tue Mar 10 02:05:28 2026

type      = 0 # LINEAR_VOX_TO_VOX
nxforms   = 1
mean      = 131.0000 140.0000 125.0000
sigma     = 10000.0000
1 4 4
9.997885227203369e-01 -1.046436186879873e-02 1.770103722810745e-02 -1.665675163269043e+00 
1.046272180974483e-02 9.999452233314514e-01 1.852402201620862e-04 -3.364064931869507e+00 
-1.770200580358505e-02 -1.455191522836685e-11 9.998432397842407e-01 1.430172538757324e+01 
0.000000000000000e+00 0.000000000000000e+00 0.000000000000000e+00 1.000000000000000e+00 
src volume info
valid = 1  # volume info valid
filename = /out/sourcedata/freesurfer/sub-v1s3x0050795_ses-1/mri/norm.mgz
volume = 256 256 256
voxelsize = 1.000000000000000e+00 1.000000000000000e+00 1.000000000000000e+00
xras   = -1.000000000000000e+00 0.000000000000000e+00 0.000000000000000e+00
yras   = 0.000000000000000e+00 0.000000000000000e+00 -1.000000000000000e+00
zras   = 0.000000000000000e+00 1.000000000000000e+00 0.000000000000000e+00
cras   = 4.428390502929688e+00 -1.001710510253906e+01 7.400993347167969e+00
dst volume info
valid = 1  # volume info valid
filename = /out/sourcedata/freesurfer/sub-v1s3x0050795_ses-1/mri/norm.mgz
volume = 256 256 256
voxelsize = 1.000000000000000e+00 1.000000000000000e+00 1.000000000000000e+00
xras   = -1.000000000000000e+00 0.000000000000000e+00 0.000000000000000e+00
yras   = 0.000000000000000e+00 0.000000000000000e+00 -1.000000000000000e+00
zras   = 0.000000000000000e+00 1.000000000000000e+00 0.000000000000000e+00
cras   = 4.428390502929688e+00 -1.001710510253906e+01 7.400993347167969e+00
