# transform file /out/sourcedata/freesurfer/sub-v1s3x0050807_ses-1/mri/transforms/cc_up.lta
# created by oesteban on Tue Mar 10 02:45:47 2026

type      = 0 # LINEAR_VOX_TO_VOX
nxforms   = 1
mean      = 127.0000 137.0000 122.0000
sigma     = 10000.0000
1 4 4
9.999262094497681e-01 8.374822791665792e-04 -1.211931463330984e-02 1.229109168052673e+00 
-8.374207536689937e-04 9.999996423721313e-01 1.014971530821640e-05 7.106120586395264e+00 
1.211931835860014e-02 -9.094947017729282e-13 9.999265670776367e-01 1.745673370361328e+01 
0.000000000000000e+00 0.000000000000000e+00 0.000000000000000e+00 1.000000000000000e+00 
src volume info
valid = 1  # volume info valid
filename = /out/sourcedata/freesurfer/sub-v1s3x0050807_ses-1/mri/norm.mgz
volume = 256 256 256
voxelsize = 1.000000000000000e+00 1.000000000000000e+00 1.000000000000000e+00
xras   = -1.000000000000000e+00 0.000000000000000e+00 0.000000000000000e+00
yras   = 0.000000000000000e+00 0.000000000000000e+00 -1.000000000000000e+00
zras   = 0.000000000000000e+00 1.000000000000000e+00 0.000000000000000e+00
cras   = -8.885375976562500e+00 2.948807525634766e+01 -1.129333496093750e+00
dst volume info
valid = 1  # volume info valid
filename = /out/sourcedata/freesurfer/sub-v1s3x0050807_ses-1/mri/norm.mgz
volume = 256 256 256
voxelsize = 1.000000000000000e+00 1.000000000000000e+00 1.000000000000000e+00
xras   = -1.000000000000000e+00 0.000000000000000e+00 0.000000000000000e+00
yras   = 0.000000000000000e+00 0.000000000000000e+00 -1.000000000000000e+00
zras   = 0.000000000000000e+00 1.000000000000000e+00 0.000000000000000e+00
cras   = -8.885375976562500e+00 2.948807525634766e+01 -1.129333496093750e+00
