# transform file /out/sourcedata/freesurfer/sub-v1s3x0050814_ses-1/mri/transforms/cc_up.lta
# created by oesteban on Tue Mar 10 02:56:46 2026

type      = 0 # LINEAR_VOX_TO_VOX
nxforms   = 1
mean      = 132.0000 122.0000 127.0000
sigma     = 10000.0000
1 4 4
9.995006918907166e-01 1.738280430436134e-02 2.638203278183937e-02 -6.306975364685059e+00 
-1.737675257027149e-02 9.998488426208496e-01 -4.586630675476044e-04 1.731790542602539e+01 
-2.638601884245872e-02 0.000000000000000e+00 9.996517300605774e-01 1.745404624938965e+01 
0.000000000000000e+00 0.000000000000000e+00 0.000000000000000e+00 1.000000000000000e+00 
src volume info
valid = 1  # volume info valid
filename = /out/sourcedata/freesurfer/sub-v1s3x0050814_ses-1/mri/norm.mgz
volume = 256 256 256
voxelsize = 1.000000000000000e+00 1.000000000000000e+00 1.000000000000000e+00
xras   = -1.000000000000000e+00 0.000000000000000e+00 0.000000000000000e+00
yras   = 0.000000000000000e+00 0.000000000000000e+00 -9.999999403953552e-01
zras   = 0.000000000000000e+00 9.999999403953552e-01 0.000000000000000e+00
cras   = 4.532699584960938e+00 -1.725045776367188e+01 3.715301513671875e+00
dst volume info
valid = 1  # volume info valid
filename = /out/sourcedata/freesurfer/sub-v1s3x0050814_ses-1/mri/norm.mgz
volume = 256 256 256
voxelsize = 1.000000000000000e+00 1.000000000000000e+00 1.000000000000000e+00
xras   = -1.000000000000000e+00 0.000000000000000e+00 0.000000000000000e+00
yras   = 0.000000000000000e+00 0.000000000000000e+00 -9.999999403953552e-01
zras   = 0.000000000000000e+00 9.999999403953552e-01 0.000000000000000e+00
cras   = 4.532699584960938e+00 -1.725045776367188e+01 3.715301513671875e+00
