# transform file transforms/talairach.lta
# created by oesteban on Tue Mar 10 01:28:39 2026

type      = 0 # LINEAR_VOX_TO_VOX
nxforms   = 1
mean      = 132.0000 122.0000 127.0000
sigma     = 10000.0000
1 4 4
1.019941091537476e+00 -3.729645481342914e-09 -4.662056851678642e-10 -5.610695838928223e+00 
0.000000000000000e+00 1.142329812049866e+00 1.654039025306702e-01 -4.270700836181641e+01 
0.000000000000000e+00 -1.812491565942764e-01 9.631919860839844e-01 1.199033069610596e+01 
0.000000000000000e+00 0.000000000000000e+00 0.000000000000000e+00 1.000000000000000e+00 
src volume info
valid = 1  # volume info valid
filename = nu.mgz
volume = 256 256 256
voxelsize = 1.000000000000000e+00 1.000000000000000e+00 1.000000000000000e+00
xras   = -1.000000000000000e+00 0.000000000000000e+00 0.000000000000000e+00
yras   = 0.000000000000000e+00 0.000000000000000e+00 -9.999999403953552e-01
zras   = 0.000000000000000e+00 9.999999403953552e-01 0.000000000000000e+00
cras   = 4.532699584960938e+00 -1.725045776367188e+01 3.715301513671875e+00
dst volume info
valid = 1  # volume info valid
filename = /opt/freesurfer/average/RB_all_2020-01-02.gca
volume = 256 256 256
voxelsize = 1.000000000000000e+00 1.000000000000000e+00 1.000000000000000e+00
xras   = -1.000000000000000e+00 0.000000000000000e+00 0.000000000000000e+00
yras   = 0.000000000000000e+00 0.000000000000000e+00 -1.000000000000000e+00
zras   = 0.000000000000000e+00 1.000000000000000e+00 0.000000000000000e+00
cras   = 0.000000000000000e+00 0.000000000000000e+00 0.000000000000000e+00
