# transform file /out/sourcedata/freesurfer/sub-v1s3x0050803_ses-1/mri/transforms/cc_up.lta
# created by oesteban on Tue Mar 10 02:25:08 2026

type      = 0 # LINEAR_VOX_TO_VOX
nxforms   = 1
mean      = 128.0000 125.0000 125.0000
sigma     = 10000.0000
1 4 4
9.983054399490356e-01 -3.165923058986664e-02 4.882621020078659e-02 -1.962718248367310e+00 
3.162143006920815e-02 9.994987845420837e-01 1.546575338579714e-03 1.379657268524170e+01 
-4.885070025920868e-02 0.000000000000000e+00 9.988061189651489e-01 1.844024276733398e+01 
0.000000000000000e+00 0.000000000000000e+00 0.000000000000000e+00 1.000000000000000e+00 
src volume info
valid = 1  # volume info valid
filename = /out/sourcedata/freesurfer/sub-v1s3x0050803_ses-1/mri/norm.mgz
volume = 256 256 256
voxelsize = 1.000000000000000e+00 1.000000000000000e+00 1.000000000000000e+00
xras   = -1.000000000000000e+00 0.000000000000000e+00 0.000000000000000e+00
yras   = 0.000000000000000e+00 0.000000000000000e+00 -1.000000000000000e+00
zras   = 0.000000000000000e+00 1.000000000000000e+00 0.000000000000000e+00
cras   = -5.836959838867188e+00 -2.874382019042969e+00 -4.120910644531250e+00
dst volume info
valid = 1  # volume info valid
filename = /out/sourcedata/freesurfer/sub-v1s3x0050803_ses-1/mri/norm.mgz
volume = 256 256 256
voxelsize = 1.000000000000000e+00 1.000000000000000e+00 1.000000000000000e+00
xras   = -1.000000000000000e+00 0.000000000000000e+00 0.000000000000000e+00
yras   = 0.000000000000000e+00 0.000000000000000e+00 -1.000000000000000e+00
zras   = 0.000000000000000e+00 1.000000000000000e+00 0.000000000000000e+00
cras   = -5.836959838867188e+00 -2.874382019042969e+00 -4.120910644531250e+00
