#Insight Transform File V1.0
#Transform 0
Transform: AffineTransform_float_3_3
Parameters: 1 0.000313016 0.000312987 -0.000311984 0.999994 -0.0032411 -0.000314013 0.0032419 0.999994 -0.00523903 0.0801525 0.0202673
FixedParameters: 0 0 0

#Transform 1
Transform: AffineTransform_float_3_3
Parameters: 1 0.000528757 0.000257451 -0.000528244 0.999995 -0.00293113 -0.000258549 0.00293086 0.999995 -0.00998153 0.0383687 0.0208773
FixedParameters: 0 0 0

#Transform 2
Transform: AffineTransform_float_3_3
Parameters: 1 0.000202076 0.000331346 -0.000200925 0.999994 -0.00324406 -0.000331653 0.00324393 0.999994 -0.00291152 0.0314944 -0.0437663
FixedParameters: 0 0 0

#Transform 3
Transform: AffineTransform_float_3_3
Parameters: 1 0.000529113 0.00044167 -0.000527886 0.999996 -0.00251523 -0.000443329 0.00251576 0.999996 -0.00931306 0.0692532 0.00760902
FixedParameters: 0 0 0

#Transform 4
Transform: AffineTransform_float_3_3
Parameters: 1 0.000155256 0.000228826 -0.000154743 1 -0.00112004 -0.000229174 0.00111997 1 0.00848867 0.0324085 -0.0138814
FixedParameters: 0 0 0

#Transform 5
Transform: AffineTransform_float_3_3
Parameters: 1 7.18994e-05 0.00042885 -7.11023e-05 0.999998 -0.00209703 -0.00042815 0.00209697 0.999997 9.48668e-05 -0.00208341 -0.0478119
FixedParameters: 0 0 0

#Transform 6
Transform: AffineTransform_float_3_3
Parameters: 1 7.12586e-05 0.000221917 -7.17413e-05 1 -0.00116502 -0.000222084 0.00116498 1 -0.000695205 0.0493958 0.042173
FixedParameters: 0 0 0

#Transform 7
Transform: AffineTransform_float_3_3
Parameters: 1 7.11112e-05 0.000144945 -7.18887e-05 0.999999 -0.00076701 -0.000145055 0.000766989 0.999999 -0.000974634 0.01446 0.0276821
FixedParameters: 0 0 0

#Transform 8
Transform: AffineTransform_float_3_3
Parameters: 1 7.09999e-05 -7.07869e-08 -7.09999e-05 0.999999 -0.000996999 -7.07869e-08 0.000996999 0.999999 -0.00147797 0.00994049 -0.0250383
FixedParameters: 0 0 0

#Transform 9
Transform: AffineTransform_float_3_3
Parameters: 1 1.10771e-05 0.000299997 -1.09229e-05 1 -0.000257003 -0.000300003 0.000256997 1 -0.00714578 0.0368786 0.0366134
FixedParameters: 0 0 0

#Transform 10
Transform: AffineTransform_float_3_3
Parameters: 1 0.000272529 0.00089884 -0.00027247 1 -0.000589245 -0.000899161 0.000588755 1 -0.000196378 0.00275926 0.0189595
FixedParameters: 0 0 0

#Transform 11
Transform: AffineTransform_float_3_3
Parameters: 0.999999 0.000360529 0.000718735 -0.000359471 0.999999 -0.000735259 -0.000719265 0.000735741 1 -0.00499045 0.0153195 -0.033609
FixedParameters: 0 0 0

#Transform 12
Transform: AffineTransform_float_3_3
Parameters: 1 0.000255946 0.000636021 -0.000256054 1 8.48371e-05 -0.000635978 -8.51628e-05 1 -0.00295227 0.0174336 0.00513392
FixedParameters: 0 0 0

#Transform 13
Transform: AffineTransform_float_3_3
Parameters: 1 0.000288154 0.00040289 -0.000288846 1 -0.000382116 -0.00040311 0.000381884 1 -0.00450942 -0.00679893 -0.0507628
FixedParameters: 0 0 0

#Transform 14
Transform: AffineTransform_float_3_3
Parameters: 1 0.000237018 0.000478991 -0.000236982 1 -3.81135e-05 -0.000479009 3.78865e-05 1 -0.00313788 0.028601 0.0258187
FixedParameters: 0 0 0

#Transform 15
Transform: AffineTransform_float_3_3
Parameters: 1 0.000485023 0.000329966 -0.000484977 1 -7.016e-05 -0.000330034 6.98399e-05 1 -0.00887041 0.00223778 -0.00869492
FixedParameters: 0 0 0

#Transform 16
Transform: AffineTransform_float_3_3
Parameters: 1 -2.94737e-06 0.000159001 3.05263e-06 1 -0.000330999 -0.000158999 0.000331 1 0.000503286 -0.0220917 -0.0676463
FixedParameters: 0 0 0

#Transform 17
Transform: AffineTransform_float_3_3
Parameters: 1 8.9901e-05 0.000330027 -9.0099e-05 1 0.00029997 -0.000329973 -0.00030003 1 -0.00692939 0.0242703 -0.0100887
FixedParameters: 0 0 0

#Transform 18
Transform: AffineTransform_float_3_3
Parameters: 1 5.30003e-05 4.99661e-06 -5.29997e-05 1 -6.40003e-05 -5.00339e-06 6.39997e-05 1 -0.00115064 -0.0236625 -0.0716068
FixedParameters: 0 0 0

#Transform 19
Transform: AffineTransform_float_3_3
Parameters: 1 -2.99956e-06 2.00066e-06 3.00044e-06 1 -0.000221 -1.99934e-06 0.000221 1 -0.0100847 -0.0208066 -0.0748225
FixedParameters: 0 0 0

#Transform 20
Transform: AffineTransform_float_3_3
Parameters: 1 -2.99536e-06 0.000211 3.00464e-06 1 -2.19994e-05 -0.000211 2.20006e-05 1 -0.00603304 0.0167891 -0.00266318
FixedParameters: 0 0 0

#Transform 21
Transform: AffineTransform_float_3_3
Parameters: 1 -3.0155e-06 5.09991e-05 2.9845e-06 1 0.000304 -5.10009e-05 -0.000304 1 -0.00521593 -0.0105293 -0.0300938
FixedParameters: 0 0 0

#Transform 22
Transform: AffineTransform_float_3_3
Parameters: 1 -3.00755e-06 0.000151 2.99245e-06 1 5.00005e-05 -0.000151 -4.99995e-05 1 0.000515255 -0.0184678 -0.0488469
FixedParameters: 0 0 0

#Transform 23
Transform: AffineTransform_float_3_3
Parameters: 1 -2.98053e-06 -2.40024e-05 3.01946e-06 0.999999 0.000810999 2.39976e-05 -0.000811 0.999999 -0.0101182 0.00845553 0.0296925
FixedParameters: 0 0 0

#Transform 24
Transform: AffineTransform_float_3_3
Parameters: 1 -0.000192962 -7.8093e-05 0.000193038 1 0.000481985 7.7907e-05 -0.000482015 1 0.00366154 -0.0395606 -0.0484652
FixedParameters: 0 0 0

#Transform 25
Transform: AffineTransform_float_3_3
Parameters: 1 -0.000126958 -0.000299018 0.000127043 1 0.000141962 0.000299982 -0.000141038 1 0.00157398 -0.046769 -0.066099
FixedParameters: 0 0 0

#Transform 26
Transform: AffineTransform_float_3_3
Parameters: 1 -0.000357934 -0.000148159 0.000358066 1 0.000444947 0.000147841 -0.000445053 1 0.000887854 -0.00744146 -0.00972263
FixedParameters: 0 0 0

#Transform 27
Transform: AffineTransform_float_3_3
Parameters: 1 -0.000144498 -0.00056013 0.000144503 0.999999 0.000897919 0.000559871 -0.000897081 1 0.0120175 -0.0727048 -0.0783356
FixedParameters: 0 0 0

#Transform 28
Transform: AffineTransform_float_3_3
Parameters: 1 -0.000457879 -0.000471117 0.000458121 1 0.000256784 0.000470882 -0.000257216 1 0.00770096 -0.0697594 -0.0916327
FixedParameters: 0 0 0

#Transform 29
Transform: AffineTransform_float_3_3
Parameters: 1 -0.0003607 -0.000560193 0.000361299 1 0.000534797 0.000559806 -0.000535202 0.999999 -0.00474689 -0.0156324 -0.0259744
FixedParameters: 0 0 0

#Transform 30
Transform: AffineTransform_float_3_3
Parameters: 1 -0.000325504 -0.000560288 0.000326495 0.999999 0.000884817 0.000559711 -0.000885182 1 -0.00948097 -0.0108058 -0.0249283
FixedParameters: 0 0 0

#Transform 31
Transform: AffineTransform_float_3_3
Parameters: 1 -0.000145941 -4.22048e-05 0.000146059 0.999999 0.00140299 4.17951e-05 -0.00140301 0.999999 0.00278543 -0.0466613 -0.0278244
FixedParameters: 0 0 0

#Transform 32
Transform: AffineTransform_float_3_3
Parameters: 1 -0.000325818 -0.000313189 0.000326181 1 0.000579898 0.000312811 -0.000580102 1 0.00550253 -0.0623197 -0.0705052
FixedParameters: 0 0 0

#Transform 33
Transform: AffineTransform_float_3_3
Parameters: 1 -0.000325932 -8.02757e-05 0.000326067 0.999999 0.000845973 7.97241e-05 -0.000846025 0.999999 -0.00244792 -0.0484555 -0.0341266
FixedParameters: 0 0 0

#Transform 34
Transform: AffineTransform_float_3_3
Parameters: 1 -0.000265658 -0.000297306 0.000266341 1 0.00114992 0.000296694 -0.00115008 1 -0.0121099 -0.0302851 -0.0119754
FixedParameters: 0 0 0

#Transform 35
Transform: AffineTransform_float_3_3
Parameters: 1 -0.000325559 -0.000244588 0.00032644 0.999999 0.00180492 0.000243411 -0.00180508 0.999999 -0.010723 -0.0278926 0.0262899
FixedParameters: 0 0 0

#Transform 36
Transform: AffineTransform_float_3_3
Parameters: 1 -0.000325975 -1.07951e-05 0.000326026 0.999997 0.002439 1.02049e-05 -0.002439 0.999997 -0.00980892 -0.0552465 0.0484097
FixedParameters: 0 0 0

#Transform 37
Transform: AffineTransform_float_3_3
Parameters: 1 -0.000325226 -0.000384655 0.000326772 0.999998 0.00201287 0.000383343 -0.00201312 0.999998 -0.011241 -0.058279 0.000948034
FixedParameters: 0 0 0

#Transform 38
Transform: AffineTransform_float_3_3
Parameters: 1 -0.000325314 -0.000384581 0.000326685 0.999999 0.00178388 0.000383418 -0.00178413 0.999999 -0.0112367 -0.0542805 -0.0215313
FixedParameters: 0 0 0

#Transform 39
Transform: AffineTransform_float_3_3
Parameters: 1 -0.000401315 -0.000511538 0.000402686 0.999999 0.00133979 0.000511461 -0.00134021 0.999999 -0.0100521 -0.0692306 -0.0216479
FixedParameters: 0 0 0

#Transform 40
Transform: AffineTransform_float_3_3
Parameters: 0.999999 -0.000656169 -0.000619879 0.00065683 0.999999 0.00133959 0.00061912 -0.00134041 0.999999 -0.00513606 -0.0466366 0.00682012
FixedParameters: 0 0 0

#Transform 41
Transform: AffineTransform_float_3_3
Parameters: 0.999999 -0.000509886 -0.000831683 0.000511114 0.999999 0.00133958 0.000831315 -0.00134042 0.999999 -0.0123385 -0.081796 -0.00707316
FixedParameters: 0 0 0

#Transform 42
Transform: AffineTransform_float_3_3
Parameters: 1 -0.000595753 -0.000831177 0.000596248 1 0.000297504 0.000831823 -0.000297496 0.999999 -0.00696944 -0.108454 -0.0820747
FixedParameters: 0 0 0

#Transform 43
Transform: AffineTransform_float_3_3
Parameters: 1 -0.000728967 -0.000831028 0.000729032 0.999999 3.83942e-05 0.000831971 -3.96065e-05 0.999999 -0.00417955 -0.0843435 -0.0700549
FixedParameters: 0 0 0

#Transform 44
Transform: AffineTransform_float_3_3
Parameters: 1 -0.00075399 -0.000831009 0.00075401 0.999999 1.13734e-05 0.000830991 -1.26266e-05 0.999999 -0.00375886 -0.0373769 -0.0241666
FixedParameters: 0 0 0

#Transform 45
Transform: AffineTransform_float_3_3
Parameters: 0.999999 -0.000482133 -0.000830923 0.000481867 1 -0.0001594 0.000831076 0.000159599 0.999999 -0.00940193 -0.105948 -0.103429
FixedParameters: 0 0 0

#Transform 46
Transform: AffineTransform_float_3_3
Parameters: 1 -0.000890711 -0.000830239 0.000890289 0.999999 -0.00085574 0.000831763 0.00085526 1 -0.000830306 -0.130928 -0.141388
FixedParameters: 0 0 0

#Transform 47
Transform: AffineTransform_float_3_3
Parameters: 1 -0.000881384 -0.000777566 0.000881618 1 -0.000492686 0.000778434 0.000492314 0.999999 -0.00673152 -0.0946002 -0.0994778
FixedParameters: 0 0 0

#Transform 48
Transform: AffineTransform_float_3_3
Parameters: 1 -0.000764027 -0.000830975 0.000763973 0.999999 -3.26348e-05 0.000831025 3.23651e-05 0.999999 -0.00346097 -0.0716686 -0.0531318
FixedParameters: 0 0 0

#Transform 49
Transform: AffineTransform_float_3_3
Parameters: 1 -0.000492618 -0.00108072 0.000492381 0.999999 -0.000572533 0.00108128 0.000571468 1 -0.0100267 -0.109416 -0.0896626
FixedParameters: 0 0 0

#Transform 50
Transform: AffineTransform_float_3_3
Parameters: 0.999999 -0.000476954 -0.000830453 0.000476045 0.999999 -0.0011484 0.000831547 0.0011486 0.999999 -0.00949548 -0.134054 -0.167524
FixedParameters: 0 0 0

#Transform 51
Transform: AffineTransform_float_3_3
Parameters: 1 -0.00079176 -0.000830277 0.00079124 1 -0.000914658 0.000831725 0.000914343 0.999999 -0.00287196 -0.0887559 -0.128448
FixedParameters: 0 0 0

#Transform 52
Transform: AffineTransform_float_3_3
Parameters: 0.999999 -0.000734839 -0.0012255 0.000734161 1 -0.000684901 0.0012265 0.0006841 0.999999 -0.00557117 -0.0982582 -0.0859262
FixedParameters: 0 0 0

#Transform 53
Transform: AffineTransform_float_3_3
Parameters: 0.999999 -0.000882997 -0.00130865 0.000881002 0.999999 -0.00152616 0.00131035 0.00152485 0.999998 -0.00273862 -0.147063 -0.178379
FixedParameters: 0 0 0

#Transform 54
Transform: AffineTransform_float_3_3
Parameters: 0.999998 -0.00102965 -0.00130792 0.00102735 0.999998 -0.00202335 0.00131008 0.00202165 0.999997 0.000223249 -0.131285 -0.165053
FixedParameters: 0 0 0

#Transform 55
Transform: AffineTransform_float_3_3
Parameters: 0.999999 -0.000912684 -0.00150198 0.000911318 0.999999 -0.00112037 0.00150302 0.00111963 0.999998 -0.00279384 -0.0960864 -0.117041
FixedParameters: 0 0 0

#Transform 56
Transform: AffineTransform_float_3_3
Parameters: 0.999998 -0.000667965 -0.00151914 0.000666034 0.999999 -0.00129401 0.00151986 0.00129299 0.999998 -0.00805859 -0.102048 -0.087617
FixedParameters: 0 0 0

#Transform 57
Transform: AffineTransform_float_3_3
Parameters: 0.999999 -0.000612994 -0.00128805 0.000611003 0.999998 -0.00154879 0.00128995 0.00154721 0.999998 -0.00821375 -0.14065 -0.174651
FixedParameters: 0 0 0

#Transform 58
Transform: AffineTransform_float_3_3
Parameters: 0.999999 -0.000900437 -0.0012873 0.00089856 0.999998 -0.00189316 0.0012897 0.00189184 0.999998 -0.00224009 -0.120249 -0.149923
FixedParameters: 0 0 0

#Transform 59
Transform: AffineTransform_float_3_3
Parameters: 0.999998 -0.00103804 -0.00128736 0.00103596 0.999998 -0.00158534 0.00128964 0.00158366 0.999998 -0.00937572 -0.0902535 -0.116729
FixedParameters: 0 0 0

#Transform 60
Transform: AffineTransform_float_3_3
Parameters: 0.999998 -0.00093148 -0.0014394 0.000929519 0.999998 -0.00172234 0.0014416 0.00172166 0.999998 -0.00225917 -0.128353 -0.124805
FixedParameters: 0 0 0

#Transform 61
Transform: AffineTransform_float_3_3
Parameters: 0.999998 -0.000854112 -0.00150668 0.000849888 0.999996 -0.00272828 0.00150832 0.00272672 0.999995 -0.00397273 -0.176644 -0.217268
FixedParameters: 0 0 0

#Transform 62
Transform: AffineTransform_float_3_3
Parameters: 0.999998 -0.00106908 -0.00163268 0.00106392 0.999994 -0.00310974 0.00163632 0.00310825 0.999994 0.000165845 -0.167432 -0.226069
FixedParameters: 0 0 0

#Transform 63
Transform: AffineTransform_float_3_3
Parameters: 0.999998 -0.00114105 -0.00160212 0.00113695 0.999996 -0.00252783 0.00160488 0.00252618 0.999996 -0.00420218 -0.15074 -0.164028
FixedParameters: 0 0 0

#Transform 64
Transform: AffineTransform_float_3_3
Parameters: 0.999999 -0.00050322 -0.00127373 0.000499778 0.999996 -0.00252764 0.00127527 0.00252636 0.999996 -0.0175611 -0.14911 -0.147203
FixedParameters: 0 0 0

#Transform 65
Transform: AffineTransform_float_3_3
Parameters: 1 -0.00032878 -0.00102912 0.000326222 0.999997 -0.00269934 0.00102988 0.00269966 0.999996 -0.013263 -0.152493 -0.162633
FixedParameters: 0 0 0

#Transform 66
Transform: AffineTransform_float_3_3
Parameters: 0.999999 -0.000731275 -0.00102768 0.000727724 0.999994 -0.00318375 0.00103032 0.00318325 0.999995 -0.00477822 -0.185648 -0.227191
FixedParameters: 0 0 0

#Transform 67
Transform: AffineTransform_float_3_3
Parameters: 0.999999 -0.000742538 -0.00102745 0.00073946 0.999994 -0.00343976 0.00103055 0.00343924 0.999993 -0.0145751 -0.178057 -0.232558
FixedParameters: 0 0 0

#Transform 68
Transform: AffineTransform_float_3_3
Parameters: 1 -0.000559138 -0.0010283 0.00055586 0.999995 -0.00304957 0.0010307 0.00304843 0.999995 -0.0183929 -0.138249 -0.174465
FixedParameters: 0 0 0

#Transform 69
Transform: AffineTransform_float_3_3
Parameters: 0.999999 -0.000751347 -0.000995483 0.000747652 0.999994 -0.00335775 0.000998516 0.00335725 0.999994 -0.0104174 -0.177598 -0.186435
FixedParameters: 0 0 0

#Transform 70
Transform: AffineTransform_float_3_3
Parameters: 0.999999 -0.000876297 -0.00111764 0.000871706 0.999993 -0.00383898 0.00112035 0.00383802 0.999992 -0.00735396 -0.202434 -0.247549
FixedParameters: 0 0 0

#Transform 71
Transform: AffineTransform_float_3_3
Parameters: 0.999999 -0.000942469 -0.00124588 0.00093753 0.99999 -0.00438317 0.00125012 0.00438183 0.999989 -0.00119293 -0.206705 -0.255552
FixedParameters: 0 0 0

#Transform 72
Transform: AffineTransform_float_3_3
Parameters: 0.999999 -0.000975493 -0.00153853 0.000969505 0.999993 -0.0035675 0.00154247 0.0035655 0.999993 -0.01143 -0.1566 -0.213998
FixedParameters: 0 0 0

#Transform 73
Transform: AffineTransform_float_3_3
Parameters: 0.999998 -0.000953737 -0.00132961 0.000949264 0.999993 -0.00355927 0.00133239 0.00355773 0.999993 -0.0114502 -0.165225 -0.178852
FixedParameters: 0 0 0

#Transform 74
Transform: AffineTransform_float_3_3
Parameters: 0.999999 -0.000922406 -0.00153818 0.000915592 0.999991 -0.00415942 0.00154282 0.00415858 0.99999 -0.00246822 -0.224835 -0.259198
FixedParameters: 0 0 0

#Transform 75
Transform: AffineTransform_float_3_3
Parameters: 0.999999 -0.000814595 -0.00125238 0.000809401 0.999989 -0.00446202 0.00125662 0.00446098 0.99999 -0.00379121 -0.207524 -0.26207
FixedParameters: 0 0 0

#Transform 76
Transform: AffineTransform_float_3_3
Parameters: 0.999999 -0.000820698 -0.00131408 0.000816303 0.999994 -0.00357108 0.00131692 0.00357092 0.999993 -0.0140111 -0.17131 -0.198719
FixedParameters: 0 0 0

#Transform 77
Transform: AffineTransform_float_3_3
Parameters: 0.999999 -0.000919669 -0.00153922 0.00091533 0.999995 -0.00303041 0.00154278 0.00302959 0.999994 -0.0189712 -0.169212 -0.194413
FixedParameters: 0 0 0

#Transform 78
Transform: AffineTransform_float_3_3
Parameters: 0.999998 -0.000875679 -0.00134797 0.00087032 0.999993 -0.00346818 0.00135103 0.00346682 0.999993 -0.0128464 -0.202929 -0.233728
FixedParameters: 0 0 0

#Transform 79
Transform: AffineTransform_float_3_3
Parameters: 0.999998 -0.000817383 -0.00139686 0.000812617 0.999993 -0.00384914 0.00140014 0.00384886 0.999991 -0.00432524 -0.229413 -0.258687
FixedParameters: 0 0 0

#Transform 80
Transform: AffineTransform_float_3_3
Parameters: 0.999999 -0.000885485 -0.00103202 0.000881516 0.999994 -0.00337191 0.00103498 0.00337109 0.999994 -0.00152257 -0.20482 -0.227732
FixedParameters: 0 0 0

#Transform 81
Transform: AffineTransform_float_3_3
Parameters: 0.999999 -0.000946922 -0.00124904 0.000943077 0.999994 -0.00313718 0.00125196 0.00313582 0.999995 -0.0111027 -0.203016 -0.214862
FixedParameters: 0 0 0

#Transform 82
Transform: AffineTransform_float_3_3
Parameters: 0.999998 -0.000975763 -0.00134428 0.000971235 0.999995 -0.00279831 0.00134672 0.00279669 0.999995 -0.0152826 -0.198597 -0.207628
FixedParameters: 0 0 0

#Transform 83
Transform: AffineTransform_float_3_3
Parameters: 0.999999 -0.000852385 -0.00125571 0.000848616 0.999996 -0.00269407 0.00125729 0.00269293 0.999995 -0.013501 -0.207654 -0.199193
FixedParameters: 0 0 0

#Transform 84
Transform: AffineTransform_float_3_3
Parameters: 0.999999 -0.000797424 -0.00117669 0.000793579 0.999996 -0.00290694 0.00117831 0.00290606 0.999995 -0.0117039 -0.228703 -0.251071
FixedParameters: 0 0 0

#Transform 85
Transform: AffineTransform_float_3_3
Parameters: 0.999999 -0.000871559 -0.00103702 0.00086844 0.999993 -0.0034279 0.00103998 0.00342709 0.999993 -0.0114365 -0.253602 -0.257978
FixedParameters: 0 0 0

#Transform 86
Transform: AffineTransform_float_3_3
Parameters: 0.999999 -0.00089353 -0.00113423 0.000890467 0.999995 -0.00310901 0.00113777 0.00310798 0.999994 -0.0116599 -0.205678 -0.203305
FixedParameters: 0 0 0

#Transform 87
Transform: AffineTransform_float_3_3
Parameters: 0.999999 -0.000833108 -0.00103952 0.000829895 0.999995 -0.00298587 0.00104148 0.00298514 0.999995 -0.0134062 -0.197236 -0.176323
FixedParameters: 0 0 0

#Transform 88
Transform: AffineTransform_float_3_3
Parameters: 0.999999 -0.000900679 -0.00117619 0.000897321 0.999994 -0.00312506 0.00117881 0.00312394 0.999995 -0.0111808 -0.230052 -0.205388
FixedParameters: 0 0 0

#Transform 89
Transform: AffineTransform_float_3_3
Parameters: 0.999999 -0.00107673 -0.00147082 0.00107127 0.999992 -0.00389258 0.00147518 0.00389042 0.999992 -0.00482899 -0.236089 -0.221045
FixedParameters: 0 0 0

#Transform 90
Transform: AffineTransform_float_3_3
Parameters: 0.999999 -0.0010707 -0.00147015 0.0010643 0.999989 -0.00454757 0.00147585 0.00454643 0.999988 -0.00723683 -0.263217 -0.234895
FixedParameters: 0 0 0

#Transform 91
Transform: AffineTransform_float_3_3
Parameters: 0.999998 -0.00109096 -0.00164942 0.00108405 0.99999 -0.00421179 0.00165358 0.0042102 0.99999 -0.00482917 -0.221057 -0.227487
FixedParameters: 0 0 0

#Transform 92
Transform: AffineTransform_float_3_3
Parameters: 0.999998 -0.00100452 -0.00159892 0.000997476 0.999991 -0.0040756 0.00160308 0.0040734 0.999991 -0.00529114 -0.236131 -0.224585
FixedParameters: 0 0 0

#Transform 93
Transform: AffineTransform_float_3_3
Parameters: 0.999998 -0.00112112 -0.00174344 0.00111488 0.999991 -0.00408195 0.00174756 0.00408005 0.99999 0.000707786 -0.26257 -0.216695
FixedParameters: 0 0 0

#Transform 94
Transform: AffineTransform_float_3_3
Parameters: 0.999998 -0.00110501 -0.00161555 0.00109699 0.999987 -0.00494978 0.00162045 0.00494722 0.999987 0.00354348 -0.293073 -0.28723
FixedParameters: 0 0 0

#Transform 95
Transform: AffineTransform_float_3_3
Parameters: 0.999997 -0.00138706 -0.00167116 0.00137994 0.99999 -0.00422032 0.00167684 0.00421768 0.999989 0.00911521 -0.231013 -0.200386
FixedParameters: 0 0 0

#Transform 96
Transform: AffineTransform_float_3_3
Parameters: 0.999997 -0.00130511 -0.00176576 0.00129789 0.999991 -0.0040233 0.00177123 0.0040207 0.999991 0.00710822 -0.253144 -0.207977
FixedParameters: 0 0 0

#Transform 97
Transform: AffineTransform_float_3_3
Parameters: 0.999998 -0.0010032 -0.00173428 0.0009948 0.999989 -0.00472374 0.00173872 0.00472227 0.999988 0.000982149 -0.281508 -0.272814
FixedParameters: 0 0 0

#Transform 98
Transform: AffineTransform_float_3_3
Parameters: 0.999998 -0.00118217 -0.00147006 0.00117583 0.99999 -0.00419173 0.00147494 0.00418926 0.99999 0.00571442 -0.266038 -0.22461
FixedParameters: 0 0 0

#Transform 99
Transform: AffineTransform_float_3_3
Parameters: 0.999997 -0.00127214 -0.00171346 0.00126686 0.999993 -0.00357918 0.00171754 0.00357682 0.999992 0.00649399 -0.245765 -0.186695
FixedParameters: 0 0 0

#Transform 100
Transform: AffineTransform_float_3_3
Parameters: 0.999998 -0.00138644 -0.00177722 0.00137956 0.999991 -0.00417946 0.00178278 0.00417754 0.999989 0.0088306 -0.27467 -0.232166
FixedParameters: 0 0 0

#Transform 101
Transform: AffineTransform_float_3_3
Parameters: 0.999997 -0.00136998 -0.00174476 0.00136202 0.999988 -0.00456739 0.00175124 0.00456461 0.999988 -0.00143546 -0.292308 -0.259805
FixedParameters: 0 0 0

#Transform 102
Transform: AffineTransform_float_3_3
Parameters: 0.999998 -0.00128113 -0.00183103 0.00127387 0.999991 -0.00388834 0.00183597 0.00388666 0.999991 -0.00161287 -0.24764 -0.184816
FixedParameters: 0 0 0

#Transform 103
Transform: AffineTransform_float_3_3
Parameters: 0.999998 -0.00130291 -0.00185717 0.00129609 0.999993 -0.00371742 0.00186183 0.00371459 0.999992 -0.00293911 -0.249303 -0.185244
FixedParameters: 0 0 0

#Transform 104
Transform: AffineTransform_float_3_3
Parameters: 0.999998 -0.00117797 -0.00174431 0.00117102 0.999992 -0.00399405 0.00174969 0.00399195 0.999991 0.000870382 -0.29711 -0.229297
FixedParameters: 0 0 0

#Transform 105
Transform: AffineTransform_float_3_3
Parameters: 0.999998 -0.00124175 -0.00185718 0.00123325 0.999988 -0.0047043 0.00186282 0.0047017 0.999987 0.00520043 -0.297392 -0.249021
FixedParameters: 0 0 0

#Transform 106
Transform: AffineTransform_float_3_3
Parameters: 0.999997 -0.00142739 -0.00187063 0.00141961 0.999989 -0.00447867 0.00187638 0.00447633 0.999988 0.000938963 -0.274402 -0.204547
FixedParameters: 0 0 0

#Transform 107
Transform: AffineTransform_float_3_3
Parameters: 0.999997 -0.00142816 -0.00195735 0.00141983 0.999988 -0.00467479 0.00196466 0.00467121 0.999987 0.00094871 -0.313751 -0.246154
FixedParameters: 0 0 0

#Transform 108
Transform: AffineTransform_float_3_3
Parameters: 0.999997 -0.00151684 -0.00186102 0.00150716 0.999985 -0.00527982 0.00186898 0.00527718 0.999985 0.00430856 -0.324731 -0.273262
FixedParameters: 0 0 0

#Transform 109
Transform: AffineTransform_float_3_3
Parameters: 0.999997 -0.00153488 -0.00188561 0.00152712 0.99999 -0.00417389 0.00189139 0.00417111 0.99999 -0.00608084 -0.266789 -0.188818
FixedParameters: 0 0 0

#Transform 110
Transform: AffineTransform_float_3_3
Parameters: 0.999998 -0.00143451 -0.00181531 0.00142649 0.999988 -0.0046796 0.0018227 0.0046774 0.999988 0.00608808 -0.324233 -0.256634
FixedParameters: 0 0 0

#Transform 111
Transform: AffineTransform_float_3_3
Parameters: 0.999998 -0.00149272 -0.001805 0.00148328 0.999984 -0.00537569 0.001813 0.00537331 0.999984 -0.000567348 -0.337682 -0.280652
FixedParameters: 0 0 0

#Transform 112
Transform: AffineTransform_float_3_3
Parameters: 0.999997 -0.00136171 -0.00201113 0.00135329 0.999989 -0.00432473 0.00201687 0.00432226 0.999988 0.00336874 -0.289096 -0.171039
FixedParameters: 0 0 0

#Transform 113
Transform: AffineTransform_float_3_3
Parameters: 0.999998 -0.00125401 -0.00197029 0.00124499 0.999989 -0.00457046 0.00197571 0.00456753 0.999987 0.00297746 -0.309779 -0.228886
FixedParameters: 0 0 0

#Transform 114
Transform: AffineTransform_float_3_3
Parameters: 0.999997 -0.00135762 -0.00193999 0.00134938 0.999989 -0.00443963 0.00194601 0.00443637 0.999989 0.0103825 -0.317512 -0.22477
FixedParameters: 0 0 0

#Transform 115
Transform: AffineTransform_float_3_3
Parameters: 0.999998 -0.00113593 -0.00177632 0.00112707 0.999987 -0.00502001 0.00178268 0.00501798 0.999986 0.00640742 -0.317066 -0.263046
FixedParameters: 0 0 0

#Transform 116
Transform: AffineTransform_float_3_3
Parameters: 0.999998 -0.00120292 -0.00198362 0.00119408 0.999989 -0.00449438 0.00198839 0.00449162 0.999988 0.00267903 -0.307901 -0.225976
FixedParameters: 0 0 0

#Transform 117
Transform: AffineTransform_float_3_3
Parameters: 0.999997 -0.0012519 -0.00200246 0.0012431 0.99999 -0.0044395 0.00200754 0.0044365 0.999988 0.00219131 -0.320184 -0.225234
FixedParameters: 0 0 0

#Transform 118
Transform: AffineTransform_float_3_3
Parameters: 0.999997 -0.00126247 -0.00181545 0.00125352 0.999985 -0.00520929 0.00182255 0.00520771 0.999985 -0.00437346 -0.346036 -0.293137
FixedParameters: 0 0 0

#Transform 119
Transform: AffineTransform_float_3_3
Parameters: 0.999997 -0.00124882 -0.00186211 0.00123918 0.999988 -0.00473032 0.00186788 0.00472768 0.999987 -0.0106391 -0.320227 -0.247752
FixedParameters: 0 0 0

#Transform 120
Transform: AffineTransform_float_3_3
Parameters: 0.999997 -0.0014246 -0.00187024 0.0014174 0.999991 -0.00405866 0.00187577 0.00405634 0.99999 0.0120908 -0.31478 -0.200475
FixedParameters: 0 0 0

#Transform 121
Transform: AffineTransform_float_3_3
Parameters: 0.999997 -0.00132308 -0.00201542 0.00131292 0.999986 -0.00499366 0.00202158 0.00499134 0.999985 0.00958217 -0.349765 -0.275619
FixedParameters: 0 0 0

#Transform 122
Transform: AffineTransform_float_3_3
Parameters: 0.999997 -0.00127956 -0.00206048 0.00126844 0.999986 -0.00511563 0.00206751 0.00511337 0.999985 0.00853525 -0.332322 -0.262512
FixedParameters: 0 0 0

#Transform 123
Transform: AffineTransform_float_3_3
Parameters: 0.999997 -0.00137133 -0.00203374 0.00136167 0.999988 -0.00458178 0.00203926 0.00457822 0.999988 0.0103818 -0.309204 -0.201522
FixedParameters: 0 0 0

#Transform 124
Transform: AffineTransform_float_3_3
Parameters: 0.999997 -0.0015595 -0.00197955 0.0015505 0.999988 -0.00479308 0.00198745 0.00478992 0.999986 0.00159892 -0.343088 -0.2382
FixedParameters: 0 0 0

#Transform 125
Transform: AffineTransform_float_3_3
Parameters: 0.999997 -0.0018435 -0.00197633 0.00183249 0.999981 -0.00580564 0.00198767 0.00580235 0.999981 0.0207351 -0.36014 -0.304159
FixedParameters: 0 0 0

#Transform 126
Transform: AffineTransform_float_3_3
Parameters: 0.999996 -0.0015747 -0.00207567 0.00156429 0.999988 -0.00466926 0.00208332 0.00466573 0.999987 0.00457776 -0.321365 -0.230873
FixedParameters: 0 0 0

#Transform 127
Transform: AffineTransform_float_3_3
Parameters: 0.999997 -0.00133402 -0.00212837 0.00132498 0.99999 -0.00423183 0.00213462 0.00422917 0.999989 -0.00311436 -0.333108 -0.210489
FixedParameters: 0 0 0

#Transform 128
Transform: AffineTransform_float_3_3
Parameters: 0.999997 -0.00123433 -0.00214953 0.00122267 0.999986 -0.00526465 0.00215647 0.00526236 0.999984 -0.0101858 -0.372687 -0.290945
FixedParameters: 0 0 0

#Transform 129
Transform: AffineTransform_float_3_3
Parameters: 0.999997 -0.0014132 -0.00210419 0.0014008 0.99998 -0.00626297 0.00211281 0.00626004 0.999978 -0.00642664 -0.353798 -0.310361
FixedParameters: 0 0 0

#Transform 130
Transform: AffineTransform_float_3_3
Parameters: 0.999997 -0.0013584 -0.0021482 0.00134559 0.999982 -0.00576591 0.00215579 0.00576209 0.999981 -0.0121043 -0.334065 -0.243112
FixedParameters: 0 0 0

#Transform 131
Transform: AffineTransform_float_3_3
Parameters: 0.999996 -0.00166488 -0.00225126 0.00165312 0.999985 -0.00526774 0.00225974 0.00526426 0.999983 0.00282726 -0.354711 -0.253094
FixedParameters: 0 0 0

#Transform 132
Transform: AffineTransform_float_3_3
Parameters: 0.999995 -0.00180912 -0.00251319 0.00179389 0.999981 -0.00600354 0.00252381 0.00599946 0.999979 0.00381981 -0.38788 -0.354026
FixedParameters: 0 0 0

#Transform 133
Transform: AffineTransform_float_3_3
Parameters: 0.999996 -0.00162582 -0.00232069 0.00161118 0.999979 -0.00637177 0.00233131 0.00636824 0.999977 0.00650499 -0.379362 -0.321983
FixedParameters: 0 0 0

#Transform 134
Transform: AffineTransform_float_3_3
Parameters: 0.999997 -0.0014495 -0.00200517 0.00144049 0.999988 -0.0047319 0.00201284 0.00472909 0.999987 0.00469618 -0.334416 -0.215476
FixedParameters: 0 0 0

#Transform 135
Transform: AffineTransform_float_3_3
Parameters: 0.999996 -0.00151467 -0.00207827 0.00150433 0.999985 -0.00512514 0.00208573 0.00512185 0.999984 0.00341971 -0.388481 -0.265747
FixedParameters: 0 0 0

#Transform 136
Transform: AffineTransform_float_3_3
Parameters: 0.999991 -0.00253279 -0.00334962 0.00252321 0.999992 -0.00292448 0.00335638 0.00291552 0.99999 0.0232423 -0.354316 -0.178129
FixedParameters: 0 0 0

#Transform 137
Transform: AffineTransform_float_3_3
Parameters: 0.999992 -0.00246573 -0.00334693 0.00245227 0.999988 -0.00410024 0.00335707 0.00409176 0.999986 0.0319823 -0.407246 -0.243058
FixedParameters: 0 0 0

#Transform 138
Transform: AffineTransform_float_3_3
Parameters: 0.999993 -0.00204175 -0.00334866 0.00202825 0.999989 -0.00410482 0.00335635 0.00409818 0.999986 0.0119586 -0.35357 -0.200005
FixedParameters: 0 0 0

#Transform 139
Transform: AffineTransform_float_3_3
Parameters: 0.999993 -0.00193151 -0.00317904 0.00191949 0.999991 -0.00362013 0.00318597 0.00361387 0.999989 0.00881039 -0.329998 -0.163517
FixedParameters: 0 0 0

#Transform 140
Transform: AffineTransform_float_3_3
Parameters: 0.999993 -0.00192254 -0.00315941 0.00191047 0.999991 -0.00396606 0.0031666 0.00395994 0.999987 0.0234942 -0.365184 -0.193818
FixedParameters: 0 0 0

#Transform 141
Transform: AffineTransform_float_3_3
Parameters: 0.999993 -0.00201805 -0.00322239 0.00200095 0.999984 -0.00528449 0.00323361 0.00527851 0.999981 0.0186357 -0.413697 -0.278882
FixedParameters: 0 0 0

#Transform 142
Transform: AffineTransform_float_3_3
Parameters: 0.999994 -0.00196073 -0.0028158 0.00194627 0.999984 -0.00522451 0.0028262 0.00521849 0.999983 0.0101245 -0.37085 -0.214491
FixedParameters: 0 0 0

#Transform 143
Transform: AffineTransform_float_3_3
Parameters: 0.999993 -0.00204048 -0.00291693 0.00202552 0.999985 -0.00495794 0.00292707 0.00495206 0.999984 0.0110112 -0.392311 -0.217113
FixedParameters: 0 0 0

#Transform 144
Transform: AffineTransform_float_3_3
Parameters: 0.999993 -0.00205603 -0.00291576 0.00203997 0.999983 -0.00549098 0.00292624 0.00548502 0.99998 0.0115792 -0.413978 -0.275648
FixedParameters: 0 0 0

#Transform 145
Transform: AffineTransform_float_3_3
Parameters: 0.999993 -0.00202302 -0.00291526 0.00200598 0.999981 -0.00582988 0.00292674 0.00582411 0.999979 0.0110854 -0.381857 -0.252475
FixedParameters: 0 0 0

#Transform 146
Transform: AffineTransform_float_3_3
Parameters: 0.999993 -0.00220986 -0.00323218 0.00219114 0.99998 -0.00582812 0.00324482 0.00582087 0.999978 0.00630033 -0.388473 -0.226399
FixedParameters: 0 0 0

#Transform 147
Transform: AffineTransform_float_3_3
Parameters: 0.999991 -0.00235959 -0.00338574 0.00233941 0.999979 -0.00607197 0.00339926 0.00606403 0.999976 0.0151622 -0.413145 -0.260696
FixedParameters: 0 0 0

#Transform 148
Transform: AffineTransform_float_3_3
Parameters: 0.999992 -0.0021629 -0.00317989 0.0021421 0.999976 -0.00656086 0.00319412 0.00655414 0.999974 0.0161467 -0.409421 -0.303986
FixedParameters: 0 0 0

#Transform 149
Transform: AffineTransform_float_3_3
Parameters: 0.999992 -0.00227406 -0.00308477 0.00225594 0.999981 -0.00584501 0.00309823 0.005838 0.999978 0.0249705 -0.379598 -0.219486
FixedParameters: 0 0 0

#Transform 150
Transform: AffineTransform_float_3_3
Parameters: 0.99999 -0.00262922 -0.00347806 0.00260777 0.999978 -0.00609313 0.00349394 0.00608387 0.999976 0.0197924 -0.401915 -0.243498
FixedParameters: 0 0 0

#Transform 151
Transform: AffineTransform_float_3_3
Parameters: 0.999993 -0.00237681 -0.00311021 0.00235619 0.999975 -0.00667738 0.0031268 0.00667062 0.999973 0.0106504 -0.461603 -0.308226
FixedParameters: 0 0 0

#Transform 152
Transform: AffineTransform_float_3_3
Parameters: 0.999992 -0.00242578 -0.00317599 0.00240622 0.999978 -0.00621669 0.00319101 0.00620831 0.999975 0.0110421 -0.408053 -0.242447
FixedParameters: 0 0 0

#Transform 153
Transform: AffineTransform_float_3_3
Parameters: 0.999993 -0.00227272 -0.00317699 0.00225328 0.999979 -0.00619621 0.00319101 0.0061888 0.999976 0.00789532 -0.408627 -0.233657
FixedParameters: 0 0 0

#Transform 154
Transform: AffineTransform_float_3_3
Parameters: 0.999992 -0.00238016 -0.00317376 0.00235684 0.99997 -0.00728154 0.00319024 0.00727447 0.999969 0.0167849 -0.452964 -0.317755
FixedParameters: 0 0 0

#Transform 155
Transform: AffineTransform_float_3_3
Parameters: 0.999993 -0.00224705 -0.00316144 0.00222495 0.999974 -0.00696209 0.00317656 0.00695491 0.999971 0.00349984 -0.419071 -0.274177
FixedParameters: 0 0 0
