#Insight Transform File V1.0
#Transform 0
Transform: AffineTransform_float_3_3
Parameters: 0.999999 5.01876e-05 -0.000800181 -5.38116e-05 0.999994 -0.00351496 0.000799815 0.00351504 0.999993 -0.034797 0.097447 0.0780463
FixedParameters: 0 0 0

#Transform 1
Transform: AffineTransform_float_3_3
Parameters: 1 1.60087e-06 -0.00109901 -4.39911e-06 0.999997 -0.002183 0.00109899 0.002183 0.999997 -0.0642572 0.121877 0.102934
FixedParameters: 0 0 0

#Transform 2
Transform: AffineTransform_float_3_3
Parameters: 0.999999 -2.21929e-05 -0.00146195 1.88084e-05 0.999997 -0.00218303 0.00146204 0.00218397 0.999996 -0.0704283 0.124685 0.139127
FixedParameters: 0 0 0

#Transform 3
Transform: AffineTransform_float_3_3
Parameters: 0.999998 -0.000345776 -0.00161356 0.000339225 0.999991 -0.00419855 0.00161444 0.00419745 0.99999 -0.0696175 0.135778 0.0618437
FixedParameters: 0 0 0

#Transform 4
Transform: AffineTransform_float_3_3
Parameters: 0.999999 0.000218531 -0.00133624 -0.000226473 0.999985 -0.00559171 0.00133576 0.0055923 0.999984 -0.0483673 0.109135 0.0593732
FixedParameters: 0 0 0

#Transform 5
Transform: AffineTransform_float_3_3
Parameters: 0.999999 -5.27672e-05 -0.00156582 4.7232e-05 0.999993 -0.00368308 0.00156618 0.00368292 0.999992 -0.0548067 0.0611693 0.0443123
FixedParameters: 0 0 0

#Transform 6
Transform: AffineTransform_float_3_3
Parameters: 0.999998 0.000223309 -0.00193467 -0.000229691 0.999995 -0.00294156 0.00193433 0.00294244 0.999994 -0.0518224 0.0575303 -0.00766985
FixedParameters: 0 0 0

#Transform 7
Transform: AffineTransform_float_3_3
Parameters: 0.999998 0.000644854 -0.00154873 -0.000648147 0.999996 -0.002678 0.00154727 0.002679 0.999995 -0.0579877 0.0372214 0.0214685
FixedParameters: 0 0 0

#Transform 8
Transform: AffineTransform_float_3_3
Parameters: 0.999999 0.000486144 -0.0014453 -0.000489856 0.999997 -0.0026693 0.0014437 0.00266971 0.999996 -0.049982 0.0375675 0.0234744
FixedParameters: 0 0 0

#Transform 9
Transform: AffineTransform_float_3_3
Parameters: 0.999998 0.000470405 -0.00158307 -0.000473595 0.999998 -0.00227125 0.00158193 0.00227175 0.999996 -0.060446 0.0527561 0.0630568
FixedParameters: 0 0 0

#Transform 10
Transform: AffineTransform_float_3_3
Parameters: 0.999999 0.000605835 -0.00170013 -0.000609167 0.999998 -0.00186197 0.00169987 0.00186303 0.999997 -0.0515395 0.0928211 0.137822
FixedParameters: 0 0 0

#Transform 11
Transform: AffineTransform_float_3_3
Parameters: 0.999998 0.000439483 -0.00201177 -0.000442518 0.999999 -0.00174811 0.00201123 0.00174889 0.999997 -0.0445401 0.0928454 0.0792018
FixedParameters: 0 0 0

#Transform 12
Transform: AffineTransform_float_3_3
Parameters: 0.999998 0.000383982 -0.00190341 -0.000386016 1 -0.00105927 0.00190259 0.00106073 0.999997 -0.0410269 0.0630655 0.0874414
FixedParameters: 0 0 0

#Transform 13
Transform: AffineTransform_float_3_3
Parameters: 0.999999 0.000425173 -0.00175344 -0.000426828 1 -0.00104225 0.00175256 0.00104275 0.999998 -0.0387187 0.100142 0.10085
FixedParameters: 0 0 0

#Transform 14
Transform: AffineTransform_float_3_3
Parameters: 0.999998 0.0005345 -0.00162849 -0.000535501 1 -0.00092113 0.00162851 0.000921872 0.999998 -0.0286144 0.0591568 0.030528
FixedParameters: 0 0 0

#Transform 15
Transform: AffineTransform_float_3_3
Parameters: 1 0.000688941 -0.000825049 -0.000689059 1 -7.14315e-05 0.000824951 7.15683e-05 0.999999 -0.0223607 0.0429889 0.0565487
FixedParameters: 0 0 0

#Transform 16
Transform: AffineTransform_float_3_3
Parameters: 1 0.000333035 -0.000289959 -0.000332965 1 0.000122097 0.000290041 -0.000121903 1 -0.0126965 0.0378709 0.0117876
FixedParameters: 0 0 0

#Transform 17
Transform: AffineTransform_float_3_3
Parameters: 1 0.000275999 -0.000250001 -0.000276001 1 -3.931e-06 0.000249999 3.069e-06 1 -0.00927954 0.010229 -0.0293345
FixedParameters: 0 0 0

#Transform 18
Transform: AffineTransform_float_3_3
Parameters: 1 0.000280249 -0.000293762 -0.000279751 1 0.000848082 0.000294237 -0.000847918 0.999999 -0.00215046 0.00675749 -0.0192142
FixedParameters: 0 0 0

#Transform 19
Transform: AffineTransform_float_3_3
Parameters: 1 0.000269485 -0.000539758 -0.000268515 0.999999 0.000898145 0.000540241 -0.000897855 1 -0.00592237 0.0139396 0.0299947
FixedParameters: 0 0 0

#Transform 20
Transform: AffineTransform_float_3_3
Parameters: 1 0.000215034 -0.000130944 -0.000214966 1 0.000262028 0.000131056 -0.000261972 1 -0.0109837 0.00865931 0.00123052
FixedParameters: 0 0 0

#Transform 21
Transform: AffineTransform_float_3_3
Parameters: 1 0.000139609 0.000444123 -0.000140391 0.999999 0.000879938 -0.000443877 -0.000880062 1 -0.00944847 0.0367644 0.0290156
FixedParameters: 0 0 0

#Transform 22
Transform: AffineTransform_float_3_3
Parameters: 1 0.00018513 0.000256906 -0.000184869 1 -0.000508047 -0.000257094 0.000507952 1 0.00885953 0.00785898 -0.0595334
FixedParameters: 0 0 0

#Transform 23
Transform: AffineTransform_float_3_3
Parameters: 1 -0.000134711 0.000364107 0.000135289 0.999999 -0.00079395 -0.000363893 0.000794049 0.999999 0.00522033 -0.00631088 -0.0189363
FixedParameters: 0 0 0

#Transform 24
Transform: AffineTransform_float_3_3
Parameters: 1 1.2052e-05 0.000117995 -1.1948e-05 1 -0.000441001 -0.000118005 0.000440998 1 0.00338008 -0.0380657 -0.0640824
FixedParameters: 0 0 0

#Transform 25
Transform: AffineTransform_float_3_3
Parameters: 1 0.000378941 -0.000134167 -0.000379059 1 -0.000440949 0.000133833 0.000441051 1 -0.00183809 -0.0123593 -0.046835
FixedParameters: 0 0 0

#Transform 26
Transform: AffineTransform_float_3_3
Parameters: 1 0.000379256 -0.00037274 -0.000379745 0.999999 0.000685141 0.00037226 -0.000685858 0.999999 -0.00693565 -0.0162825 -0.0461106
FixedParameters: 0 0 0

#Transform 27
Transform: AffineTransform_float_3_3
Parameters: 1 0.000378974 7.21338e-05 -0.000379025 1 0.000352973 -7.18662e-05 -0.000353027 1 -0.00853911 0.00806988 0.0349016
FixedParameters: 0 0 0

#Transform 28
Transform: AffineTransform_float_3_3
Parameters: 1 0.000379168 0.00025475 -0.000379832 0.999999 -0.000659096 -0.00025525 0.000658903 1 -0.00750341 0.0768593 0.173075
FixedParameters: 0 0 0

#Transform 29
Transform: AffineTransform_float_3_3
Parameters: 1 0.000437011 0.000235979 -0.000436988 1 -4.91031e-05 -0.000236021 4.88969e-05 1 -0.0172938 0.0558954 0.11551
FixedParameters: 0 0 0

#Transform 30
Transform: AffineTransform_float_3_3
Parameters: 1 0.000624857 0.000236377 -0.000624142 0.999999 0.000602852 -0.000235624 -0.000603147 1 -0.0184078 0.040875 0.0818455
FixedParameters: 0 0 0

#Transform 31
Transform: AffineTransform_float_3_3
Parameters: 0.999999 0.00077479 0.000178913 -0.00077421 0.999999 0.00117786 -0.000178088 -0.00117814 1 -0.0192124 0.036687 0.0988475
FixedParameters: 0 0 0

#Transform 32
Transform: AffineTransform_float_3_3
Parameters: 0.999999 0.00067966 0.000267863 -0.00068034 0.999999 0.00126982 -0.000267136 -0.00127018 0.999999 -0.00213807 0.0304004 0.117084
FixedParameters: 0 0 0

#Transform 33
Transform: AffineTransform_float_3_3
Parameters: 1 0.000488898 0.000188265 -0.000489102 0.999999 0.000541908 -0.000187735 -0.000542092 1 -0.0159776 0.00318046 0.0757803
FixedParameters: 0 0 0

#Transform 34
Transform: AffineTransform_float_3_3
Parameters: 1 0.000527784 0.000267426 -0.000528216 0.999999 0.000806858 -0.000267574 -0.000807141 0.999999 -0.0204273 -0.0375872 0.0118735
FixedParameters: 0 0 0

#Transform 35
Transform: AffineTransform_float_3_3
Parameters: 1 0.000564008 0.000203977 -0.000563992 1 -4.0115e-05 -0.000204022 3.98849e-05 1 -0.0103284 -0.068312 -0.0370719
FixedParameters: 0 0 0

#Transform 36
Transform: AffineTransform_float_3_3
Parameters: 0.999999 0.000577806 0.000482231 -0.000578193 1 0.000400721 -0.000482768 -0.000401279 1 -0.0122975 -0.0770465 -0.00436382
FixedParameters: 0 0 0

#Transform 37
Transform: AffineTransform_float_3_3
Parameters: 0.999999 0.000537675 0.0005813 -0.000538324 0.999999 0.000557687 -0.000581699 -0.000558313 0.999999 -0.0179006 -0.0325198 0.0581508
FixedParameters: 0 0 0

#Transform 38
Transform: AffineTransform_float_3_3
Parameters: 1 0.000608746 0.000346445 -0.000609253 0.999999 0.000731789 -0.000345554 -0.00073221 0.999999 -0.0206498 -0.0432578 0.0778883
FixedParameters: 0 0 0

#Transform 39
Transform: AffineTransform_float_3_3
Parameters: 0.999999 0.000589289 0.000621675 -0.000589712 0.999999 0.00114463 -0.000621326 -0.00114437 0.999999 -0.0191897 -0.0746563 0.103224
FixedParameters: 0 0 0

#Transform 40
Transform: AffineTransform_float_3_3
Parameters: 1 0.000682869 0.000791977 -0.000684132 0.999998 0.00142946 -0.000791023 -0.00142954 0.999998 -0.0253665 -0.0643936 0.128975
FixedParameters: 0 0 0

#Transform 41
Transform: AffineTransform_float_3_3
Parameters: 1 0.000708903 0.000768014 -0.000710097 0.999998 0.00142945 -0.000766986 -0.00142954 0.999998 -0.0242912 -0.0816776 0.0922908
FixedParameters: 0 0 0

#Transform 42
Transform: AffineTransform_float_3_3
Parameters: 0.999999 0.000847119 0.00110245 -0.000848881 0.999998 0.00170707 -0.00110055 -0.00170793 0.999998 -0.0276949 -0.0654295 0.161972
FixedParameters: 0 0 0

#Transform 43
Transform: AffineTransform_float_3_3
Parameters: 1 0.000766457 0.000945254 -0.000767543 0.999999 0.00163328 -0.000943747 -0.00163473 0.999998 -0.0216936 -0.0827452 0.152328
FixedParameters: 0 0 0

#Transform 44
Transform: AffineTransform_float_3_3
Parameters: 0.999999 0.000792124 0.00117726 -0.000793876 0.999999 0.00159407 -0.00117574 -0.00159493 0.999998 -0.0133645 -0.0594544 0.196354
FixedParameters: 0 0 0

#Transform 45
Transform: AffineTransform_float_3_3
Parameters: 0.999999 0.000786869 0.00106983 -0.000788131 0.999999 0.00105716 -0.00106917 -0.00105784 0.999999 -0.00528964 -0.0232055 0.226318
FixedParameters: 0 0 0

#Transform 46
Transform: AffineTransform_float_3_3
Parameters: 1 0.000785244 0.000564054 -0.000785756 0.999999 0.00134156 -0.000562946 -0.00134244 0.999999 -0.0140277 -0.021874 0.236555
FixedParameters: 0 0 0

#Transform 47
Transform: AffineTransform_float_3_3
Parameters: 0.999999 0.000785217 0.000564091 -0.000785782 0.999998 0.00138956 -0.000562909 -0.00138944 0.999999 -0.0153362 -0.0262011 0.271481
FixedParameters: 0 0 0

#Transform 48
Transform: AffineTransform_float_3_3
Parameters: 1 0.000958277 0.000733945 -0.000958723 0.999999 0.000985297 -0.000733055 -0.000986703 0.999999 -0.0163764 -0.0211062 0.273127
FixedParameters: 0 0 0

#Transform 49
Transform: AffineTransform_float_3_3
Parameters: 0.999999 0.00121345 0.000564175 -0.00121455 0.999999 0.000967316 -0.000562826 -0.000967684 1 -0.0126899 -0.0263143 0.271431
FixedParameters: 0 0 0

#Transform 50
Transform: AffineTransform_float_3_3
Parameters: 0.999999 0.00121382 0.000258858 -0.00121418 0.999999 0.000706686 -0.000258141 -0.000707314 0.999999 -0.015041 -0.0436914 0.231644
FixedParameters: 0 0 0

#Transform 51
Transform: AffineTransform_float_3_3
Parameters: 0.999999 0.00123583 0.000147409 -0.00123617 0.999998 0.00113982 -0.000146591 -0.00114018 1 -0.0220544 -0.0412823 0.222837
FixedParameters: 0 0 0

#Transform 52
Transform: AffineTransform_float_3_3
Parameters: 1 0.00115961 0.000281619 -0.00116039 0.999999 0.00139567 -0.000280381 -0.00139533 0.999999 -0.0316209 -0.0703646 0.231738
FixedParameters: 0 0 0

#Transform 53
Transform: AffineTransform_float_3_3
Parameters: 0.999999 0.00122087 0.000118374 -0.00122113 0.999998 0.00112486 -0.000117626 -0.00112514 1 -0.035376 -0.0998074 0.225479
FixedParameters: 0 0 0

#Transform 54
Transform: AffineTransform_float_3_3
Parameters: 1 0.00114294 5.63201e-05 -0.00114306 0.999998 0.00115494 -5.46798e-05 -0.00115506 1 -0.0289172 -0.12822 0.209589
FixedParameters: 0 0 0

#Transform 55
Transform: AffineTransform_float_3_3
Parameters: 1 0.00106201 -3.78932e-06 -0.00106199 0.999999 0.00114 5.21068e-06 -0.00114 1 -0.0333614 -0.138526 0.190261
FixedParameters: 0 0 0

#Transform 56
Transform: AffineTransform_float_3_3
Parameters: 1 0.00107761 0.000325285 -0.00107839 0.999998 0.00119165 -0.000323715 -0.00119235 0.999999 -0.0278546 -0.130683 0.181681
FixedParameters: 0 0 0

#Transform 57
Transform: AffineTransform_float_3_3
Parameters: 0.999999 0.000854769 0.000168175 -0.00085523 0.999998 0.00137486 -0.000166824 -0.00137514 0.999999 -0.022547 -0.169022 0.143267
FixedParameters: 0 0 0

#Transform 58
Transform: AffineTransform_float_3_3
Parameters: 1 0.000976525 0.00041512 -0.000976476 0.999999 0.0011466 -0.00041388 -0.0011474 1 -0.0228192 -0.184356 0.142748
FixedParameters: 0 0 0

#Transform 59
Transform: AffineTransform_float_3_3
Parameters: 0.999999 0.000856874 0.000155695 -0.000857126 1 0.000810867 -0.000155305 -0.000811133 0.999999 -0.0274507 -0.174245 0.146333
FixedParameters: 0 0 0

#Transform 60
Transform: AffineTransform_float_3_3
Parameters: 0.999999 0.0010413 0.000708036 -0.0010417 0.999999 0.000994263 -0.000706965 -0.000994737 1 -0.0376979 -0.164207 0.121693
FixedParameters: 0 0 0

#Transform 61
Transform: AffineTransform_float_3_3
Parameters: 1 0.00109038 0.000450507 -0.00109162 0.999999 0.00138151 -0.000448493 -0.00138149 0.999999 -0.0293051 -0.198835 0.105001
FixedParameters: 0 0 0

#Transform 62
Transform: AffineTransform_float_3_3
Parameters: 0.999999 0.00109988 0.000702756 -0.00110112 0.999998 0.00159523 -0.000701245 -0.00159577 0.999999 -0.0277112 -0.201075 0.110823
FixedParameters: 0 0 0

#Transform 63
Transform: AffineTransform_float_3_3
Parameters: 0.999998 0.00148209 0.000803679 -0.00148291 0.999999 0.00113181 -0.000801322 -0.00113219 0.999999 -0.0361177 -0.23391 0.136958
FixedParameters: 0 0 0

#Transform 64
Transform: AffineTransform_float_3_3
Parameters: 0.999999 0.00127657 0.000649844 -0.00127743 0.999999 0.00066117 -0.000649155 -0.000661829 0.999999 -0.0304765 -0.250235 0.130587
FixedParameters: 0 0 0

#Transform 65
Transform: AffineTransform_float_3_3
Parameters: 1 0.00100668 0.000692464 -0.00100732 1 0.000460303 -0.000691535 -0.000461697 0.999999 -0.0352758 -0.216251 0.177705
FixedParameters: 0 0 0

#Transform 66
Transform: AffineTransform_float_3_3
Parameters: 0.999998 0.00108396 0.00121193 -0.00108504 0.999999 0.000859686 -0.00121107 -0.000860314 0.999999 -0.0474674 -0.221951 0.141879
FixedParameters: 0 0 0

#Transform 67
Transform: AffineTransform_float_3_3
Parameters: 0.999999 0.00150596 0.00105349 -0.00150704 0.999999 0.000986414 -0.00105151 -0.000988586 0.999999 -0.0469922 -0.250219 0.135544
FixedParameters: 0 0 0

#Transform 68
Transform: AffineTransform_float_3_3
Parameters: 0.999999 0.00142909 0.000673923 -0.00142991 0.999998 0.00134504 -0.000672076 -0.00134596 0.999999 -0.0454828 -0.269589 0.145373
FixedParameters: 0 0 0

#Transform 69
Transform: AffineTransform_float_3_3
Parameters: 0.999999 0.00132787 0.000688186 -0.00132913 0.999998 0.00164509 -0.000685813 -0.00164691 0.999999 -0.045664 -0.298795 0.14245
FixedParameters: 0 0 0

#Transform 70
Transform: AffineTransform_float_3_3
Parameters: 0.999999 0.00117648 0.00059103 -0.00117652 0.999999 0.000874306 -0.000589972 -0.000874695 1 -0.0453804 -0.350162 0.125421
FixedParameters: 0 0 0

#Transform 71
Transform: AffineTransform_float_3_3
Parameters: 0.999999 0.00110536 0.00064509 -0.00110664 0.999999 0.000985287 -0.00064391 -0.000985713 1 -0.0455197 -0.360673 0.122488
FixedParameters: 0 0 0

#Transform 72
Transform: AffineTransform_float_3_3
Parameters: 0.999999 0.00117436 0.000776968 -0.00117464 0.999999 0.000823088 -0.000776033 -0.000823912 1 -0.036379 -0.365893 0.115383
FixedParameters: 0 0 0

#Transform 73
Transform: AffineTransform_float_3_3
Parameters: 0.999999 0.00096743 0.00104053 -0.000967571 1 0.000547994 -0.00104047 -0.000549008 1 -0.0398922 -0.35545 0.149687
FixedParameters: 0 0 0

#Transform 74
Transform: AffineTransform_float_3_3
Parameters: 0.999999 0.000966375 0.000955633 -0.000967626 1 0.000654076 -0.000955367 -0.000654924 1 -0.0391095 -0.3748 0.161158
FixedParameters: 0 0 0

#Transform 75
Transform: AffineTransform_float_3_3
Parameters: 0.999999 0.00106331 0.000919804 -0.00106469 0.999999 0.000755022 -0.000919196 -0.000755978 1 -0.0417398 -0.372132 0.155785
FixedParameters: 0 0 0

#Transform 76
Transform: AffineTransform_float_3_3
Parameters: 0.999999 0.00106542 0.00106758 -0.00106758 0.999999 0.00148086 -0.00106542 -0.00148214 0.999999 -0.0472894 -0.389734 0.141634
FixedParameters: 0 0 0

#Transform 77
Transform: AffineTransform_float_3_3
Parameters: 0.999999 0.00106279 0.00112914 -0.00106421 0.999999 0.0010728 -0.00112786 -0.0010742 0.999999 -0.0475205 -0.377514 0.178331
FixedParameters: 0 0 0

#Transform 78
Transform: AffineTransform_float_3_3
Parameters: 0.999999 0.00111004 0.00103503 -0.00111096 0.999999 0.000924851 -0.00103397 -0.000926149 0.999999 -0.0472682 -0.390439 0.16671
FixedParameters: 0 0 0

#Transform 79
Transform: AffineTransform_float_3_3
Parameters: 0.999999 0.00112833 0.000756001 -0.00112867 0.999999 0.000886148 -0.000755 -0.000886853 1 -0.046004 -0.395478 0.18961
FixedParameters: 0 0 0

#Transform 80
Transform: AffineTransform_float_3_3
Parameters: 0.999999 0.00117025 0.000655347 -0.00117075 0.999998 0.00115023 -0.000653654 -0.00115077 0.999999 -0.0455889 -0.395753 0.218411
FixedParameters: 0 0 0

#Transform 81
Transform: AffineTransform_float_3_3
Parameters: 0.999999 0.00117727 0.000761133 -0.00117773 0.999999 0.000961105 -0.000759868 -0.000961896 0.999999 -0.0378057 -0.401001 0.247016
FixedParameters: 0 0 0

#Transform 82
Transform: AffineTransform_float_3_3
Parameters: 0.999999 0.00092399 0.000829128 -0.00092501 0.999999 0.00121923 -0.000827873 -0.00121977 0.999999 -0.0380984 -0.391521 0.271815
FixedParameters: 0 0 0

#Transform 83
Transform: AffineTransform_float_3_3
Parameters: 1 0.000891107 0.000562417 -0.000891895 0.999999 0.0015895 -0.000561582 -0.0015905 0.999998 -0.0272588 -0.396375 0.272503
FixedParameters: 0 0 0

#Transform 84
Transform: AffineTransform_float_3_3
Parameters: 1 0.000891568 0.00045485 -0.000892434 0.999999 0.000952595 -0.000454151 -0.000952406 1 -0.0369181 -0.425695 0.237238
FixedParameters: 0 0 0

#Transform 85
Transform: AffineTransform_float_3_3
Parameters: 0.999999 0.000458893 0.000727067 -0.000459107 1 0.000146666 -0.000726932 -0.000147334 0.999999 -0.0193144 -0.441218 0.217026
FixedParameters: 0 0 0

#Transform 86
Transform: AffineTransform_float_3_3
Parameters: 1 0.000312736 0.000810102 -0.000313265 1 0.000326746 -0.000809898 -0.000326253 0.999999 -0.0185765 -0.423186 0.256019
FixedParameters: 0 0 0

#Transform 87
Transform: AffineTransform_float_3_3
Parameters: 0.999999 0.000405938 0.000941025 -0.000406061 1 6.46179e-05 -0.000941973 -6.53824e-05 0.999999 -0.0212686 -0.422725 0.252943
FixedParameters: 0 0 0

#Transform 88
Transform: AffineTransform_float_3_3
Parameters: 1 0.000407347 0.00107925 -0.000407654 0.999999 0.00060556 -0.00107875 -0.00060544 0.999999 -0.01404 -0.43613 0.207347
FixedParameters: 0 0 0

#Transform 89
Transform: AffineTransform_float_3_3
Parameters: 0.999999 0.000496197 0.00117234 -0.000496802 0.999999 0.000684418 -0.00117166 -0.000685582 0.999999 -0.0152666 -0.456734 0.183971
FixedParameters: 0 0 0

#Transform 90
Transform: AffineTransform_float_3_3
Parameters: 0.999999 0.00056182 0.00113558 -0.000563181 1 0.00103936 -0.00113542 -0.00103964 0.999999 -0.0179281 -0.463858 0.181215
FixedParameters: 0 0 0

#Transform 91
Transform: AffineTransform_float_3_3
Parameters: 0.999999 0.000582677 0.00108871 -0.000584322 0.999999 0.00121536 -0.00108729 -0.00121563 0.999998 -0.0179842 -0.489152 0.167689
FixedParameters: 0 0 0

#Transform 92
Transform: AffineTransform_float_3_3
Parameters: 0.999999 0.000618971 0.00116655 -0.000620029 1 0.000882278 -0.00116545 -0.000882722 0.999999 -0.0171801 -0.499425 0.169147
FixedParameters: 0 0 0

#Transform 93
Transform: AffineTransform_float_3_3
Parameters: 0.999998 0.000907007 0.00184649 -0.000907994 1 0.000537325 -0.00184651 -0.000538676 0.999998 -0.00794447 -0.47519 0.181186
FixedParameters: 0 0 0

#Transform 94
Transform: AffineTransform_float_3_3
Parameters: 0.999997 0.00098092 0.0018926 -0.000984079 0.999998 0.00162714 -0.0018904 -0.00162886 0.999997 -0.00475968 -0.495782 0.185794
FixedParameters: 0 0 0

#Transform 95
Transform: AffineTransform_float_3_3
Parameters: 0.999997 0.000931146 0.00195384 -0.000935853 0.999997 0.00197218 -0.00195216 -0.00197382 0.999996 0.000619971 -0.483687 0.186448
FixedParameters: 0 0 0

#Transform 96
Transform: AffineTransform_float_3_3
Parameters: 0.999998 0.000575537 0.00186607 -0.000579463 0.999998 0.00185592 -0.00186493 -0.00185708 0.999996 0.00890676 -0.498967 0.186958
FixedParameters: 0 0 0

#Transform 97
Transform: AffineTransform_float_3_3
Parameters: 0.999998 0.000810653 0.00174955 -0.000814349 0.999998 0.00191358 -0.00174844 -0.00191442 0.999996 0.0092484 -0.53066 0.166613
FixedParameters: 0 0 0

#Transform 98
Transform: AffineTransform_float_3_3
Parameters: 0.999999 0.000750617 0.00160958 -0.000753383 0.999997 0.00210179 -0.00160842 -0.00210321 0.999997 0.00979128 -0.556729 0.178132
FixedParameters: 0 0 0

#Transform 99
Transform: AffineTransform_float_3_3
Parameters: 0.999998 0.000585362 0.00151802 -0.000587638 0.999999 0.00173811 -0.00151698 -0.00173889 0.999998 0.0101596 -0.573917 0.1393
FixedParameters: 0 0 0

#Transform 100
Transform: AffineTransform_float_3_3
Parameters: 0.999998 0.000522228 0.00155194 -0.000524772 0.999999 0.00178619 -0.00155106 -0.00178681 0.999997 0.0100147 -0.588501 0.155985
FixedParameters: 0 0 0

#Transform 101
Transform: AffineTransform_float_3_3
Parameters: 0.999999 0.00024896 0.0015165 -0.00025204 0.999998 0.00200562 -0.0015155 -0.00200538 0.999997 0.0104503 -0.580726 0.145574
FixedParameters: 0 0 0

#Transform 102
Transform: AffineTransform_float_3_3
Parameters: 0.999998 0.000447974 0.00185422 -0.000453026 0.999996 0.00271116 -0.00185278 -0.00271183 0.999994 0.0172604 -0.570706 0.13813
FixedParameters: 0 0 0

#Transform 103
Transform: AffineTransform_float_3_3
Parameters: 0.999998 0.000377054 0.0016609 -0.000380942 0.999997 0.00237537 -0.0016591 -0.00237663 0.999996 0.0141729 -0.589053 0.100464
FixedParameters: 0 0 0

#Transform 104
Transform: AffineTransform_float_3_3
Parameters: 0.999997 0.000435364 0.00236405 -0.000440636 0.999997 0.00238397 -0.00236296 -0.00238504 0.999995 0.0156903 -0.603051 0.0717565
FixedParameters: 0 0 0

#Transform 105
Transform: AffineTransform_float_3_3
Parameters: 0.999997 0.000350862 0.00213302 -0.000357138 0.999996 0.00287824 -0.00213198 -0.00287875 0.999993 0.030412 -0.631893 0.0686848
FixedParameters: 0 0 0

#Transform 106
Transform: AffineTransform_float_3_3
Parameters: 0.999998 0.000573043 0.00189581 -0.000578957 0.999995 0.00314291 -0.00189419 -0.00314409 0.999994 0.0296291 -0.659105 0.0684526
FixedParameters: 0 0 0

#Transform 107
Transform: AffineTransform_float_3_3
Parameters: 0.999998 0.000398361 0.00198314 -0.000403639 0.999996 0.0028442 -0.00198186 -0.00284479 0.999994 0.0370477 -0.663481 0.0233669
FixedParameters: 0 0 0

#Transform 108
Transform: AffineTransform_float_3_3
Parameters: 0.999997 0.000179325 0.00236344 -0.000184673 0.999997 0.00240057 -0.00236256 -0.00240143 0.999995 0.0456212 -0.656046 0.041297
FixedParameters: 0 0 0

#Transform 109
Transform: AffineTransform_float_3_3
Parameters: 0.999996 0.00060036 0.00271815 -0.00060964 0.999993 0.00354736 -0.00271585 -0.00354864 0.99999 0.0339833 -0.642509 0.0976045
FixedParameters: 0 0 0

#Transform 110
Transform: AffineTransform_float_3_3
Parameters: 0.999997 0.000949183 0.00229525 -0.000956821 0.999993 0.00340781 -0.00229275 -0.00340918 0.999991 0.0288227 -0.655624 0.0964619
FixedParameters: 0 0 0

#Transform 111
Transform: AffineTransform_float_3_3
Parameters: 0.999997 0.000801782 0.00222498 -0.000810218 0.999993 0.00369521 -0.00222202 -0.00369679 0.99999 0.0358163 -0.697078 0.0911946
FixedParameters: 0 0 0

#Transform 112
Transform: AffineTransform_float_3_3
Parameters: 0.999997 0.0011553 0.00246509 -0.0011637 0.999993 0.00352914 -0.00246091 -0.00353186 0.99999 0.0292249 -0.708689 0.117299
FixedParameters: 0 0 0

#Transform 113
Transform: AffineTransform_float_3_3
Parameters: 0.999997 0.00115605 0.00247174 -0.00116396 0.999994 0.00321913 -0.00246826 -0.00322187 0.999992 0.027892 -0.70583 0.11811
FixedParameters: 0 0 0

#Transform 114
Transform: AffineTransform_float_3_3
Parameters: 0.999996 0.00115653 0.00237066 -0.00116347 0.999995 0.00315325 -0.00236634 -0.00315675 0.999992 0.0199508 -0.699008 0.128944
FixedParameters: 0 0 0

#Transform 115
Transform: AffineTransform_float_3_3
Parameters: 0.999996 0.00137784 0.00237135 -0.00138717 0.999991 0.00386672 -0.00236665 -0.00387027 0.999989 0.0190782 -0.711266 0.148639
FixedParameters: 0 0 0

#Transform 116
Transform: AffineTransform_float_3_3
Parameters: 0.999996 0.00126938 0.00252236 -0.00127762 0.999994 0.00341979 -0.00251764 -0.00342321 0.999991 0.0284461 -0.688648 0.136684
FixedParameters: 0 0 0

#Transform 117
Transform: AffineTransform_float_3_3
Parameters: 0.999996 0.00145065 0.00237512 -0.00145835 0.999992 0.00351755 -0.00236988 -0.00352145 0.999991 0.0289725 -0.699805 0.171618
FixedParameters: 0 0 0

#Transform 118
Transform: AffineTransform_float_3_3
Parameters: 0.999996 0.00130468 0.00246243 -0.00131332 0.999994 0.00337978 -0.00245757 -0.00338322 0.999992 0.0288463 -0.693927 0.207577
FixedParameters: 0 0 0

#Transform 119
Transform: AffineTransform_float_3_3
Parameters: 0.999996 0.0012976 0.00257376 -0.0013074 0.999993 0.00365465 -0.00256924 -0.00365735 0.99999 0.0362904 -0.728845 0.217532
FixedParameters: 0 0 0

#Transform 120
Transform: AffineTransform_float_3_3
Parameters: 0.999996 0.00115513 0.00252208 -0.00116387 0.999993 0.00351808 -0.00251792 -0.00352092 0.99999 0.0393318 -0.763179 0.180707
FixedParameters: 0 0 0

#Transform 121
Transform: AffineTransform_float_3_3
Parameters: 0.999996 0.00115521 0.00284159 -0.00116379 0.999994 0.00309571 -0.00283741 -0.00309829 0.999991 0.0452493 -0.768789 0.147667
FixedParameters: 0 0 0

#Transform 122
Transform: AffineTransform_float_3_3
Parameters: 0.999996 0.00122711 0.00279947 -0.00123489 0.999996 0.00281956 -0.00279553 -0.00282344 0.999992 0.0512158 -0.781314 0.138144
FixedParameters: 0 0 0

#Transform 123
Transform: AffineTransform_float_3_3
Parameters: 0.999996 0.00148649 0.00262185 -0.00149451 0.999993 0.0032471 -0.00261716 -0.0032509 0.999992 0.0419496 -0.781018 0.161353
FixedParameters: 0 0 0

#Transform 124
Transform: AffineTransform_float_3_3
Parameters: 0.999995 0.00162113 0.00262226 -0.00162788 0.999995 0.00262174 -0.00261874 -0.00262626 0.999993 0.0518479 -0.812137 0.16722
FixedParameters: 0 0 0

#Transform 125
Transform: AffineTransform_float_3_3
Parameters: 0.999985 0.00162471 0.00532901 -0.0016283 0.999999 0.000614332 -0.00532799 -0.000622666 0.999985 0.0213484 -0.740272 0.24083
FixedParameters: 0 0 0

#Transform 126
Transform: AffineTransform_float_3_3
Parameters: 0.999986 0.00162527 0.00493689 -0.00162772 0.999998 0.000547971 -0.0049361 -0.00055603 0.999987 0.0229846 -0.739849 0.263205
FixedParameters: 0 0 0

#Transform 127
Transform: AffineTransform_float_3_3
Parameters: 0.999991 0.00162595 0.00409181 -0.00162805 0.999998 0.000497343 -0.00409019 -0.000503655 0.999991 0.0262724 -0.781689 0.199126
FixedParameters: 0 0 0

#Transform 128
Transform: AffineTransform_float_3_3
Parameters: 0.999992 0.00183012 0.00352954 -0.00183488 0.999998 0.00138053 -0.00352746 -0.00138647 0.999993 0.00461941 -0.797281 0.219641
FixedParameters: 0 0 0

#Transform 129
Transform: AffineTransform_float_3_3
Parameters: 0.999992 0.00167252 0.00359969 -0.00167448 0.999998 0.000406976 -0.00359932 -0.000413023 0.999994 0.0158692 -0.801511 0.234293
FixedParameters: 0 0 0

#Transform 130
Transform: AffineTransform_float_3_3
Parameters: 0.999992 0.00146013 0.00354177 -0.00146287 0.999999 0.000525822 -0.00354122 -0.000531174 0.999993 0.00232388 -0.800208 0.254207
FixedParameters: 0 0 0

#Transform 131
Transform: AffineTransform_float_3_3
Parameters: 0.999993 0.00169355 0.00337623 -0.00169645 0.999999 0.000722278 -0.00337477 -0.000727721 0.999994 0.00755668 -0.823965 0.228001
FixedParameters: 0 0 0

#Transform 132
Transform: AffineTransform_float_3_3
Parameters: 0.999994 0.00186872 0.00312877 -0.00186928 0.999998 0.000407154 -0.00312724 -0.000412847 0.999995 0.00785829 -0.840464 0.220871
FixedParameters: 0 0 0

#Transform 133
Transform: AffineTransform_float_3_3
Parameters: 0.999993 0.00186702 0.00305482 -0.00186998 0.999998 0.000974293 -0.00305317 -0.000979706 0.999995 -0.000938432 -0.829682 0.233831
FixedParameters: 0 0 0

#Transform 134
Transform: AffineTransform_float_3_3
Parameters: 0.999994 0.00199391 0.00303935 -0.0019991 0.999997 0.00167394 -0.00303665 -0.00168007 0.999994 -0.00179677 -0.844792 0.214884
FixedParameters: 0 0 0

#Transform 135
Transform: AffineTransform_float_3_3
Parameters: 0.999994 0.00186625 0.00268561 -0.00186975 0.999998 0.00139499 -0.00268239 -0.00140001 0.999996 0.00883304 -0.892061 0.181058
FixedParameters: 0 0 0

#Transform 136
Transform: AffineTransform_float_3_3
Parameters: 0.999994 0.00186531 0.00266728 -0.00186969 0.999996 0.00175602 -0.00266472 -0.00176098 0.999995 0.00344547 -0.875789 0.223278
FixedParameters: 0 0 0

#Transform 137
Transform: AffineTransform_float_3_3
Parameters: 0.999995 0.00220996 0.00232385 -0.00221404 0.999996 0.00173886 -0.00232015 -0.00174414 0.999996 -0.000224601 -0.879612 0.249697
FixedParameters: 0 0 0

#Transform 138
Transform: AffineTransform_float_3_3
Parameters: 0.999995 0.00218465 0.00228421 -0.00218735 0.999996 0.00146601 -0.00228179 -0.00147099 0.999997 0.00207412 -0.884496 0.249613
FixedParameters: 0 0 0

#Transform 139
Transform: AffineTransform_float_3_3
Parameters: 0.999996 0.00223243 0.00201996 -0.00223557 0.999996 0.00176849 -0.00201605 -0.00177351 0.999997 0.0040048 -0.905647 0.228866
FixedParameters: 0 0 0

#Transform 140
Transform: AffineTransform_float_3_3
Parameters: 0.999996 0.00172859 0.00251535 -0.00173241 0.999997 0.00135465 -0.00251265 -0.00135835 0.999996 0.0158998 -0.933394 0.16798
FixedParameters: 0 0 0

#Transform 141
Transform: AffineTransform_float_3_3
Parameters: 0.999995 0.00169718 0.00237973 -0.00170082 0.999998 0.00160496 -0.00237627 -0.00160804 0.999996 0.0163265 -0.965305 0.150387
FixedParameters: 0 0 0

#Transform 142
Transform: AffineTransform_float_3_3
Parameters: 0.999996 0.00166698 0.00222826 -0.00167002 0.999997 0.00135528 -0.00222574 -0.00135871 0.999996 0.0292513 -0.984049 0.16216
FixedParameters: 0 0 0

#Transform 143
Transform: AffineTransform_float_3_3
Parameters: 0.999996 0.0018747 0.00220381 -0.0018783 0.999997 0.00149687 -0.00220119 -0.00150013 0.999997 0.040178 -1.00246 0.149702
FixedParameters: 0 0 0

#Transform 144
Transform: AffineTransform_float_3_3
Parameters: 0.999996 0.00171617 0.00223541 -0.00171783 0.999998 0.000817163 -0.00223359 -0.000820837 0.999997 0.0278258 -0.995308 0.238016
FixedParameters: 0 0 0

#Transform 145
Transform: AffineTransform_float_3_3
Parameters: 0.999996 0.00212509 0.00186503 -0.0021259 0.999997 0.000483037 -0.00186397 -0.000486963 0.999998 0.0303409 -0.980788 0.291091
FixedParameters: 0 0 0

#Transform 146
Transform: AffineTransform_float_3_3
Parameters: 0.999996 0.00212534 0.00183777 -0.00212666 0.999997 0.000358093 -0.00183724 -0.000361906 0.999998 0.0247684 -0.981439 0.267562
FixedParameters: 0 0 0

#Transform 147
Transform: AffineTransform_float_3_3
Parameters: 0.999996 0.00212643 0.00151639 -0.00212657 0.999997 -0.000286226 -0.0015176 0.000282774 0.999999 0.0311139 -1.03427 0.231506
FixedParameters: 0 0 0

#Transform 148
Transform: AffineTransform_float_3_3
Parameters: 0.999997 0.00212598 0.00124103 -0.00212602 0.999997 1.43616e-05 -0.00124097 -1.66383e-05 0.999999 0.0324182 -1.00612 0.234135
FixedParameters: 0 0 0

#Transform 149
Transform: AffineTransform_float_3_3
Parameters: 0.999997 0.00212558 0.00128369 -0.00212641 0.999997 0.000322271 -0.00128331 -0.000324729 0.999999 0.0321864 -1.02254 0.239047
FixedParameters: 0 0 0

#Transform 150
Transform: AffineTransform_float_3_3
Parameters: 0.999997 0.00212498 0.00122278 -0.00212603 0.999998 0.000838403 -0.00122122 -0.000840598 0.999999 0.0344447 -1.03546 0.246916
FixedParameters: 0 0 0

#Transform 151
Transform: AffineTransform_float_3_3
Parameters: 0.999997 0.00212498 0.0012138 -0.00212603 0.999998 0.000843422 -0.0012122 -0.000846579 0.999999 0.0270414 -1.04551 0.260391
FixedParameters: 0 0 0

#Transform 152
Transform: AffineTransform_float_3_3
Parameters: 0.999997 0.0021249 0.00115802 -0.0021261 0.999998 0.000948541 -0.00115598 -0.000951459 0.999999 0.0186784 -1.06209 0.250732
FixedParameters: 0 0 0

#Transform 153
Transform: AffineTransform_float_3_3
Parameters: 0.999997 0.00227688 0.00100454 -0.00227812 0.999997 0.00111271 -0.00100246 -0.00111429 0.999999 0.0331318 -1.06626 0.287901
FixedParameters: 0 0 0

#Transform 154
Transform: AffineTransform_float_3_3
Parameters: 0.999998 0.00212504 0.000970115 -0.00212597 0.999997 0.000993941 -0.000967885 -0.00099606 0.999999 0.0201914 -1.10131 0.246107
FixedParameters: 0 0 0

#Transform 155
Transform: AffineTransform_float_3_3
Parameters: 0.999997 0.00221764 0.00104277 -0.00221736 0.999997 0.000344689 -0.00104223 -0.000347312 1 0.0320943 -1.12359 0.214709
FixedParameters: 0 0 0
