#Insight Transform File V1.0
#Transform 0
Transform: AffineTransform_float_3_3
Parameters: 0.999997 -0.000461447 -0.00261118 0.000451556 0.999992 -0.00399919 0.00261283 0.00399881 0.999988 0.112866 0.0547903 -0.0616688
FixedParameters: 0 0 0

#Transform 1
Transform: AffineTransform_float_3_3
Parameters: 0.999998 0.000386212 -0.00159191 -0.000393788 0.999988 -0.00489438 0.00159009 0.00489562 0.999987 0.0657516 0.063395 -0.0225691
FixedParameters: 0 0 0

#Transform 2
Transform: AffineTransform_float_3_3
Parameters: 0.999999 0.00025088 -0.00126564 -0.000259124 0.99998 -0.00642068 0.00126436 0.00642032 0.999978 0.0367305 0.00273994 -0.192485
FixedParameters: 0 0 0

#Transform 3
Transform: AffineTransform_float_3_3
Parameters: 0.999999 0.00012565 -0.000767067 -0.000132349 0.999965 -0.0082839 0.00076593 0.0082841 0.999966 0.0329164 -0.0268918 -0.264306
FixedParameters: 0 0 0

#Transform 4
Transform: AffineTransform_float_3_3
Parameters: 0.999999 -0.000104759 -0.000783251 9.92428e-05 0.999973 -0.00734908 0.00078375 0.00734892 0.999972 0.0204915 -0.0159934 -0.232743
FixedParameters: 0 0 0

#Transform 5
Transform: AffineTransform_float_3_3
Parameters: 1 0.000222722 -5.02476e-05 -0.000223282 0.999985 -0.00559799 4.97509e-05 0.00559801 0.999985 0.0341486 -0.00619065 -0.146976
FixedParameters: 0 0 0

#Transform 6
Transform: AffineTransform_float_3_3
Parameters: 1 0.000223564 0.000382089 -0.000222436 0.999991 -0.00409008 -0.000382913 0.00408991 0.999991 0.0123318 0.0110181 -0.131978
FixedParameters: 0 0 0

#Transform 7
Transform: AffineTransform_float_3_3
Parameters: 1 1.04642e-05 7.39358e-05 -1.05354e-05 0.999981 -0.006275 -7.40676e-05 0.006275 0.999981 0.0175474 0.00564268 -0.239635
FixedParameters: 0 0 0

#Transform 8
Transform: AffineTransform_float_3_3
Parameters: 1 -0.000524439 -0.000264162 0.000523562 0.999985 -0.00541814 0.000266841 0.00541786 0.999986 0.0393372 0.0233816 -0.141223
FixedParameters: 0 0 0

#Transform 9
Transform: AffineTransform_float_3_3
Parameters: 1 -0.000446879 -0.000163618 0.000445124 0.999985 -0.00533607 0.000165377 0.00533592 0.999985 0.0212199 0.0391094 -0.120383
FixedParameters: 0 0 0

#Transform 10
Transform: AffineTransform_float_3_3
Parameters: 0.999999 -0.00076855 -0.00056555 0.000766447 0.999989 -0.00449643 0.000569452 0.00449656 0.999989 0.00418897 0.0618729 -0.120543
FixedParameters: 0 0 0

#Transform 11
Transform: AffineTransform_float_3_3
Parameters: 1 -4.93512e-05 -0.00111586 4.56484e-05 0.999996 -0.00300305 0.00111614 0.00300295 0.999995 -0.0162208 0.0290484 -0.0152902
FixedParameters: 0 0 0

#Transform 12
Transform: AffineTransform_float_3_3
Parameters: 1 1.49198e-05 -3.30363e-05 -1.50801e-05 0.999997 -0.002428 3.29635e-05 0.002428 0.999997 -0.0246069 0.0401082 0.00230705
FixedParameters: 0 0 0

#Transform 13
Transform: AffineTransform_float_3_3
Parameters: 1 -0.000115339 -0.00013471 0.00011566 0.999997 -0.00251401 0.000135291 0.00251398 0.999997 -0.024494 0.0406443 -0.0204122
FixedParameters: 0 0 0

#Transform 14
Transform: AffineTransform_float_3_3
Parameters: 1 7.34174e-05 0.000243875 -7.25824e-05 0.999999 -0.00171102 -0.000244125 0.00171098 0.999999 -0.0265898 -0.0431195 -0.162929
FixedParameters: 0 0 0

#Transform 15
Transform: AffineTransform_float_3_3
Parameters: 1 -0.000305417 -0.000171259 0.000304581 0.999997 -0.00242805 0.00017274 0.00242795 0.999997 -0.0170869 -0.0242218 -0.143668
FixedParameters: 0 0 0

#Transform 16
Transform: AffineTransform_float_3_3
Parameters: 1 0.000104481 -0.000310175 -0.00010452 0.999998 -0.00167197 0.000310826 0.00167203 0.999998 -0.0135671 0.0258079 -0.0553114
FixedParameters: 0 0 0

#Transform 17
Transform: AffineTransform_float_3_3
Parameters: 1 -8.50522e-05 -0.000212979 8.49478e-05 1 -0.000245018 0.000213021 0.000244982 1 0.00428564 0.0517241 0.0706015
FixedParameters: 0 0 0

#Transform 18
Transform: AffineTransform_float_3_3
Parameters: 1 0.000306073 -0.000307927 -0.000305927 1 0.000238094 0.000307073 -0.000237906 1 0.00426788 0.0482412 0.132505
FixedParameters: 0 0 0

#Transform 19
Transform: AffineTransform_float_3_3
Parameters: 1 0.000104996 -0.000154003 -0.000105004 1 -2.59838e-05 0.000153997 2.60162e-05 1 -0.00583879 0.0288713 0.089928
FixedParameters: 0 0 0

#Transform 20
Transform: AffineTransform_float_3_3
Parameters: 1 0.000105089 9.59024e-05 -0.000104911 0.999999 -0.000929009 -9.60975e-05 0.000928989 0.999999 -0.00496633 -0.0251075 -0.00744222
FixedParameters: 0 0 0

#Transform 21
Transform: AffineTransform_float_3_3
Parameters: 0.999999 -7.9568e-06 -0.00077099 6.04318e-06 0.999999 -0.00124101 0.000771008 0.00124099 0.999999 0.00119181 -0.0038488 0.0478425
FixedParameters: 0 0 0

#Transform 22
Transform: AffineTransform_float_3_3
Parameters: 0.999999 0.000626295 -0.00117191 -0.000627704 0.999998 -0.00145427 0.00117109 0.00145573 0.999999 0.0203422 0.0165964 0.0586612
FixedParameters: 0 0 0

#Transform 23
Transform: AffineTransform_float_3_3
Parameters: 0.999999 0.000521707 -0.00117158 -0.000523294 1 -0.00110439 0.00117042 0.00110461 0.999998 0.0276013 0.00134219 -0.0129288
FixedParameters: 0 0 0

#Transform 24
Transform: AffineTransform_float_3_3
Parameters: 0.999999 -1.94513e-05 0.00123098 1.7551e-05 1 0.00117802 -0.00123002 -0.00117898 0.999998 0.049453 0.00288427 0.067585
FixedParameters: 0 0 0

#Transform 25
Transform: AffineTransform_float_3_3
Parameters: 0.999999 0.00172513 -0.000283189 -0.00172487 0.999999 0.000470489 0.00028481 -0.000469509 1 -0.00464656 -0.0276109 0.0430943
FixedParameters: 0 0 0

#Transform 26
Transform: AffineTransform_float_3_3
Parameters: 0.999999 0.00172555 0.000290749 -0.00172445 0.999996 -0.0018845 -0.000293249 0.0018835 0.999998 0.0111787 -0.0449024 0.0503487
FixedParameters: 0 0 0

#Transform 27
Transform: AffineTransform_float_3_3
Parameters: 0.999998 0.00130617 0.0010403 -0.00130782 0.999997 0.00175664 -0.0010377 -0.00175736 0.999998 0.00689985 0.00068042 0.184125
FixedParameters: 0 0 0

#Transform 28
Transform: AffineTransform_float_3_3
Parameters: 0.999999 0.00131388 0.0006393 -0.00131512 0.999997 0.00174916 -0.0006377 -0.00174984 0.999999 -0.00470823 -0.0168246 0.111037
FixedParameters: 0 0 0

#Transform 29
Transform: AffineTransform_float_3_3
Parameters: 0.999999 0.00130739 0.000317505 -0.00130761 0.999998 0.00191559 -0.000315496 -0.00191542 0.999998 -0.00351272 -0.0334619 0.067369
FixedParameters: 0 0 0

#Transform 30
Transform: AffineTransform_float_3_3
Parameters: 1 0.000663895 6.11486e-05 -0.000664105 0.999999 0.00172996 -5.98511e-05 -0.00173004 0.999998 0.0139152 -0.0119912 0.00364246
FixedParameters: 0 0 0

#Transform 31
Transform: AffineTransform_float_3_3
Parameters: 1 0.000218723 -0.000214265 -0.000218278 0.999995 0.00336605 0.000214736 -0.00336596 0.999995 0.00315763 0.0448871 0.0299889
FixedParameters: 0 0 0

#Transform 32
Transform: AffineTransform_float_3_3
Parameters: 0.999999 0.000897244 0.000191572 -0.000897752 0.999991 0.00397983 -0.000187429 -0.00397917 0.999992 -0.0101794 0.041074 0.116969
FixedParameters: 0 0 0

#Transform 33
Transform: AffineTransform_float_3_3
Parameters: 0.999999 0.00175944 0.0001932 -0.00175956 0.999994 0.00295466 -0.000187803 -0.00295433 0.999995 -0.00138178 0.0119933 0.123007
FixedParameters: 0 0 0

#Transform 34
Transform: AffineTransform_float_3_3
Parameters: 0.999997 0.00175431 -0.00124604 -0.00175968 0.999988 -0.00457582 0.00123796 0.00457818 0.999989 -0.0104146 -0.0500779 0.0932285
FixedParameters: 0 0 0

#Transform 35
Transform: AffineTransform_float_3_3
Parameters: 0.999997 0.00120285 0.00181277 -0.00121015 0.999992 0.00394982 -0.00180823 -0.00395218 0.99999 0.00481453 0.011926 0.0629717
FixedParameters: 0 0 0

#Transform 36
Transform: AffineTransform_float_3_3
Parameters: 0.999997 0.00130435 0.00180991 -0.00130765 0.999998 0.00146464 -0.00180809 -0.00146636 0.999998 0.0124175 -0.00459279 -0.0180017
FixedParameters: 0 0 0

#Transform 37
Transform: AffineTransform_float_3_3
Parameters: 0.999996 0.00210865 0.00178959 -0.00211035 0.999998 0.000753227 -0.00178741 -0.000756772 0.999998 -0.0015177 0.0167205 0.0302538
FixedParameters: 0 0 0

#Transform 38
Transform: AffineTransform_float_3_3
Parameters: 0.999997 0.00205372 0.00169455 -0.00205428 0.999997 0.000753522 -0.00169345 -0.00075648 0.999999 -0.000695651 0.0272312 0.0302652
FixedParameters: 0 0 0

#Transform 39
Transform: AffineTransform_float_3_3
Parameters: 0.999996 0.001601 0.00206377 -0.00160199 0.999998 0.000480695 -0.00206323 -0.000483305 0.999998 0.0388712 0.0140413 -0.0191675
FixedParameters: 0 0 0

#Transform 40
Transform: AffineTransform_float_3_3
Parameters: 0.999995 0.00196529 0.00227734 -0.00196871 0.999998 0.00118952 -0.00227465 -0.00119448 0.999996 0.00624302 0.0277025 0.0400267
FixedParameters: 0 0 0

#Transform 41
Transform: AffineTransform_float_3_3
Parameters: 0.999995 0.00190611 0.00255391 -0.00190989 0.999997 0.00152113 -0.00255109 -0.00152687 0.999995 0.00843567 0.00890171 0.0531561
FixedParameters: 0 0 0

#Transform 42
Transform: AffineTransform_float_3_3
Parameters: 0.999968 0.00782419 0.00161041 -0.00783382 0.99995 0.00617758 -0.00156259 -0.00618942 0.999979 -0.0727725 0.0271136 0.0785001
FixedParameters: 0 0 0

#Transform 43
Transform: AffineTransform_float_3_3
Parameters: 0.999987 0.00336073 0.00379824 -0.00337927 0.999982 0.00481323 -0.00378176 -0.00482577 0.999981 0.0172228 0.00124954 0.00400408
FixedParameters: 0 0 0

#Transform 44
Transform: AffineTransform_float_3_3
Parameters: 0.999988 0.00318684 0.00365913 -0.00320316 0.999985 0.00441833 -0.00364486 -0.00442967 0.999983 0.00775806 -0.029632 -0.040323
FixedParameters: 0 0 0

#Transform 45
Transform: AffineTransform_float_3_3
Parameters: 0.999988 0.00307178 0.00361627 -0.00308521 0.999988 0.00365488 -0.00360473 -0.00366611 0.999987 -0.00638535 -0.0532686 -0.0793105
FixedParameters: 0 0 0

#Transform 46
Transform: AffineTransform_float_3_3
Parameters: 0.999989 0.00300375 0.00380051 -0.00301625 0.99999 0.00348558 -0.00379049 -0.00349743 0.999986 0.0193608 -0.0708872 -0.044886
FixedParameters: 0 0 0

#Transform 47
Transform: AffineTransform_float_3_3
Parameters: 0.99999 0.00335465 0.00316109 -0.00336635 0.999988 0.00359339 -0.00314891 -0.0036036 0.999988 0.00846948 -0.068794 -0.0737754
FixedParameters: 0 0 0

#Transform 48
Transform: AffineTransform_float_3_3
Parameters: 0.999991 0.00305303 0.00316255 -0.00306698 0.999986 0.00442235 -0.00314946 -0.00443166 0.999985 0.00728266 -0.0431838 -0.0560653
FixedParameters: 0 0 0

#Transform 49
Transform: AffineTransform_float_3_3
Parameters: 0.999991 0.00282395 0.00316161 -0.00283805 0.999986 0.00444907 -0.00314939 -0.00445793 0.999985 0.00487308 -0.0147499 0.0688015
FixedParameters: 0 0 0

#Transform 50
Transform: AffineTransform_float_3_3
Parameters: 0.999992 0.00199515 0.003307 -0.00200985 0.999988 0.00449338 -0.00329799 -0.00449961 0.999984 -0.00608375 -0.0368282 0.0417239
FixedParameters: 0 0 0

#Transform 51
Transform: AffineTransform_float_3_3
Parameters: 0.999992 0.00205524 0.00347059 -0.00206776 0.999991 0.00367585 -0.00346342 -0.00368315 0.999987 -0.0165457 -0.0867733 -0.0636449
FixedParameters: 0 0 0

#Transform 52
Transform: AffineTransform_float_3_3
Parameters: 0.999993 0.00190741 0.00315543 -0.00191759 0.999992 0.00335697 -0.00314958 -0.00336303 0.99999 -0.0139128 -0.0524076 -0.0386305
FixedParameters: 0 0 0

#Transform 53
Transform: AffineTransform_float_3_3
Parameters: 0.999993 0.00212286 0.00315651 -0.00213413 0.999991 0.00352729 -0.00314948 -0.00353471 0.999989 -0.0285679 -0.0252999 0.0487062
FixedParameters: 0 0 0

#Transform 54
Transform: AffineTransform_float_3_3
Parameters: 0.999993 0.00183077 0.00329451 -0.00184623 0.999987 0.00462495 -0.00328649 -0.00463105 0.999984 -0.0425847 -0.0219043 0.149652
FixedParameters: 0 0 0

#Transform 55
Transform: AffineTransform_float_3_3
Parameters: 0.999994 0.00177851 0.0029749 -0.00179049 0.999991 0.0038647 -0.0029681 -0.0038693 0.999988 -0.0495802 -0.0458826 0.0706691
FixedParameters: 0 0 0

#Transform 56
Transform: AffineTransform_float_3_3
Parameters: 0.999995 0.00159348 0.00250089 -0.00159752 0.999997 0.00180801 -0.00249811 -0.00181199 0.999995 -0.0441485 -0.107031 -0.0423841
FixedParameters: 0 0 0

#Transform 57
Transform: AffineTransform_float_3_3
Parameters: 0.999997 0.00158662 0.00197172 -0.00158938 0.999998 0.00171187 -0.00196928 -0.00171513 0.999996 -0.0235553 -0.0876677 0.00301685
FixedParameters: 0 0 0

#Transform 58
Transform: AffineTransform_float_3_3
Parameters: 0.999997 0.00191432 0.00136218 -0.00191768 0.999994 0.0027034 -0.00135682 -0.0027066 0.999996 -0.0462468 -0.0676309 -0.0331668
FixedParameters: 0 0 0

#Transform 59
Transform: AffineTransform_float_3_3
Parameters: 0.999996 0.00183066 0.00240286 -0.00185835 0.999928 0.0118466 -0.00238115 -0.0118514 0.999927 0.00715782 0.113894 0.271393
FixedParameters: 0 0 0

#Transform 60
Transform: AffineTransform_float_3_3
Parameters: 0.999992 0.00141499 0.00378508 -0.00150301 0.999726 0.0233505 -0.00375092 -0.0233565 0.99972 -0.00452734 0.190193 0.443313
FixedParameters: 0 0 0

#Transform 61
Transform: AffineTransform_float_3_3
Parameters: 0.999993 0.00114276 0.0035879 -0.00122424 0.999741 0.0227218 -0.0035611 -0.0227262 0.999736 -0.000754045 0.197435 0.495624
FixedParameters: 0 0 0

#Transform 62
Transform: AffineTransform_float_3_3
Parameters: 0.999992 0.00115661 0.00382282 -0.0012594 0.999631 0.0271554 -0.00379019 -0.0271606 0.999624 0.00660742 0.239767 0.650977
FixedParameters: 0 0 0

#Transform 63
Transform: AffineTransform_float_3_3
Parameters: 0.999986 0.00211963 0.0047223 -0.00228035 0.999412 0.0342167 -0.00464668 -0.0342273 0.999404 0.0464291 0.400165 1.44921
FixedParameters: 0 0 0

#Transform 64
Transform: AffineTransform_float_3_3
Parameters: 0.999992 0.00178013 0.00341721 -0.00182388 0.999916 0.0128769 -0.00339479 -0.0128831 0.999911 -0.00572592 0.213068 0.32531
FixedParameters: 0 0 0

#Transform 65
Transform: AffineTransform_float_3_3
Parameters: 0.999994 0.000999079 0.00324585 -0.00104292 0.999907 0.0135587 -0.00323216 -0.0135613 0.999903 0.00175076 0.20442 0.250017
FixedParameters: 0 0 0

#Transform 66
Transform: AffineTransform_float_3_3
Parameters: 0.999977 0.00183632 0.00645041 -0.00196269 0.999804 0.0196878 -0.00641359 -0.0197002 0.999786 0.0435902 0.284822 0.375723
FixedParameters: 0 0 0

#Transform 67
Transform: AffineTransform_float_3_3
Parameters: 0.999981 0.00120294 0.00601393 -0.00136605 0.999629 0.0271823 -0.00597907 -0.0271907 0.999613 0.0302465 0.290034 0.483478
FixedParameters: 0 0 0

#Transform 68
Transform: AffineTransform_float_3_3
Parameters: 0.999989 0.00148072 0.00440449 -0.0016063 0.999583 0.0288072 -0.00436053 -0.0288138 0.999576 0.0515504 0.336649 0.542541
FixedParameters: 0 0 0

#Transform 69
Transform: AffineTransform_float_3_3
Parameters: 0.99999 0.00112931 0.00447842 -0.00127171 0.999488 0.0319877 -0.00444059 -0.0319934 0.999478 0.0586477 0.386081 0.619763
FixedParameters: 0 0 0

#Transform 70
Transform: AffineTransform_float_3_3
Parameters: 0.999989 0.0014676 0.00443614 -0.0016144 0.999448 0.0331812 -0.00438484 -0.0331878 0.999439 0.0650738 0.424218 0.718064
FixedParameters: 0 0 0

#Transform 71
Transform: AffineTransform_float_3_3
Parameters: 0.999987 0.00109505 0.00511239 -0.00126093 0.999468 0.03257 -0.00507362 -0.032576 0.999457 0.0827997 0.385038 0.572822
FixedParameters: 0 0 0

#Transform 72
Transform: AffineTransform_float_3_3
Parameters: 0.999992 0.000623669 0.0037701 -0.000740329 0.999521 0.0309344 -0.00374889 -0.0309366 0.999515 0.0919126 0.352904 0.614695
FixedParameters: 0 0 0

#Transform 73
Transform: AffineTransform_float_3_3
Parameters: 0.999991 0.000743023 0.00407073 -0.000862983 0.999563 0.0295507 -0.00404726 -0.0295543 0.999555 0.0721917 0.335322 0.650833
FixedParameters: 0 0 0

#Transform 74
Transform: AffineTransform_float_3_3
Parameters: 0.999995 0.000735928 0.0030136 -0.000812056 0.999679 0.0253197 -0.0029934 -0.0253223 0.999675 0.16529 0.291845 0.520601
FixedParameters: 0 0 0

#Transform 75
Transform: AffineTransform_float_3_3
Parameters: 0.999997 0.000622079 0.00244917 -0.000678941 0.999728 0.0233094 -0.00243484 -0.0233106 0.999726 0.156087 0.315217 0.456531
FixedParameters: 0 0 0

#Transform 76
Transform: AffineTransform_float_3_3
Parameters: 0.999993 0.00168338 0.00335094 -0.00177062 0.99966 0.0260172 -0.00330605 -0.0260227 0.999656 0.0719952 0.335169 0.501806
FixedParameters: 0 0 0

#Transform 77
Transform: AffineTransform_float_3_3
Parameters: 0.999994 0.00132547 0.0029579 -0.00140653 0.999615 0.027733 -0.00292011 -0.027737 0.999611 0.0670003 0.352804 0.65473
FixedParameters: 0 0 0

#Transform 78
Transform: AffineTransform_float_3_3
Parameters: 0.999992 0.00393392 0.00140244 -0.00395907 0.999823 0.0183526 -0.00132955 -0.0183584 0.99983 0.0648326 0.144055 0.484144
FixedParameters: 0 0 0

#Transform 79
Transform: AffineTransform_float_3_3
Parameters: 0.999999 -0.000788465 0.00111379 0.000767531 0.999833 0.0182569 -0.0011282 -0.0182561 0.999832 0.16882 0.142566 0.327379
FixedParameters: 0 0 0

#Transform 80
Transform: AffineTransform_float_3_3
Parameters: 0.999998 -0.00184003 0.000483319 0.00182996 0.999798 0.0199879 -0.000520681 -0.0199871 0.9998 0.21833 0.161386 0.312263
FixedParameters: 0 0 0

#Transform 81
Transform: AffineTransform_float_3_3
Parameters: 0.999999 -0.00128319 8.59135e-05 0.00128081 0.99976 0.0219041 -0.000114082 -0.0219039 0.99976 0.157884 0.205849 0.441201
FixedParameters: 0 0 0

#Transform 82
Transform: AffineTransform_float_3_3
Parameters: 1 -0.000535687 0.000356717 0.000528306 0.999775 0.0212132 -0.00036829 -0.0212128 0.999775 0.104881 0.157893 0.381368
FixedParameters: 0 0 0

#Transform 83
Transform: AffineTransform_float_3_3
Parameters: 0.999999 7.35843e-05 0.000809771 -9.14205e-05 0.999768 0.0215279 -0.000808219 -0.0215281 0.999768 0.0935109 0.168511 0.414889
FixedParameters: 0 0 0

#Transform 84
Transform: AffineTransform_float_3_3
Parameters: 0.999998 0.00202165 0.00116322 -0.00204735 0.999751 0.0222247 -0.00111777 -0.0222273 0.999753 0.0495888 0.226703 0.625058
FixedParameters: 0 0 0

#Transform 85
Transform: AffineTransform_float_3_3
Parameters: 0.999997 0.00161309 0.00188 -0.00166291 0.999638 0.0268539 -0.001836 -0.026857 0.999637 0.0278997 0.160047 0.605213
FixedParameters: 0 0 0

#Transform 86
Transform: AffineTransform_float_3_3
Parameters: 0.999997 0.00165987 0.00132676 -0.00168411 0.99983 0.0183968 -0.00129523 -0.0183992 0.99983 0.0518699 0.154307 0.517534
FixedParameters: 0 0 0

#Transform 87
Transform: AffineTransform_float_3_3
Parameters: 0.999996 0.00221112 0.0016305 -0.00223388 0.999897 0.0141704 -0.0015985 -0.0141736 0.999899 0.0528216 0.0589964 0.351132
FixedParameters: 0 0 0

#Transform 88
Transform: AffineTransform_float_3_3
Parameters: 0.999997 0.00249422 0.000320475 -0.00249678 0.999957 0.00900523 -0.000297528 -0.00900578 0.99996 0.0156453 0.00963934 0.158122
FixedParameters: 0 0 0

#Transform 89
Transform: AffineTransform_float_3_3
Parameters: 0.999998 0.00198769 0.000286984 -0.00199132 0.999926 0.0120555 -0.000263011 -0.0120566 0.999928 0.00672938 0.0252442 0.0952807
FixedParameters: 0 0 0

#Transform 90
Transform: AffineTransform_float_3_3
Parameters: 0.999991 0.00410792 0.000180163 -0.00411008 0.999898 0.0136674 -0.000123833 -0.0136686 0.999906 -0.0108066 -0.00084172 0.400419
FixedParameters: 0 0 0

#Transform 91
Transform: AffineTransform_float_3_3
Parameters: 0.99999 0.00422501 -0.00178895 -0.00420999 0.999956 0.00831361 0.00182405 -0.00830638 0.999964 0.0139025 -0.151907 0.255613
FixedParameters: 0 0 0

#Transform 92
Transform: AffineTransform_float_3_3
Parameters: 0.999987 0.00505198 -0.000896896 -0.00505001 0.999985 0.00220056 0.000908101 -0.00219544 0.999997 0.0996159 -0.230935 0.271594
FixedParameters: 0 0 0

#Transform 93
Transform: AffineTransform_float_3_3
Parameters: 0.999973 0.0072428 0.00064363 -0.0072442 0.999972 0.00187939 -0.000630365 -0.00188462 0.999998 0.0566408 -0.148217 0.429673
FixedParameters: 0 0 0

#Transform 94
Transform: AffineTransform_float_3_3
Parameters: 0.999985 0.00507333 0.00179639 -0.00509467 0.999912 0.012267 -0.00173461 -0.012276 0.999923 0.022947 -0.0737857 0.501916
FixedParameters: 0 0 0

#Transform 95
Transform: AffineTransform_float_3_3
Parameters: 0.999988 0.00422165 0.0021759 -0.00424835 0.99991 0.0127209 -0.00212211 -0.0127301 0.999916 0.0317585 -0.0988201 0.339154
FixedParameters: 0 0 0

#Transform 96
Transform: AffineTransform_float_3_3
Parameters: 0.999989 0.00399514 0.00216101 -0.00401586 0.999944 0.00973542 -0.00212198 -0.00974458 0.999951 0.0173339 -0.111425 0.230362
FixedParameters: 0 0 0

#Transform 97
Transform: AffineTransform_float_3_3
Parameters: 0.999987 0.0045368 0.00262747 -0.0045602 0.99995 0.00889214 -0.00258653 -0.00890386 0.999957 -0.00742588 -0.113948 0.16185
FixedParameters: 0 0 0

#Transform 98
Transform: AffineTransform_float_3_3
Parameters: 0.999983 0.004564 0.00379922 -0.004598 0.999949 0.00898869 -0.00375778 -0.00900631 0.999953 -0.0281677 -0.111055 0.12682
FixedParameters: 0 0 0

#Transform 99
Transform: AffineTransform_float_3_3
Parameters: 0.999989 0.00443004 0.00191521 -0.00443996 0.999976 0.00522955 -0.00189179 -0.00523844 0.999984 -0.0313639 -0.184861 0.173297
FixedParameters: 0 0 0

#Transform 100
Transform: AffineTransform_float_3_3
Parameters: 0.999995 0.00295436 0.00107896 -0.00296264 0.999963 0.00809584 -0.00105504 -0.00809915 0.999966 -0.00590129 -0.163197 0.0818109
FixedParameters: 0 0 0

#Transform 101
Transform: AffineTransform_float_3_3
Parameters: 0.999995 0.00318487 0.00113619 -0.00319213 0.999975 0.00633041 -0.00111581 -0.00633359 0.99998 -0.00471414 -0.144048 0.0962036
FixedParameters: 0 0 0

#Transform 102
Transform: AffineTransform_float_3_3
Parameters: 0.999993 0.00328808 0.00169234 -0.00330192 0.999965 0.00768946 -0.00166665 -0.00769453 0.999969 -0.0207565 -0.0897695 0.211715
FixedParameters: 0 0 0

#Transform 103
Transform: AffineTransform_float_3_3
Parameters: 0.999994 0.00307861 0.0019872 -0.00309639 0.999956 0.0088059 -0.0019608 -0.00881209 0.99996 -0.0200664 -0.111225 0.326794
FixedParameters: 0 0 0

#Transform 104
Transform: AffineTransform_float_3_3
Parameters: 0.999993 0.00309878 0.00206554 -0.00311522 0.999964 0.00789562 -0.00204146 -0.00790238 0.999966 -0.0115 -0.159635 0.183073
FixedParameters: 0 0 0

#Transform 105
Transform: AffineTransform_float_3_3
Parameters: 0.999992 0.00352103 0.00181439 -0.00353397 0.999968 0.00719465 -0.00178961 -0.00720036 0.999973 -0.0234572 -0.141022 0.199749
FixedParameters: 0 0 0

#Transform 106
Transform: AffineTransform_float_3_3
Parameters: 0.999996 0.00277011 0.00121744 -0.0027789 0.999969 0.00736565 -0.00119756 -0.00736935 0.999972 -0.0451522 -0.124148 0.154987
FixedParameters: 0 0 0

#Transform 107
Transform: AffineTransform_float_3_3
Parameters: 0.999992 0.00346118 0.00177223 -0.00347781 0.999953 0.0089989 -0.00174076 -0.00900509 0.999958 -0.0568309 -0.12071 0.30895
FixedParameters: 0 0 0

#Transform 108
Transform: AffineTransform_float_3_3
Parameters: 0.999992 0.00335223 0.00195234 -0.00337177 0.999942 0.0102115 -0.00191866 -0.0102175 0.999946 -0.0577794 -0.12447 0.365708
FixedParameters: 0 0 0

#Transform 109
Transform: AffineTransform_float_3_3
Parameters: 0.999995 0.00301442 0.00147117 -0.00302759 0.999952 0.0093206 -0.00144384 -0.00932541 0.999956 -0.0473726 -0.153744 0.280874
FixedParameters: 0 0 0

#Transform 110
Transform: AffineTransform_float_3_3
Parameters: 0.999995 0.00257684 0.00211556 -0.00259616 0.999955 0.00910656 -0.00209144 -0.00911144 0.999957 -0.0404127 -0.185163 0.217608
FixedParameters: 0 0 0

#Transform 111
Transform: AffineTransform_float_3_3
Parameters: 0.999992 0.00347679 0.00167372 -0.00349021 0.999963 0.00795622 -0.00164627 -0.00796178 0.999967 -0.0519704 -0.213778 0.142124
FixedParameters: 0 0 0

#Transform 112
Transform: AffineTransform_float_3_3
Parameters: 0.999992 0.003964 0.00122258 -0.00397301 0.999965 0.00745221 -0.00119342 -0.00745679 0.999971 -0.0365382 -0.132658 0.207707
FixedParameters: 0 0 0

#Transform 113
Transform: AffineTransform_float_3_3
Parameters: 0.999993 0.00340864 0.00106827 -0.00342136 0.999924 0.0117914 -0.00102772 -0.0117946 0.99993 -0.0529836 -0.0719214 0.361112
FixedParameters: 0 0 0

#Transform 114
Transform: AffineTransform_float_3_3
Parameters: 0.999995 0.00309349 0.0008719 -0.0031045 0.999904 0.0135174 -0.000830105 -0.0135206 0.999909 -0.0490887 -0.125085 0.498081
FixedParameters: 0 0 0

#Transform 115
Transform: AffineTransform_float_3_3
Parameters: 0.999995 0.00289379 0.00144011 -0.0029112 0.999922 0.0120929 -0.00140489 -0.0120971 0.999926 -0.0589942 -0.165089 0.364213
FixedParameters: 0 0 0

#Transform 116
Transform: AffineTransform_float_3_3
Parameters: 0.999997 0.00252393 0.000791516 -0.00253307 0.999928 0.011672 -0.000762483 -0.011674 0.999931 -0.0514147 -0.147788 0.380755
FixedParameters: 0 0 0

#Transform 117
Transform: AffineTransform_float_3_3
Parameters: 0.999998 0.00215264 0.000900189 -0.00216236 0.999929 0.0116721 -0.000874818 -0.0116739 0.999931 -0.0753561 -0.115731 0.42593
FixedParameters: 0 0 0

#Transform 118
Transform: AffineTransform_float_3_3
Parameters: 1 0.000811494 0.000565979 -0.000817507 0.999951 0.00979854 -0.000558017 -0.00979845 0.999952 0.0317654 -0.141181 0.348123
FixedParameters: 0 0 0

#Transform 119
Transform: AffineTransform_float_3_3
Parameters: 1 0.00074331 0.000680497 -0.000750685 0.999935 0.0113715 -0.000671508 -0.0113715 0.999935 0.0755007 -0.105298 0.306408
FixedParameters: 0 0 0

#Transform 120
Transform: AffineTransform_float_3_3
Parameters: 0.999999 0.000807706 0.000567072 -0.000814293 0.999937 0.0111875 -0.000557924 -0.0111885 0.999938 0.0734107 -0.145452 0.305424
FixedParameters: 0 0 0

#Transform 121
Transform: AffineTransform_float_3_3
Parameters: 0.999999 0.000903771 2.99489e-05 -0.000904228 0.999961 0.00879398 -2.20491e-05 -0.00879403 0.999962 0.0703488 -0.188667 0.192527
FixedParameters: 0 0 0

#Transform 122
Transform: AffineTransform_float_3_3
Parameters: 0.999999 0.00123966 4.9408e-05 -0.00124034 0.999971 0.00758795 -4.05894e-05 -0.00758806 0.999971 0.0657749 -0.192009 0.141155
FixedParameters: 0 0 0

#Transform 123
Transform: AffineTransform_float_3_3
Parameters: 1 0.00109705 0.000477535 -0.00110194 0.999945 0.0104905 -0.000465465 -0.0104915 0.999945 0.0264205 -0.137929 0.268451
FixedParameters: 0 0 0

#Transform 124
Transform: AffineTransform_float_3_3
Parameters: 1 0.000260535 0.00107062 -0.000275456 0.999909 0.0135327 -0.00106637 -0.0135333 0.999908 0.0429776 -0.129573 0.399426
FixedParameters: 0 0 0

#Transform 125
Transform: AffineTransform_float_3_3
Parameters: 1 0.000700301 0.000823349 -0.000710707 0.999929 0.0118394 -0.000815643 -0.0118396 0.999929 0.0248295 -0.198069 0.230054
FixedParameters: 0 0 0

#Transform 126
Transform: AffineTransform_float_3_3
Parameters: 0.999999 0.00177109 0.000569511 -0.00177592 0.99996 0.008745 -0.00055449 -0.008746 0.999961 0.0102003 -0.224153 0.176657
FixedParameters: 0 0 0

#Transform 127
Transform: AffineTransform_float_3_3
Parameters: 0.999998 0.00164023 0.000998292 -0.00165278 0.999915 0.0129294 -0.000977712 -0.0129306 0.999916 -0.0100305 -0.0967213 0.495657
FixedParameters: 0 0 0

#Transform 128
Transform: AffineTransform_float_3_3
Parameters: 0.999998 0.00166241 -0.000376887 -0.00165759 0.999901 0.0139256 0.00040012 -0.0139243 0.999903 0.00833402 -0.0946961 0.561888
FixedParameters: 0 0 0

#Transform 129
Transform: AffineTransform_float_3_3
Parameters: 0.999998 0.00205782 0.000297502 -0.00206219 0.999889 0.0148064 -0.000267496 -0.0148066 0.999891 0.0100819 -0.120792 0.481868
FixedParameters: 0 0 0

#Transform 130
Transform: AffineTransform_float_3_3
Parameters: 0.999999 0.0018049 0.000393208 -0.0018101 0.999908 0.0133923 -0.000368792 -0.0133927 0.99991 0.0203923 -0.137436 0.403322
FixedParameters: 0 0 0

#Transform 131
Transform: AffineTransform_float_3_3
Parameters: 0.999998 0.00195659 0.00027818 -0.00195941 0.999916 0.0128575 -0.000252828 -0.0128575 0.999918 0.00411334 -0.126187 0.318842
FixedParameters: 0 0 0

#Transform 132
Transform: AffineTransform_float_3_3
Parameters: 0.999998 0.00165199 0.00049883 -0.00165901 0.999895 0.0143932 -0.000475169 -0.0143948 0.999897 -0.00879042 -0.110569 0.453766
FixedParameters: 0 0 0

#Transform 133
Transform: AffineTransform_float_3_3
Parameters: 0.999997 0.00199832 0.000884563 -0.00201167 0.999874 0.0157393 -0.000852442 -0.0157407 0.999875 0.00519661 -0.0980012 0.612815
FixedParameters: 0 0 0

#Transform 134
Transform: AffineTransform_float_3_3
Parameters: 0.999997 0.00209729 0.00111312 -0.00211371 0.999896 0.0143057 -0.00108287 -0.0143073 0.999897 0.0016725 -0.18084 0.3694
FixedParameters: 0 0 0

#Transform 135
Transform: AffineTransform_float_3_3
Parameters: 0.999997 0.00146464 0.00190279 -0.00149036 0.999909 0.0133952 -0.0018832 -0.0133978 0.999909 -0.0115206 -0.20137 0.292505
FixedParameters: 0 0 0

#Transform 136
Transform: AffineTransform_float_3_3
Parameters: 0.999998 0.00170467 0.00143801 -0.00172233 0.999916 0.0128416 -0.001416 -0.0128435 0.999917 -0.0119765 -0.204807 0.326839
FixedParameters: 0 0 0

#Transform 137
Transform: AffineTransform_float_3_3
Parameters: 0.999994 0.00326272 0.000988441 -0.00327729 0.999885 0.0148118 -0.000940555 -0.0148152 0.99989 -0.0382788 -0.142813 0.556585
FixedParameters: 0 0 0

#Transform 138
Transform: AffineTransform_float_3_3
Parameters: 1 0.001201 0.000234909 -0.001204 0.999912 0.0132287 -0.000219091 -0.0132293 0.999913 0.0327025 -0.177441 0.431232
FixedParameters: 0 0 0

#Transform 139
Transform: AffineTransform_float_3_3
Parameters: 0.999998 0.00136284 0.000994291 -0.00137515 0.99991 0.0133557 -0.000975719 -0.0133574 0.999911 0.0156865 -0.162317 0.384664
FixedParameters: 0 0 0

#Transform 140
Transform: AffineTransform_float_3_3
Parameters: 0.999998 0.00136446 0.000910537 -0.00137553 0.999917 0.0127978 -0.000892469 -0.0127982 0.999917 0.0119278 -0.199285 0.315377
FixedParameters: 0 0 0

#Transform 141
Transform: AffineTransform_float_3_3
Parameters: 0.999998 0.00157425 0.000732106 -0.00158374 0.999925 0.0121019 -0.000712885 -0.0121031 0.999927 0.0234709 -0.172699 0.372472
FixedParameters: 0 0 0

#Transform 142
Transform: AffineTransform_float_3_3
Parameters: 0.999995 0.00253573 0.00190718 -0.00256327 0.999884 0.0149702 -0.00186883 -0.0149748 0.999886 0.0158782 -0.130457 0.544517
FixedParameters: 0 0 0

#Transform 143
Transform: AffineTransform_float_3_3
Parameters: 0.999996 0.00212166 0.00218882 -0.00215435 0.999887 0.0148814 -0.00215717 -0.0148866 0.999887 0.0168869 -0.176079 0.485957
FixedParameters: 0 0 0

#Transform 144
Transform: AffineTransform_float_3_3
Parameters: 0.999996 0.00205453 0.00181524 -0.00207947 0.999898 0.0141423 -0.00178577 -0.0141457 0.999899 0.000428586 -0.17725 0.477876
FixedParameters: 0 0 0

#Transform 145
Transform: AffineTransform_float_3_3
Parameters: 0.999997 0.00210399 0.00113325 -0.00212001 0.999895 0.0143206 -0.00110275 -0.0143234 0.999897 0.0134885 -0.210571 0.553929
FixedParameters: 0 0 0

#Transform 146
Transform: AffineTransform_float_3_3
Parameters: 0.999995 0.00259758 0.00141982 -0.00262043 0.999868 0.0160263 -0.00137818 -0.0160296 0.99987 -0.00151653 -0.131846 0.734715
FixedParameters: 0 0 0

#Transform 147
Transform: AffineTransform_float_3_3
Parameters: 0.999996 0.00225525 0.00183981 -0.00228375 0.999873 0.0157749 -0.00180419 -0.0157791 0.999874 -0.0439737 -0.0382647 0.669325
FixedParameters: 0 0 0

#Transform 148
Transform: AffineTransform_float_3_3
Parameters: 0.999989 0.00231661 0.00420626 -0.00237641 0.999897 0.0141712 -0.00417373 -0.0141808 0.99989 -0.0406481 0.0526728 0.576273
FixedParameters: 0 0 0

#Transform 149
Transform: AffineTransform_float_3_3
Parameters: 0.999999 -0.000877008 0.00164897 0.000853992 0.999903 0.0139024 -0.00166103 -0.0139006 0.999902 -0.0262258 -0.232709 0.528143
FixedParameters: 0 0 0

#Transform 150
Transform: AffineTransform_float_3_3
Parameters: 0.999999 0.000502233 0.00175856 -0.000527774 0.999892 0.0146831 -0.00175144 -0.0146839 0.99989 -0.0155437 -0.208121 0.403857
FixedParameters: 0 0 0

#Transform 151
Transform: AffineTransform_float_3_3
Parameters: 0.999999 0.000302749 0.00175212 -0.000331248 0.999869 0.0161454 -0.00174688 -0.0161465 0.999868 -0.0134177 -0.147852 0.492568
FixedParameters: 0 0 0

#Transform 152
Transform: AffineTransform_float_3_3
Parameters: 0.999997 0.000369598 0.00213961 -0.000405392 0.999855 0.0170382 -0.0021324 -0.0170388 0.999852 -0.0207643 -0.184108 0.524067
FixedParameters: 0 0 0

#Transform 153
Transform: AffineTransform_float_3_3
Parameters: 0.999998 0.0002845 0.0017264 -0.000310492 0.99989 0.0147875 -0.0017216 -0.0147885 0.999889 -0.00556318 -0.258695 0.36607
FixedParameters: 0 0 0

#Transform 154
Transform: AffineTransform_float_3_3
Parameters: 0.999998 0.00037658 0.00171056 -0.000401426 0.999897 0.0142983 -0.00170543 -0.0142987 0.999897 -0.00816564 -0.231154 0.39476
FixedParameters: 0 0 0

#Transform 155
Transform: AffineTransform_float_3_3
Parameters: 0.999997 0.000423478 0.00211434 -0.000453517 0.999896 0.0144561 -0.00210766 -0.0144569 0.999894 -0.0232126 -0.212675 0.444924
FixedParameters: 0 0 0
