#Insight Transform File V1.0
#Transform 0
Transform: AffineTransform_float_3_3
Parameters: 0.999996 -0.000416096 0.00259155 0.000393899 0.999963 0.00852105 -0.00259545 -0.00851995 0.999961 0.0035177 0.111202 -0.195
FixedParameters: 0 0 0

#Transform 1
Transform: AffineTransform_float_3_3
Parameters: 0.999997 -0.000345099 0.00213346 0.000328904 0.999971 0.00754172 -0.00213554 -0.00754128 0.99997 -0.00605619 0.136574 -0.160731
FixedParameters: 0 0 0

#Transform 2
Transform: AffineTransform_float_3_3
Parameters: 0.999997 -0.000102019 0.00251427 8.1985e-05 0.999969 0.00796024 -0.00251473 -0.00796077 0.999965 -0.0171965 0.152629 -0.110543
FixedParameters: 0 0 0

#Transform 3
Transform: AffineTransform_float_3_3
Parameters: 0.999998 0.000172291 0.00205619 -0.000186707 0.999977 0.00666863 -0.0020548 -0.00666936 0.999975 -0.0757087 0.117919 0.0186524
FixedParameters: 0 0 0

#Transform 4
Transform: AffineTransform_float_3_3
Parameters: 0.999996 -0.000252269 0.00288462 0.000235729 0.999984 0.0056387 -0.00288637 -0.0056383 0.99998 -0.0451425 0.0806132 0.00683886
FixedParameters: 0 0 0

#Transform 5
Transform: AffineTransform_float_3_3
Parameters: 0.999997 8.7332e-05 0.00243537 -9.7666e-05 0.999992 0.00396978 -0.00243463 -0.00397023 0.999989 -0.0532154 0.0719433 -0.0405011
FixedParameters: 0 0 0

#Transform 6
Transform: AffineTransform_float_3_3
Parameters: 0.999996 0.000263687 0.0027809 -0.000272314 0.999995 0.00334926 -0.0027801 -0.00334975 0.99999 -0.0547134 0.0780019 -0.0832862
FixedParameters: 0 0 0

#Transform 7
Transform: AffineTransform_float_3_3
Parameters: 0.999997 -5.50294e-05 0.00252488 4.897e-05 0.999997 0.00238813 -0.00252512 -0.00238787 0.999994 -0.0535647 0.0762967 -0.0747524
FixedParameters: 0 0 0

#Transform 8
Transform: AffineTransform_float_3_3
Parameters: 0.999998 0.000224593 0.0019404 -0.000228408 0.999999 0.00175556 -0.0019406 -0.00175644 0.999996 -0.051855 0.0874508 -0.0306076
FixedParameters: 0 0 0

#Transform 9
Transform: AffineTransform_float_3_3
Parameters: 0.999998 0.000610495 0.00159158 -0.000612504 1 0.000945027 -0.00159042 -0.000945973 0.999999 -0.0879565 0.0991696 -0.00883775
FixedParameters: 0 0 0

#Transform 10
Transform: AffineTransform_float_3_3
Parameters: 0.999999 0.000710445 0.00139428 -0.000711554 0.999999 0.000397008 -0.00139472 -0.000397991 0.999999 -0.0723702 0.0723942 -0.00922215
FixedParameters: 0 0 0

#Transform 11
Transform: AffineTransform_float_3_3
Parameters: 0.999999 0.000118538 0.000992055 -0.000118462 1 0.000465883 -0.000991945 -0.000466118 1 -0.036417 0.0312501 -0.0640855
FixedParameters: 0 0 0

#Transform 12
Transform: AffineTransform_float_3_3
Parameters: 0.999999 -7.40137e-05 0.000810998 7.39862e-05 1 1.706e-05 -0.000811001 -1.694e-05 0.999999 -0.0432249 0.0389275 -0.0815187
FixedParameters: 0 0 0

#Transform 13
Transform: AffineTransform_float_3_3
Parameters: 1 -3.1968e-05 0.001065 3.20319e-05 1 -2.99659e-05 -0.001065 3.00341e-05 1 -0.048994 0.0536579 -0.10368
FixedParameters: 0 0 0

#Transform 14
Transform: AffineTransform_float_3_3
Parameters: 1 -0.000296836 0.000991751 0.000295164 0.999999 0.000843293 -0.00099225 -0.000842706 0.999999 -0.0485628 0.063087 -0.102942
FixedParameters: 0 0 0

#Transform 15
Transform: AffineTransform_float_3_3
Parameters: 0.999999 -0.000296366 0.000991891 0.000295634 1 0.000369294 -0.000992109 -0.000368706 1 -0.030496 0.0380141 -0.0705508
FixedParameters: 0 0 0

#Transform 16
Transform: AffineTransform_float_3_3
Parameters: 0.999999 -0.000222196 0.000991956 0.000221803 1 0.00019822 -0.000992044 -0.00019778 1 -0.0156378 0.0161316 -0.0457408
FixedParameters: 0 0 0

#Transform 17
Transform: AffineTransform_float_3_3
Parameters: 1 -0.000134112 0.000565973 0.000133888 1 0.000198076 -0.000566026 -0.000197924 1 -0.0157007 0.0272464 0.0149269
FixedParameters: 0 0 0

#Transform 18
Transform: AffineTransform_float_3_3
Parameters: 1 5.78784e-05 0.000614011 -5.81215e-05 1 0.000197964 -0.000613988 -0.000198036 1 -0.0261722 0.0159812 0.0125617
FixedParameters: 0 0 0

#Transform 19
Transform: AffineTransform_float_3_3
Parameters: 1 -0.000162063 0.000154934 0.000161937 1 0.000407025 -0.000155066 -0.000406975 1 -0.017003 0.0380416 -0.0227719
FixedParameters: 0 0 0

#Transform 20
Transform: AffineTransform_float_3_3
Parameters: 1 -9.0061e-05 0.000112951 9.09395e-05 1 0.00054001 -0.000112049 -0.00053999 1 -0.00647176 0.0205199 -0.0103083
FixedParameters: 0 0 0

#Transform 21
Transform: AffineTransform_float_3_3
Parameters: 1 -0.000112045 7.79356e-05 0.000111955 1 0.000575009 -7.80644e-05 -0.000574991 1 -0.00364381 0.0272532 0.0108076
FixedParameters: 0 0 0

#Transform 22
Transform: AffineTransform_float_3_3
Parameters: 0.999999 0.000721844 0.000153734 -0.000722156 0.999999 0.00101689 -0.000153266 -0.00101711 1 0.00457656 -0.0028802 0.00844421
FixedParameters: 0 0 0

#Transform 23
Transform: AffineTransform_float_3_3
Parameters: 0.999998 0.00188113 0.000677379 -0.00187787 0.999987 -0.00458728 -0.00068562 0.00458572 0.999989 0.00801498 -0.105687 -0.113488
FixedParameters: 0 0 0

#Transform 24
Transform: AffineTransform_float_3_3
Parameters: 0.999998 0.00109586 -0.00130549 -0.00109914 0.999995 -0.00317757 0.00130151 0.00317843 0.999994 -0.00935255 -0.0229104 -0.000262402
FixedParameters: 0 0 0

#Transform 25
Transform: AffineTransform_float_3_3
Parameters: 0.999998 0.000708486 -0.0014582 -0.000713512 0.999995 -0.00309696 0.0014558 0.00309804 0.999994 0.00425406 -0.00724043 -0.0560607
FixedParameters: 0 0 0

#Transform 26
Transform: AffineTransform_float_3_3
Parameters: 0.999999 0.000151096 -0.00124136 -0.000153906 0.999998 -0.00233981 0.00124164 0.00234019 0.999997 0.0147014 -0.00819221 -0.061146
FixedParameters: 0 0 0

#Transform 27
Transform: AffineTransform_float_3_3
Parameters: 0.999999 0.000447196 -0.00130197 -0.000450804 0.999997 -0.00215441 0.00130103 0.00215458 0.999997 -0.0197553 -0.0598998 -0.0323417
FixedParameters: 0 0 0

#Transform 28
Transform: AffineTransform_float_3_3
Parameters: 0.999999 0.000758218 -0.00165712 -0.000764783 0.999992 -0.00409674 0.00165388 0.00409726 0.99999 -0.020684 -0.0841974 -0.108201
FixedParameters: 0 0 0

#Transform 29
Transform: AffineTransform_float_3_3
Parameters: 0.999999 0.000760404 -0.00108424 -0.000764599 0.99999 -0.00424518 0.00108176 0.00424583 0.999991 0.0143499 -0.0668099 -0.144619
FixedParameters: 0 0 0

#Transform 30
Transform: AffineTransform_float_3_3
Parameters: 1 0.000619202 -0.000975782 -0.000621799 0.999995 -0.0028704 0.00097422 0.00287061 0.999996 -0.0113718 -0.0498089 -0.0467578
FixedParameters: 0 0 0

#Transform 31
Transform: AffineTransform_float_3_3
Parameters: 1 0.000488725 -0.00101259 -0.000491274 0.999994 -0.0032375 0.00101042 0.0032375 0.999994 -0.00539513 -0.0711037 0.0099548
FixedParameters: 0 0 0

#Transform 32
Transform: AffineTransform_float_3_3
Parameters: 0.999999 0.000427931 -0.00130934 -0.000432069 0.999995 -0.00310944 0.00130766 0.00310956 0.999995 -0.0037366 -0.0665459 0.0919488
FixedParameters: 0 0 0

#Transform 33
Transform: AffineTransform_float_3_3
Parameters: 0.999999 0.000208384 -0.000772983 -0.000211616 0.999989 -0.00468084 0.000772017 0.00468116 0.999988 -0.0382842 -0.0667741 0.120618
FixedParameters: 0 0 0

#Transform 34
Transform: AffineTransform_float_3_3
Parameters: 0.999999 0.000176482 -0.00131803 -0.000183517 0.999983 -0.00570576 0.00131697 0.00570623 0.999983 -0.0545473 -0.0634498 0.106735
FixedParameters: 0 0 0

#Transform 35
Transform: AffineTransform_float_3_3
Parameters: 0.999998 0.000514458 -0.0015981 -0.000524541 0.999982 -0.00597617 0.00159489 0.00597683 0.999981 -0.0463877 -0.0821227 0.106645
FixedParameters: 0 0 0

#Transform 36
Transform: AffineTransform_float_3_3
Parameters: 0.999999 0.000175516 -0.00136512 -0.000183484 0.99998 -0.00621775 0.00136389 0.00621724 0.999979 -0.0624964 -0.0810914 0.128612
FixedParameters: 0 0 0

#Transform 37
Transform: AffineTransform_float_3_3
Parameters: 0.999999 7.4544e-05 -0.00125946 -8.14532e-05 0.999983 -0.0059209 0.00125854 0.0059211 0.999981 -0.0372876 -0.0761003 0.103665
FixedParameters: 0 0 0

#Transform 38
Transform: AffineTransform_float_3_3
Parameters: 0.999999 -0.000430313 -0.000730476 0.000426689 0.999982 -0.00589531 0.000732528 0.00589469 0.999983 -0.0387512 -0.0813859 0.116424
FixedParameters: 0 0 0

#Transform 39
Transform: AffineTransform_float_3_3
Parameters: 0.999999 -0.000430631 -0.000763406 0.000426371 0.999981 -0.00605633 0.000765596 0.00605567 0.999982 -0.0191682 -0.103161 0.152194
FixedParameters: 0 0 0

#Transform 40
Transform: AffineTransform_float_3_3
Parameters: 1 0.000161224 -0.000598031 -0.000164775 0.99998 -0.0063189 0.00059697 0.0063191 0.99998 -0.0368732 -0.0940082 0.188475
FixedParameters: 0 0 0

#Transform 41
Transform: AffineTransform_float_3_3
Parameters: 1 0.000157626 -0.00104614 -0.000165374 0.999975 -0.00705283 0.00104486 0.00705317 0.999974 -0.044309 -0.0942979 0.202977
FixedParameters: 0 0 0

#Transform 42
Transform: AffineTransform_float_3_3
Parameters: 0.999999 0.000157863 -0.00100115 -0.000165136 0.999974 -0.00713284 0.000999847 0.00713316 0.999974 -0.0544753 -0.0939412 0.196626
FixedParameters: 0 0 0

#Transform 43
Transform: AffineTransform_float_3_3
Parameters: 1 2.74466e-05 -0.00119923 -3.65518e-05 0.999975 -0.00713296 0.00119877 0.00713304 0.999974 -0.0580295 -0.104689 0.188338
FixedParameters: 0 0 0

#Transform 44
Transform: AffineTransform_float_3_3
Parameters: 0.999998 0.000150767 -0.00188419 -0.000165239 0.999972 -0.0075557 0.00188381 0.0075563 0.999969 -0.039227 -0.113633 0.207467
FixedParameters: 0 0 0

#Transform 45
Transform: AffineTransform_float_3_3
Parameters: 0.999999 -0.000368534 -0.00126025 0.000359469 0.999972 -0.00755646 0.00126275 0.00755654 0.99997 -0.0373727 -0.138843 0.173001
FixedParameters: 0 0 0

#Transform 46
Transform: AffineTransform_float_3_3
Parameters: 0.999998 -0.000444566 -0.00156649 0.000431437 0.999968 -0.00801368 0.00156951 0.00801231 0.999966 -0.0415728 -0.131688 0.177622
FixedParameters: 0 0 0

#Transform 47
Transform: AffineTransform_float_3_3
Parameters: 0.999998 -0.000374455 -0.00200818 0.000359547 0.999971 -0.00769074 0.00201083 0.00769027 0.999969 -0.0349743 -0.142471 0.165676
FixedParameters: 0 0 0

#Transform 48
Transform: AffineTransform_float_3_3
Parameters: 0.999998 -0.000371916 -0.00165816 0.000359085 0.999969 -0.00778261 0.00166084 0.00778239 0.999969 -0.0366951 -0.145161 0.15786
FixedParameters: 0 0 0

#Transform 49
Transform: AffineTransform_float_3_3
Parameters: 0.999999 7.27504e-06 -0.00186112 -2.17319e-05 0.999968 -0.00791197 0.00186189 0.00791202 0.999967 -0.0273745 -0.161993 0.112515
FixedParameters: 0 0 0

#Transform 50
Transform: AffineTransform_float_3_3
Parameters: 0.999998 2.31161e-06 -0.00201108 -1.76877e-05 0.999969 -0.00780097 0.00201092 0.00780101 0.999967 -0.0278957 -0.165756 0.127542
FixedParameters: 0 0 0

#Transform 51
Transform: AffineTransform_float_3_3
Parameters: 0.999998 3.20874e-05 -0.00201132 -4.79099e-05 0.999968 -0.00791191 0.00201068 0.00791208 0.999966 -0.0299421 -0.181538 0.16924
FixedParameters: 0 0 0

#Transform 52
Transform: AffineTransform_float_3_3
Parameters: 0.999998 -0.000166127 -0.00200973 0.00015087 0.999968 -0.00802232 0.00201127 0.00802168 0.999966 -0.0151614 -0.191181 0.16928
FixedParameters: 0 0 0

#Transform 53
Transform: AffineTransform_float_3_3
Parameters: 0.999999 5.53805e-05 -0.0018475 -6.96251e-05 0.999968 -0.00791488 0.00184751 0.00791411 0.999967 -0.0228078 -0.202797 0.169148
FixedParameters: 0 0 0

#Transform 54
Transform: AffineTransform_float_3_3
Parameters: 0.999998 5.42191e-05 -0.00211246 -6.97846e-05 0.999972 -0.00747087 0.00211254 0.00747113 0.99997 -0.0343878 -0.208671 0.169503
FixedParameters: 0 0 0

#Transform 55
Transform: AffineTransform_float_3_3
Parameters: 0.999996 0.000109387 -0.00262589 -0.000128615 0.999972 -0.00747069 0.00262511 0.00747031 0.999968 -0.03181 -0.215677 0.111306
FixedParameters: 0 0 0

#Transform 56
Transform: AffineTransform_float_3_3
Parameters: 0.999997 0.000311381 -0.0026274 -0.000330624 0.999972 -0.00747016 0.0026256 0.00747084 0.999968 -0.0434909 -0.229712 0.146999
FixedParameters: 0 0 0

#Transform 57
Transform: AffineTransform_float_3_3
Parameters: 0.999996 4.15412e-05 -0.0026254 -6.1463e-05 0.999969 -0.00779286 0.0026256 0.00779313 0.999966 -0.0413081 -0.213179 0.171842
FixedParameters: 0 0 0

#Transform 58
Transform: AffineTransform_float_3_3
Parameters: 0.999996 0.000249153 -0.00276805 -0.000270845 0.999969 -0.00789428 0.00276595 0.00789572 0.999965 -0.0586276 -0.234138 0.171598
FixedParameters: 0 0 0

#Transform 59
Transform: AffineTransform_float_3_3
Parameters: 0.999996 0.000565873 -0.00272569 -0.000588131 0.999967 -0.00812443 0.00272131 0.00812557 0.999964 -0.0676828 -0.256342 0.151413
FixedParameters: 0 0 0

#Transform 60
Transform: AffineTransform_float_3_3
Parameters: 0.999995 0.000340265 -0.00328388 -0.000366735 0.999967 -0.00814384 0.00328113 0.00814516 0.999962 -0.0614208 -0.236607 0.188302
FixedParameters: 0 0 0

#Transform 61
Transform: AffineTransform_float_3_3
Parameters: 0.999991 0.000176869 -0.00406922 -0.00020313 0.99998 -0.00642223 0.00406778 0.00642278 0.999971 -0.0806114 -0.248415 0.237081
FixedParameters: 0 0 0

#Transform 62
Transform: AffineTransform_float_3_3
Parameters: 0.999993 0.000349536 -0.00366993 -0.000378464 0.999967 -0.00803066 0.00366708 0.00803233 0.999961 -0.0937733 -0.242945 0.242876
FixedParameters: 0 0 0

#Transform 63
Transform: AffineTransform_float_3_3
Parameters: 0.999993 0.00038616 -0.00367004 -0.000413842 0.999971 -0.00758854 0.00366697 0.00758947 0.999965 -0.0755785 -0.242429 0.235845
FixedParameters: 0 0 0

#Transform 64
Transform: AffineTransform_float_3_3
Parameters: 0.999991 0.000371704 -0.004179 -0.000403298 0.99997 -0.00773039 0.00417601 0.00773162 0.999962 -0.0792322 -0.261824 0.236081
FixedParameters: 0 0 0

#Transform 65
Transform: AffineTransform_float_3_3
Parameters: 0.999993 0.000362323 -0.00352995 -0.000389679 0.999969 -0.00784368 0.00352705 0.00784433 0.999963 -0.0593495 -0.272461 0.251516
FixedParameters: 0 0 0

#Transform 66
Transform: AffineTransform_float_3_3
Parameters: 0.999994 0.000682213 -0.00353268 -0.00071078 0.999966 -0.00815353 0.00352632 0.00815645 0.99996 -0.0627761 -0.304717 0.234243
FixedParameters: 0 0 0

#Transform 67
Transform: AffineTransform_float_3_3
Parameters: 0.999991 0.000585494 -0.00406366 -0.000617506 0.999969 -0.00775555 0.00405933 0.00775844 0.999961 -0.0467175 -0.28777 0.247627
FixedParameters: 0 0 0

#Transform 68
Transform: AffineTransform_float_3_3
Parameters: 0.999995 0.00113304 -0.00290924 -0.00115896 0.99996 -0.00893767 0.00289875 0.00894133 0.999956 -0.0546724 -0.321355 0.192686
FixedParameters: 0 0 0

#Transform 69
Transform: AffineTransform_float_3_3
Parameters: 0.999991 0.000512425 -0.00406923 -0.000545572 0.999968 -0.00800784 0.00406476 0.00801015 0.999959 -0.0514418 -0.309544 0.257469
FixedParameters: 0 0 0

#Transform 70
Transform: AffineTransform_float_3_3
Parameters: 0.999992 0.00045672 -0.00409385 -0.000489282 0.999967 -0.00813206 0.00409016 0.00813393 0.999958 -0.0404596 -0.317367 0.255231
FixedParameters: 0 0 0

#Transform 71
Transform: AffineTransform_float_3_3
Parameters: 0.999992 0.000304191 -0.00397256 -0.000335812 0.999968 -0.00800873 0.00397044 0.00801027 0.99996 -0.0473215 -0.292627 0.239091
FixedParameters: 0 0 0

#Transform 72
Transform: AffineTransform_float_3_3
Parameters: 0.999993 0.000497428 -0.00383409 -0.000528572 0.999968 -0.00797703 0.00382991 0.00797896 0.999961 -0.0505608 -0.306047 0.255037
FixedParameters: 0 0 0

#Transform 73
Transform: AffineTransform_float_3_3
Parameters: 0.999991 0.001112 -0.00397965 -0.00114599 0.999963 -0.00854951 0.00397034 0.00855448 0.999955 -0.052038 -0.325324 0.207287
FixedParameters: 0 0 0

#Transform 74
Transform: AffineTransform_float_3_3
Parameters: 0.999991 0.0008482 -0.00397692 -0.000880801 0.999967 -0.00800156 0.00397008 0.00800443 0.99996 -0.0631742 -0.329652 0.209886
FixedParameters: 0 0 0

#Transform 75
Transform: AffineTransform_float_3_3
Parameters: 0.999991 0.00105558 -0.00426316 -0.00108741 0.999971 -0.00760844 0.00425485 0.00761357 0.999962 -0.048477 -0.323272 0.212783
FixedParameters: 0 0 0

#Transform 76
Transform: AffineTransform_float_3_3
Parameters: 0.999991 0.000867872 -0.00397692 -0.000898126 0.999969 -0.0078315 0.00397009 0.00783551 0.999962 -0.0655998 -0.345235 0.227677
FixedParameters: 0 0 0

#Transform 77
Transform: AffineTransform_float_3_3
Parameters: 0.999992 0.00110401 -0.0039793 -0.00113699 0.999965 -0.00829754 0.0039697 0.00830145 0.999957 -0.0608304 -0.359349 0.206978
FixedParameters: 0 0 0

#Transform 78
Transform: AffineTransform_float_3_3
Parameters: 0.999987 0.0033511 -0.00377824 -0.0033759 0.999973 -0.00660433 0.00375576 0.00661767 0.999971 -0.0760603 -0.209705 0.22093
FixedParameters: 0 0 0

#Transform 79
Transform: AffineTransform_float_3_3
Parameters: 0.999994 0.00161909 -0.00306023 -0.00164292 0.99997 -0.00749902 0.00304876 0.00750398 0.999967 -0.0785257 -0.351503 0.218633
FixedParameters: 0 0 0

#Transform 80
Transform: AffineTransform_float_3_3
Parameters: 0.999992 0.00232539 -0.00320522 -0.00235262 0.99996 -0.00863952 0.00318578 0.00864647 0.999957 -0.0587072 -0.382038 0.18215
FixedParameters: 0 0 0

#Transform 81
Transform: AffineTransform_float_3_3
Parameters: 0.999986 0.00153895 -0.00493203 -0.00157705 0.999969 -0.00772132 0.00491996 0.00772867 0.999958 -0.0602414 -0.375644 0.23678
FixedParameters: 0 0 0

#Transform 82
Transform: AffineTransform_float_3_3
Parameters: 0.999989 0.00143009 -0.00460431 -0.00146591 0.999969 -0.00780534 0.00459269 0.00781266 0.999959 -0.0667667 -0.358502 0.236408
FixedParameters: 0 0 0

#Transform 83
Transform: AffineTransform_float_3_3
Parameters: 0.999988 0.00115809 -0.00460245 -0.00119491 0.999967 -0.00802559 0.00459256 0.00803041 0.999957 -0.0625037 -0.391035 0.217484
FixedParameters: 0 0 0

#Transform 84
Transform: AffineTransform_float_3_3
Parameters: 0.999989 0.00106524 -0.00460262 -0.00110577 0.99996 -0.00886301 0.00459338 0.00886799 0.99995 -0.0712833 -0.415064 0.2075
FixedParameters: 0 0 0

#Transform 85
Transform: AffineTransform_float_3_3
Parameters: 0.999986 0.00142323 -0.00505723 -0.00146576 0.999963 -0.00846271 0.00504477 0.0084703 0.999952 -0.0610076 -0.417845 0.218285
FixedParameters: 0 0 0

#Transform 86
Transform: AffineTransform_float_3_3
Parameters: 0.999987 0.00142562 -0.00485205 -0.00146539 0.999964 -0.00832999 0.00483995 0.008337 0.999953 -0.0635567 -0.425321 0.22884
FixedParameters: 0 0 0

#Transform 87
Transform: AffineTransform_float_3_3
Parameters: 0.999986 0.00154567 -0.00505688 -0.00158332 0.99997 -0.0075841 0.00504413 0.00759191 0.999959 -0.0573866 -0.446638 0.201797
FixedParameters: 0 0 0

#Transform 88
Transform: AffineTransform_float_3_3
Parameters: 0.999986 0.0014034 -0.00505645 -0.0014446 0.999966 -0.0080348 0.00504455 0.00804219 0.999955 -0.063893 -0.444634 0.187578
FixedParameters: 0 0 0

#Transform 89
Transform: AffineTransform_float_3_3
Parameters: 0.999986 0.00111773 -0.0050543 -0.00115926 0.999966 -0.00816925 0.00504469 0.00817475 0.999954 -0.0632514 -0.435053 0.212076
FixedParameters: 0 0 0

#Transform 90
Transform: AffineTransform_float_3_3
Parameters: 0.999986 0.00116476 -0.00505468 -0.00120524 0.999966 -0.00816402 0.00504432 0.00816998 0.999954 -0.0753484 -0.434265 0.248262
FixedParameters: 0 0 0

#Transform 91
Transform: AffineTransform_float_3_3
Parameters: 0.999987 0.00137256 -0.00505671 -0.00141543 0.999963 -0.00839896 0.00504429 0.00840604 0.999952 -0.0689789 -0.479408 0.263977
FixedParameters: 0 0 0

#Transform 92
Transform: AffineTransform_float_3_3
Parameters: 0.999982 0.00158115 -0.00581404 -0.00163884 0.999949 -0.00995765 0.00579796 0.00996734 0.999933 -0.0722554 -0.491671 0.22782
FixedParameters: 0 0 0

#Transform 93
Transform: AffineTransform_float_3_3
Parameters: 0.999984 0.00145833 -0.00548445 -0.00150866 0.999958 -0.00906287 0.00547054 0.00907112 0.999944 -0.0821348 -0.486286 0.222502
FixedParameters: 0 0 0

#Transform 94
Transform: AffineTransform_float_3_3
Parameters: 0.99997 0.00207719 -0.0074669 -0.00213681 0.999965 -0.00801128 0.0074501 0.00802671 0.99994 -0.0901449 -0.524244 0.311217
FixedParameters: 0 0 0

#Transform 95
Transform: AffineTransform_float_3_3
Parameters: 0.999966 0.00136879 -0.00820503 -0.00145622 0.999943 -0.0106334 0.00818997 0.0106446 0.99991 -0.116435 -0.487201 0.445074
FixedParameters: 0 0 0

#Transform 96
Transform: AffineTransform_float_3_3
Parameters: 0.999964 0.00160376 -0.0083221 -0.00169523 0.999939 -0.0109673 0.0083039 0.0109817 0.999905 -0.117291 -0.514235 0.385638
FixedParameters: 0 0 0

#Transform 97
Transform: AffineTransform_float_3_3
Parameters: 0.999963 0.00151776 -0.00844291 -0.00160825 0.999941 -0.0108108 0.0084261 0.0108232 0.999906 -0.12046 -0.505166 0.408735
FixedParameters: 0 0 0

#Transform 98
Transform: AffineTransform_float_3_3
Parameters: 0.999961 0.00142894 -0.00878265 -0.00152205 0.999942 -0.0105981 0.00876636 0.0106109 0.999906 -0.10791 -0.506544 0.403697
FixedParameters: 0 0 0

#Transform 99
Transform: AffineTransform_float_3_3
Parameters: 0.999967 0.0014192 -0.00802364 -0.00150579 0.999941 -0.0106973 0.00800734 0.0107087 0.99991 -0.112622 -0.518058 0.390229
FixedParameters: 0 0 0

#Transform 100
Transform: AffineTransform_float_3_3
Parameters: 0.999973 0.00143043 -0.00717727 -0.00150556 0.999945 -0.0103945 0.00716173 0.0104055 0.99992 -0.0904374 -0.548829 0.348878
FixedParameters: 0 0 0

#Transform 101
Transform: AffineTransform_float_3_3
Parameters: 0.999966 0.00142633 -0.00809526 -0.00150567 0.999951 -0.00971914 0.00808174 0.00973185 0.99992 -0.101061 -0.542937 0.405016
FixedParameters: 0 0 0

#Transform 102
Transform: AffineTransform_float_3_3
Parameters: 0.999968 0.00151789 -0.00777245 -0.00159411 0.999949 -0.00992391 0.00775755 0.00993608 0.99992 -0.111259 -0.549124 0.414459
FixedParameters: 0 0 0

#Transform 103
Transform: AffineTransform_float_3_3
Parameters: 0.99997 0.00142057 -0.00769707 -0.00150542 0.999938 -0.0109737 0.00768094 0.0109852 0.99991 -0.0917384 -0.587099 0.423636
FixedParameters: 0 0 0

#Transform 104
Transform: AffineTransform_float_3_3
Parameters: 0.999969 0.00141867 -0.00777325 -0.00150534 0.999937 -0.0111116 0.00775774 0.0111224 0.999908 -0.0971919 -0.575551 0.385023
FixedParameters: 0 0 0

#Transform 105
Transform: AffineTransform_float_3_3
Parameters: 0.99997 0.00142266 -0.00770865 -0.00150534 0.999942 -0.0106857 0.00769335 0.0106973 0.999913 -0.0969149 -0.572724 0.378378
FixedParameters: 0 0 0

#Transform 106
Transform: AffineTransform_float_3_3
Parameters: 0.999969 0.00123561 -0.00785524 -0.00131739 0.999946 -0.010365 0.00784177 0.010375 0.999916 -0.110687 -0.598105 0.411975
FixedParameters: 0 0 0

#Transform 107
Transform: AffineTransform_float_3_3
Parameters: 0.999972 0.00109089 -0.00743189 -0.00116912 0.999944 -0.0105146 0.00742011 0.0105224 0.999917 -0.107642 -0.604413 0.405535
FixedParameters: 0 0 0

#Transform 108
Transform: AffineTransform_float_3_3
Parameters: 0.999969 0.00142201 -0.00777264 -0.00150499 0.999942 -0.0106816 0.00775735 0.0106934 0.999912 -0.110695 -0.616651 0.355951
FixedParameters: 0 0 0

#Transform 109
Transform: AffineTransform_float_3_3
Parameters: 0.99997 0.00123544 -0.00756725 -0.00131357 0.999945 -0.0103854 0.00755476 0.0103946 0.999918 -0.111173 -0.601009 0.349628
FixedParameters: 0 0 0

#Transform 110
Transform: AffineTransform_float_3_3
Parameters: 0.99997 0.00142893 -0.00768155 -0.00150506 0.99995 -0.00990574 0.00766647 0.00991726 0.999922 -0.122476 -0.581677 0.374614
FixedParameters: 0 0 0

#Transform 111
Transform: AffineTransform_float_3_3
Parameters: 0.999969 0.00122403 -0.00776985 -0.00130297 0.999948 -0.0101662 0.00775715 0.0101768 0.999918 -0.115516 -0.612891 0.380624
FixedParameters: 0 0 0

#Transform 112
Transform: AffineTransform_float_3_3
Parameters: 0.99997 0.00142747 -0.0076878 -0.00150553 0.999948 -0.0100877 0.00767319 0.0100993 0.999919 -0.126441 -0.635958 0.344232
FixedParameters: 0 0 0

#Transform 113
Transform: AffineTransform_float_3_3
Parameters: 0.999969 0.00160035 -0.00774168 -0.00167865 0.999947 -0.0101633 0.00772533 0.0101767 0.999919 -0.137961 -0.62402 0.353689
FixedParameters: 0 0 0

#Transform 114
Transform: AffineTransform_float_3_3
Parameters: 0.999973 0.00128233 -0.00731755 -0.00135266 0.999953 -0.00952336 0.00730444 0.00953363 0.999928 -0.121398 -0.609533 0.35825
FixedParameters: 0 0 0

#Transform 115
Transform: AffineTransform_float_3_3
Parameters: 0.999971 0.00127939 -0.00749775 -0.0013526 0.999952 -0.00968714 0.00748424 0.00969686 0.999925 -0.126857 -0.604698 0.400454
FixedParameters: 0 0 0

#Transform 116
Transform: AffineTransform_float_3_3
Parameters: 0.999964 0.00189906 -0.00824245 -0.00199394 0.999932 -0.011526 0.00821955 0.011542 0.999899 -0.131283 -0.676577 0.474828
FixedParameters: 0 0 0

#Transform 117
Transform: AffineTransform_float_3_3
Parameters: 0.999957 0.00196193 -0.00898704 -0.00206907 0.999927 -0.0119199 0.00896295 0.0119381 0.999888 -0.12999 -0.645554 0.496008
FixedParameters: 0 0 0

#Transform 118
Transform: AffineTransform_float_3_3
Parameters: 0.999956 0.00171334 -0.0091544 -0.00182865 0.999919 -0.0126408 0.0091316 0.0126572 0.999878 -0.134705 -0.644925 0.550541
FixedParameters: 0 0 0

#Transform 119
Transform: AffineTransform_float_3_3
Parameters: 0.99996 0.00147662 -0.00883868 -0.00158938 0.999917 -0.0128335 0.00881931 0.0128475 0.999878 -0.144778 -0.668171 0.582401
FixedParameters: 0 0 0

#Transform 120
Transform: AffineTransform_float_3_3
Parameters: 0.999951 0.00163005 -0.00980923 -0.00175296 0.99992 -0.0125394 0.00978778 0.0125556 0.999874 -0.143353 -0.666565 0.593318
FixedParameters: 0 0 0

#Transform 121
Transform: AffineTransform_float_3_3
Parameters: 0.999958 0.0016406 -0.00909542 -0.00175041 0.999926 -0.0120336 0.00907559 0.0120484 0.999886 -0.156014 -0.675262 0.562744
FixedParameters: 0 0 0

#Transform 122
Transform: AffineTransform_float_3_3
Parameters: 0.999957 0.00155646 -0.00909135 -0.00167055 0.999919 -0.0126054 0.00907165 0.0126197 0.999879 -0.140564 -0.695402 0.546465
FixedParameters: 0 0 0

#Transform 123
Transform: AffineTransform_float_3_3
Parameters: 0.999953 0.00150713 -0.00956451 -0.00163186 0.999914 -0.013061 0.00954349 0.013076 0.999869 -0.139045 -0.719472 0.542099
FixedParameters: 0 0 0

#Transform 124
Transform: AffineTransform_float_3_3
Parameters: 0.999953 0.00166558 -0.00962107 -0.00178342 0.999924 -0.0122084 0.00959993 0.0122256 0.999879 -0.144162 -0.707475 0.514732
FixedParameters: 0 0 0

#Transform 125
Transform: AffineTransform_float_3_3
Parameters: 0.999948 0.00163906 -0.010071 -0.00176894 0.999915 -0.0129069 0.010049 0.0129241 0.999866 -0.150622 -0.71984 0.516165
FixedParameters: 0 0 0

#Transform 126
Transform: AffineTransform_float_3_3
Parameters: 0.999952 0.00197886 -0.00966395 -0.00209713 0.999923 -0.0122293 0.00963906 0.0122497 0.999879 -0.159001 -0.718338 0.470162
FixedParameters: 0 0 0

#Transform 127
Transform: AffineTransform_float_3_3
Parameters: 0.999968 0.00269497 -0.00751239 -0.00280505 0.999889 -0.0146754 0.00747261 0.0146956 0.999864 -0.152607 -0.832748 0.443912
FixedParameters: 0 0 0

#Transform 128
Transform: AffineTransform_float_3_3
Parameters: 0.999948 0.00210076 -0.00995451 -0.00223525 0.999905 -0.0135945 0.00992551 0.0136156 0.999858 -0.159139 -0.772191 0.533671
FixedParameters: 0 0 0

#Transform 129
Transform: AffineTransform_float_3_3
Parameters: 0.999935 0.00279934 -0.0110562 -0.00294566 0.999907 -0.0132713 0.0110178 0.0133027 0.999851 -0.20301 -0.784747 0.525322
FixedParameters: 0 0 0

#Transform 130
Transform: AffineTransform_float_3_3
Parameters: 0.999935 0.00307152 -0.0109193 -0.00320847 0.999916 -0.0125028 0.0108797 0.0125372 0.999862 -0.202929 -0.782686 0.458032
FixedParameters: 0 0 0

#Transform 131
Transform: AffineTransform_float_3_3
Parameters: 0.999956 0.00370509 -0.00868338 -0.00382092 0.999904 -0.0133704 0.00863363 0.0134026 0.999873 -0.212213 -0.884887 0.34297
FixedParameters: 0 0 0

#Transform 132
Transform: AffineTransform_float_3_3
Parameters: 0.999962 0.00309254 -0.0081233 -0.00320846 0.999891 -0.0143635 0.00807771 0.0143885 0.999864 -0.177609 -0.902739 0.369027
FixedParameters: 0 0 0

#Transform 133
Transform: AffineTransform_float_3_3
Parameters: 0.999962 0.00319659 -0.00803158 -0.0033034 0.999905 -0.013396 0.00798742 0.013422 0.999878 -0.185189 -0.916424 0.30996
FixedParameters: 0 0 0

#Transform 134
Transform: AffineTransform_float_3_3
Parameters: 0.999963 0.00317135 -0.00792112 -0.00327665 0.999906 -0.0133605 0.00787788 0.0133865 0.99988 -0.18021 -0.933969 0.318838
FixedParameters: 0 0 0

#Transform 135
Transform: AffineTransform_float_3_3
Parameters: 0.999964 0.0030248 -0.00795677 -0.0031352 0.999899 -0.0138736 0.00791423 0.0138984 0.999872 -0.182124 -0.946149 0.338488
FixedParameters: 0 0 0

#Transform 136
Transform: AffineTransform_float_3_3
Parameters: 0.999955 0.00326123 -0.00896672 -0.00337877 0.999908 -0.0131513 0.0089223 0.0131807 0.999874 -0.176744 -0.950393 0.449427
FixedParameters: 0 0 0

#Transform 137
Transform: AffineTransform_float_3_3
Parameters: 0.999957 0.00338439 -0.00864696 -0.00350261 0.999901 -0.0136223 0.00860003 0.0136517 0.99987 -0.190552 -0.957979 0.39906
FixedParameters: 0 0 0

#Transform 138
Transform: AffineTransform_float_3_3
Parameters: 0.999959 0.00328009 -0.0085279 -0.00339692 0.9999 -0.0137316 0.00848211 0.0137594 0.99987 -0.173061 -0.978354 0.348792
FixedParameters: 0 0 0

#Transform 139
Transform: AffineTransform_float_3_3
Parameters: 0.999963 0.0031893 -0.00800274 -0.0033087 0.999882 -0.0149891 0.00795425 0.0150149 0.999855 -0.171255 -1.0086 0.355466
FixedParameters: 0 0 0

#Transform 140
Transform: AffineTransform_float_3_3
Parameters: 0.999959 0.0028853 -0.00855765 -0.00300669 0.999895 -0.0141248 0.00851534 0.0141501 0.999863 -0.16998 -0.993365 0.431104
FixedParameters: 0 0 0

#Transform 141
Transform: AffineTransform_float_3_3
Parameters: 0.999961 0.00312157 -0.0083294 -0.00323545 0.999901 -0.0136406 0.0082866 0.0136664 0.999873 -0.177078 -0.982041 0.453064
FixedParameters: 0 0 0

#Transform 142
Transform: AffineTransform_float_3_3
Parameters: 0.999948 0.00261791 -0.0098698 -0.0027351 0.999926 -0.0118696 0.00983819 0.0118954 0.999881 -0.143711 -0.948954 0.490091
FixedParameters: 0 0 0

#Transform 143
Transform: AffineTransform_float_3_3
Parameters: 0.999948 0.0031578 -0.00975581 -0.00329221 0.999899 -0.0138736 0.00971121 0.0139054 0.999856 -0.155251 -1.0267 0.492889
FixedParameters: 0 0 0

#Transform 144
Transform: AffineTransform_float_3_3
Parameters: 0.999954 0.00332259 -0.00898447 -0.00345642 0.999884 -0.0148746 0.00893452 0.0149054 0.999849 -0.170677 -1.06259 0.450042
FixedParameters: 0 0 0

#Transform 145
Transform: AffineTransform_float_3_3
Parameters: 0.999957 0.00320335 -0.00878253 -0.00333566 0.99988 -0.0151314 0.00873348 0.0151596 0.999847 -0.175182 -1.06423 0.478289
FixedParameters: 0 0 0

#Transform 146
Transform: AffineTransform_float_3_3
Parameters: 0.999952 0.00342359 -0.00920207 -0.0035624 0.999878 -0.0151759 0.00914893 0.015208 0.999842 -0.170648 -1.05879 0.521778
FixedParameters: 0 0 0

#Transform 147
Transform: AffineTransform_float_3_3
Parameters: 0.999935 0.00263296 -0.0110431 -0.00277603 0.999912 -0.0129572 0.0110079 0.0129878 0.999855 -0.157628 -0.970952 0.581249
FixedParameters: 0 0 0

#Transform 148
Transform: AffineTransform_float_3_3
Parameters: 0.999938 0.00282404 -0.0108377 -0.00296497 0.999911 -0.0130127 0.0108003 0.0130443 0.999856 -0.148148 -0.998173 0.538906
FixedParameters: 0 0 0

#Transform 149
Transform: AffineTransform_float_3_3
Parameters: 0.999933 0.00306228 -0.0111718 -0.00320373 0.999915 -0.0126901 0.0111322 0.0127249 0.999857 -0.146219 -1.00066 0.511227
FixedParameters: 0 0 0

#Transform 150
Transform: AffineTransform_float_3_3
Parameters: 0.999931 0.00310563 -0.0112647 -0.00325237 0.999909 -0.0130883 0.0112223 0.0131237 0.999851 -0.13359 -1.0059 0.586298
FixedParameters: 0 0 0

#Transform 151
Transform: AffineTransform_float_3_3
Parameters: 0.999928 0.00277424 -0.0116816 -0.00293576 0.999899 -0.0138527 0.0116424 0.0138863 0.999836 -0.131513 -1.0171 0.585007
FixedParameters: 0 0 0

#Transform 152
Transform: AffineTransform_float_3_3
Parameters: 0.999929 0.00392308 -0.011301 -0.00407792 0.999897 -0.0137179 0.011246 0.0137631 0.999842 -0.154328 -1.05056 0.587698
FixedParameters: 0 0 0

#Transform 153
Transform: AffineTransform_float_3_3
Parameters: 0.999925 0.00378977 -0.0117028 -0.00394624 0.999903 -0.0133558 0.0116513 0.0134012 0.999843 -0.148642 -1.04644 0.572529
FixedParameters: 0 0 0

#Transform 154
Transform: AffineTransform_float_3_3
Parameters: 0.999927 0.0038441 -0.0113954 -0.00399591 0.999903 -0.0133374 0.0113436 0.0133816 0.999846 -0.20705 -1.05819 0.650036
FixedParameters: 0 0 0

#Transform 155
Transform: AffineTransform_float_3_3
Parameters: 0.999918 0.00379326 -0.0121728 -0.00396774 0.999889 -0.0143629 0.0121172 0.0144101 0.999822 -0.20166 -1.06853 0.701372
FixedParameters: 0 0 0
