# transform file /out/sourcedata/freesurfer/sub-v1s3x0050818_ses-1/mri/transforms/cc_up.lta
# created by oesteban on Tue Mar 10 02:45:49 2026

type      = 0 # LINEAR_VOX_TO_VOX
nxforms   = 1
mean      = 129.0000 103.0000 121.0000
sigma     = 10000.0000
1 4 4
9.996555447578430e-01 -1.270643901079893e-02 -2.296462096273899e-02 2.610709428787231e+00 
1.270308811217546e-02 9.999193549156189e-01 -2.918220998253673e-04 3.039887237548828e+01 
2.296647615730762e-02 -2.910383045673370e-11 9.997362494468689e-01 1.606247901916504e+01 
0.000000000000000e+00 0.000000000000000e+00 0.000000000000000e+00 1.000000000000000e+00 
src volume info
valid = 1  # volume info valid
filename = /out/sourcedata/freesurfer/sub-v1s3x0050818_ses-1/mri/norm.mgz
volume = 256 256 256
voxelsize = 1.000000000000000e+00 1.000000000000000e+00 1.000000000000000e+00
xras   = -1.000000000000000e+00 0.000000000000000e+00 0.000000000000000e+00
yras   = 0.000000000000000e+00 0.000000000000000e+00 -1.000000000000000e+00
zras   = 0.000000000000000e+00 1.000000000000000e+00 0.000000000000000e+00
cras   = 2.532730102539062e-01 -2.144290161132812e+01 5.384651184082031e+00
dst volume info
valid = 1  # volume info valid
filename = /out/sourcedata/freesurfer/sub-v1s3x0050818_ses-1/mri/norm.mgz
volume = 256 256 256
voxelsize = 1.000000000000000e+00 1.000000000000000e+00 1.000000000000000e+00
xras   = -1.000000000000000e+00 0.000000000000000e+00 0.000000000000000e+00
yras   = 0.000000000000000e+00 0.000000000000000e+00 -1.000000000000000e+00
zras   = 0.000000000000000e+00 1.000000000000000e+00 0.000000000000000e+00
cras   = 2.532730102539062e-01 -2.144290161132812e+01 5.384651184082031e+00
