#Insight Transform File V1.0
#Transform 0
Transform: AffineTransform_float_3_3
Parameters: 0.999999 -0.000356742 -0.000878511 0.000358257 0.999999 0.00143169 0.000877487 -0.00143231 0.999998 -0.0169752 0.0398021 0.300533
FixedParameters: 0 0 0

#Transform 1
Transform: AffineTransform_float_3_3
Parameters: 1 -0.000128556 -0.000447128 0.000128445 0.999999 0.000994943 0.000446873 -0.000994057 1 -0.0238785 0.080876 0.309352
FixedParameters: 0 0 0

#Transform 2
Transform: AffineTransform_float_3_3
Parameters: 1 -0.00040487 -0.000447117 0.000405129 1 0.000289819 0.000446882 -0.000290181 1 -0.0199468 0.0602895 0.242818
FixedParameters: 0 0 0

#Transform 3
Transform: AffineTransform_float_3_3
Parameters: 1 -0.0004198 -0.000447187 0.000419199 1 0.000445812 0.000446813 -0.000446187 1 -0.0277072 0.0250882 0.196202
FixedParameters: 0 0 0

#Transform 4
Transform: AffineTransform_float_3_3
Parameters: 1 -0.00040802 -8.09e-05 0.00040798 1 -0.000245033 8.10999e-05 0.000244967 1 -0.0232795 0.0323164 0.16083
FixedParameters: 0 0 0

#Transform 5
Transform: AffineTransform_float_3_3
Parameters: 1 -0.000430748 0.000236461 0.000431253 1 -0.0010689 -0.000236539 0.0010691 1 -0.0279896 0.0554789 0.144055
FixedParameters: 0 0 0

#Transform 6
Transform: AffineTransform_float_3_3
Parameters: 1 -0.000471755 0.000217533 0.000472246 1 -0.0011299 -0.000217467 0.0011301 1 -0.0320358 0.0468443 0.142743
FixedParameters: 0 0 0

#Transform 7
Transform: AffineTransform_float_3_3
Parameters: 1 -0.000459586 0.000348547 0.000460413 0.999999 -0.00118884 -0.000347453 0.00118916 0.999999 -0.0322888 0.0258622 0.162716
FixedParameters: 0 0 0

#Transform 8
Transform: AffineTransform_float_3_3
Parameters: 1 -0.000240036 -6.78733e-05 0.000239964 1 -0.000528016 6.81267e-05 0.000527983 1 -0.0294769 0.0237609 0.17989
FixedParameters: 0 0 0

#Transform 9
Transform: AffineTransform_float_3_3
Parameters: 1 -0.000332725 0.000291314 0.000333276 0.999999 -0.000944902 -0.000291685 0.000945096 0.999999 -0.0263514 0.029981 0.138208
FixedParameters: 0 0 0

#Transform 10
Transform: AffineTransform_float_3_3
Parameters: 0.999999 1.06368e-06 0.000767999 6.3681e-08 0.999999 -0.001385 -0.000768 0.001385 0.999998 -0.0378318 0.0273758 0.114793
FixedParameters: 0 0 0

#Transform 11
Transform: AffineTransform_float_3_3
Parameters: 1 -0.000131846 0.00061025 0.000133156 0.999998 -0.00189192 -0.000610749 0.00189208 0.999998 -0.0341331 0.0222924 0.0918784
FixedParameters: 0 0 0

#Transform 12
Transform: AffineTransform_float_3_3
Parameters: 1 -0.000147933 0.000564281 0.000149067 0.999998 -0.00189192 -0.000563719 0.00189208 0.999998 -0.026746 0.0165411 0.0978794
FixedParameters: 0 0 0

#Transform 13
Transform: AffineTransform_float_3_3
Parameters: 0.999999 -0.000190341 0.000708448 0.000191659 0.999997 -0.00234387 -0.000707553 0.00234314 0.999997 -0.0259271 0.00590334 0.100652
FixedParameters: 0 0 0

#Transform 14
Transform: AffineTransform_float_3_3
Parameters: 1 -3.28147e-05 0.000518076 3.31851e-05 0.999998 -0.00228798 -0.000517925 0.00228802 0.999997 -0.0354151 0.0246351 0.10204
FixedParameters: 0 0 0

#Transform 15
Transform: AffineTransform_float_3_3
Parameters: 1 -0.00028374 0.00012957 0.000284259 0.999998 -0.00200896 -0.000128429 0.00200904 0.999998 -0.0099733 0.0531089 0.257221
FixedParameters: 0 0 0

#Transform 16
Transform: AffineTransform_float_3_3
Parameters: 1 -3.45878e-05 0.000382038 3.44122e-05 1 -0.00107899 -0.000381963 0.00107901 1 -0.0180188 0.0392903 0.22032
FixedParameters: 0 0 0

#Transform 17
Transform: AffineTransform_float_3_3
Parameters: 1 -0.000129898 0.000505285 0.000131102 0.999997 -0.00218193 -0.000504715 0.00218207 0.999998 -0.0260965 0.0193121 -0.00651837
FixedParameters: 0 0 0

#Transform 18
Transform: AffineTransform_float_3_3
Parameters: 1 -0.000314978 -0.00055615 0.000317021 0.999994 0.00363883 0.00055485 -0.00363918 0.999993 -0.0157015 0.065318 0.131035
FixedParameters: 0 0 0

#Transform 19
Transform: AffineTransform_float_3_3
Parameters: 1 6.32331e-05 -0.000130888 -6.37667e-05 0.999999 0.00178001 0.000131114 -0.00177999 0.999999 -0.0181899 0.0392811 0.00633767
FixedParameters: 0 0 0

#Transform 20
Transform: AffineTransform_float_3_3
Parameters: 1 -4.27267e-05 -0.000197059 4.32732e-05 0.999999 0.00138699 0.00019694 -0.00138701 0.999999 -0.00252294 -0.00348204 0.0313064
FixedParameters: 0 0 0

#Transform 21
Transform: AffineTransform_float_3_3
Parameters: 1 6.09998e-06 0.000397015 -6.90225e-06 0.999998 0.002267 -0.000397985 -0.002267 0.999998 -0.0217632 0.00570682 -0.0758274
FixedParameters: 0 0 0

#Transform 22
Transform: AffineTransform_float_3_3
Parameters: 1 -2.97669e-05 0.000690054 3.1233e-05 0.999999 -0.00178698 -0.000689945 0.00178702 0.999998 -0.0201762 0.0147934 -0.0580642
FixedParameters: 0 0 0

#Transform 23
Transform: AffineTransform_float_3_3
Parameters: 0.999999 0.000150949 0.00144539 -0.000145052 0.999991 -0.00411521 -0.00144561 0.00411479 0.999991 -0.0217041 -0.0940686 -0.251417
FixedParameters: 0 0 0

#Transform 24
Transform: AffineTransform_float_3_3
Parameters: 1 -8.21832e-05 0.00116313 8.4818e-05 0.999999 -0.0015619 -0.00116387 0.0015621 0.999998 -0.0149302 -0.0224094 -0.230315
FixedParameters: 0 0 0

#Transform 25
Transform: AffineTransform_float_3_3
Parameters: 0.999999 0.000725566 0.000614512 -0.000725432 0.999999 0.000705554 -0.000613488 -0.000705445 0.999999 -0.038209 0.140679 0.317642
FixedParameters: 0 0 0

#Transform 26
Transform: AffineTransform_float_3_3
Parameters: 0.999999 0.000378211 0.000902661 -0.000374791 0.999993 -0.00355534 -0.000903338 0.00355466 0.999994 -0.0276387 0.098221 0.213865
FixedParameters: 0 0 0

#Transform 27
Transform: AffineTransform_float_3_3
Parameters: 1 0.00054102 0.000970218 -0.00053598 0.999986 -0.00516752 -0.000972783 0.00516648 0.999986 -0.0312832 0.0770032 0.170824
FixedParameters: 0 0 0

#Transform 28
Transform: AffineTransform_float_3_3
Parameters: 0.999999 0.000600444 0.00116971 -0.000593553 0.999984 -0.0055027 -0.00117328 0.0055013 0.999984 -0.0338557 0.075985 0.0991545
FixedParameters: 0 0 0

#Transform 29
Transform: AffineTransform_float_3_3
Parameters: 0.999999 0.00091407 0.00106683 -0.000907934 0.999983 -0.00567697 -0.00107117 0.00567603 0.999984 -0.0396206 0.0535743 0.130844
FixedParameters: 0 0 0

#Transform 30
Transform: AffineTransform_float_3_3
Parameters: 0.999998 0.000617188 0.0014792 -0.000607811 0.99998 -0.0062049 -0.0014828 0.00620309 0.999979 -0.0362132 0.0349 0.12011
FixedParameters: 0 0 0

#Transform 31
Transform: AffineTransform_float_3_3
Parameters: 0.999999 0.000623932 0.00129822 -0.00061607 0.999981 -0.0061008 -0.00130178 0.00610019 0.99998 -0.0345043 0.0823788 0.122281
FixedParameters: 0 0 0

#Transform 32
Transform: AffineTransform_float_3_3
Parameters: 0.999998 0.000662985 0.00147845 -0.000655012 0.999985 -0.00539498 -0.00148256 0.00539403 0.999985 -0.0295264 0.102864 0.136881
FixedParameters: 0 0 0

#Transform 33
Transform: AffineTransform_float_3_3
Parameters: 0.999999 0.000593799 0.00130548 -0.000586205 0.999982 -0.00596577 -0.00130852 0.00596523 0.999982 -0.0222227 0.0776179 0.125074
FixedParameters: 0 0 0

#Transform 34
Transform: AffineTransform_float_3_3
Parameters: 0.999999 0.000362211 0.00150481 -0.000352788 0.999981 -0.00611654 -0.00150719 0.00611646 0.99998 -0.0234854 0.0677267 0.0745111
FixedParameters: 0 0 0

#Transform 35
Transform: AffineTransform_float_3_3
Parameters: 0.999998 0.00067551 0.00151981 -0.000665489 0.999981 -0.00624902 -0.00152419 0.00624798 0.99998 -0.0339366 0.0515667 0.0436725
FixedParameters: 0 0 0

#Transform 36
Transform: AffineTransform_float_3_3
Parameters: 0.999998 0.00102914 0.00136616 -0.00101986 0.999977 -0.0066764 -0.00137284 0.0066746 0.999977 -0.0400745 0.0573293 0.0166561
FixedParameters: 0 0 0

#Transform 37
Transform: AffineTransform_float_3_3
Parameters: 0.999998 0.000668448 0.00155054 -0.000657555 0.999977 -0.00672903 -0.00155446 0.00672797 0.999976 -0.0280416 0.045676 0.0155127
FixedParameters: 0 0 0

#Transform 38
Transform: AffineTransform_float_3_3
Parameters: 0.999999 0.000615717 0.00164102 -0.000605284 0.999979 -0.00652301 -0.00164498 0.006522 0.999978 -0.0329992 0.0851746 0.0450005
FixedParameters: 0 0 0

#Transform 39
Transform: AffineTransform_float_3_3
Parameters: 0.999998 0.000631443 0.001786 -0.000619558 0.99998 -0.00640012 -0.00179 0.00639888 0.999978 -0.0343619 0.0776617 0.00673473
FixedParameters: 0 0 0

#Transform 40
Transform: AffineTransform_float_3_3
Parameters: 0.999999 0.00057913 0.00175805 -0.000566871 0.999976 -0.00689201 -0.00176195 0.00689099 0.999974 -0.0399612 0.0605 -0.0432202
FixedParameters: 0 0 0

#Transform 41
Transform: AffineTransform_float_3_3
Parameters: 0.999998 0.000766982 0.00188096 -0.000752017 0.999968 -0.00795343 -0.00188704 0.00795157 0.999966 -0.0462232 0.0440468 -0.00179582
FixedParameters: 0 0 0

#Transform 42
Transform: AffineTransform_float_3_3
Parameters: 0.999999 0.000748503 0.00155504 -0.000736498 0.999968 -0.00802516 -0.00156096 0.00802384 0.999966 -0.0322651 0.058085 0.0510045
FixedParameters: 0 0 0

#Transform 43
Transform: AffineTransform_float_3_3
Parameters: 0.999999 0.000837317 0.00161717 -0.000823684 0.999966 -0.00821834 -0.00162382 0.00821665 0.999965 -0.0344319 0.059273 0.0175397
FixedParameters: 0 0 0

#Transform 44
Transform: AffineTransform_float_3_3
Parameters: 0.999999 0.000499154 0.00171566 -0.000483843 0.999961 -0.00882184 -0.00172034 0.00882115 0.999959 -0.0402383 0.0480937 0.00645698
FixedParameters: 0 0 0

#Transform 45
Transform: AffineTransform_float_3_3
Parameters: 0.999998 0.000545999 0.00161801 -0.000531001 0.999957 -0.00925587 -0.00162298 0.00925513 0.999956 -0.038592 0.0260388 0.0284723
FixedParameters: 0 0 0

#Transform 46
Transform: AffineTransform_float_3_3
Parameters: 0.999999 0.000839669 0.00158078 -0.000824328 0.999951 -0.00988732 -0.00158923 0.00988568 0.99995 -0.0463224 0.034305 0.0126297
FixedParameters: 0 0 0

#Transform 47
Transform: AffineTransform_float_3_3
Parameters: 0.999998 0.000396763 0.00198515 -0.000377229 0.999951 -0.00994577 -0.00198985 0.00994523 0.999948 -0.0397884 0.0203058 -0.0125736
FixedParameters: 0 0 0

#Transform 48
Transform: AffineTransform_float_3_3
Parameters: 0.999998 0.000186372 0.0016172 -0.000169619 0.999949 -0.0101183 -0.0016198 0.0101177 0.999948 -0.0433866 0.00838048 -0.0249658
FixedParameters: 0 0 0

#Transform 49
Transform: AffineTransform_float_3_3
Parameters: 0.999999 0.000394594 0.00176716 -0.000377407 0.999951 -0.00994569 -0.00177084 0.00994432 0.999949 -0.0448635 0.00691549 0.0112565
FixedParameters: 0 0 0

#Transform 50
Transform: AffineTransform_float_3_3
Parameters: 0.999999 0.000288484 0.00170914 -0.000270517 0.999947 -0.0102215 -0.00171186 0.0102205 0.999947 -0.035822 0.00851339 0.0318725
FixedParameters: 0 0 0

#Transform 51
Transform: AffineTransform_float_3_3
Parameters: 1 0.000467216 0.00112321 -0.000457786 0.999967 -0.00819152 -0.00112679 0.00819048 0.999966 -0.0286678 0.0219018 0.0256236
FixedParameters: 0 0 0

#Transform 52
Transform: AffineTransform_float_3_3
Parameters: 0.999999 0.00050521 0.00145045 -0.000489783 0.999937 -0.0111547 -0.00145655 0.0111543 0.999936 -0.0387836 0.0039132 -0.0185345
FixedParameters: 0 0 0

#Transform 53
Transform: AffineTransform_float_3_3
Parameters: 1 0.000386723 0.000953113 -0.000377279 0.999948 -0.0101794 -0.00095689 0.0101796 0.999947 -0.0332155 -0.0280251 -0.0644789
FixedParameters: 0 0 0

#Transform 54
Transform: AffineTransform_float_3_3
Parameters: 0.999998 0.000546232 0.0015738 -0.000530766 0.999953 -0.00966285 -0.0015792 0.00966215 0.999952 -0.0404582 0.0108867 0.0158705
FixedParameters: 0 0 0

#Transform 55
Transform: AffineTransform_float_3_3
Parameters: 1 0.000222707 0.00100569 -0.00021229 0.999944 -0.0106342 -0.00100831 0.0106338 0.999943 -0.0150849 0.0096479 -0.0653646
FixedParameters: 0 0 0

#Transform 56
Transform: AffineTransform_float_3_3
Parameters: 0.999999 0.000437232 0.00146182 -0.000422767 0.999952 -0.00972162 -0.00146618 0.00972136 0.999951 -0.028264 0.026986 0.16131
FixedParameters: 0 0 0

#Transform 57
Transform: AffineTransform_float_3_3
Parameters: 0.999999 0.000370711 0.0013879 -0.0003553 0.999936 -0.0113025 -0.0013911 0.0113025 0.999935 -0.0269299 -0.0316189 -0.0542592
FixedParameters: 0 0 0

#Transform 58
Transform: AffineTransform_float_3_3
Parameters: 0.999999 0.000370785 0.00147713 -0.000355205 0.999943 -0.0106725 -0.00148187 0.0106715 0.999942 -0.0288061 0.0349067 0.021041
FixedParameters: 0 0 0

#Transform 59
Transform: AffineTransform_float_3_3
Parameters: 0.999998 0.000325019 0.00224606 -0.000303983 0.999956 -0.00935171 -0.00224894 0.00935129 0.999953 -0.0185836 0.0280141 0.0788612
FixedParameters: 0 0 0

#Transform 60
Transform: AffineTransform_float_3_3
Parameters: 0.999998 0.000376267 0.001943 -0.000355734 0.99994 -0.0109337 -0.00194701 0.0109333 0.999939 -0.017755 0.0271458 0.0312518
FixedParameters: 0 0 0

#Transform 61
Transform: AffineTransform_float_3_3
Parameters: 0.999999 0.000375286 0.00179588 -0.000355713 0.999937 -0.0112827 -0.00180013 0.0112823 0.999934 -0.0260514 0.0114473 0.0541594
FixedParameters: 0 0 0

#Transform 62
Transform: AffineTransform_float_3_3
Parameters: 0.999999 0.000371928 0.00144475 -0.000355079 0.999931 -0.0117005 -0.00144825 0.0116995 0.99993 -0.0145175 0.0170709 0.0939533
FixedParameters: 0 0 0

#Transform 63
Transform: AffineTransform_float_3_3
Parameters: 1 -9.30696e-05 0.000229791 9.49321e-05 0.999964 -0.00841497 -0.000229209 0.00841501 0.999964 -0.0126322 0.0659058 0.111989
FixedParameters: 0 0 0

#Transform 64
Transform: AffineTransform_float_3_3
Parameters: 0.999978 -0.00168202 -0.00643544 0.00171398 0.999986 0.00496708 0.00642656 -0.00497792 0.999967 0.0672154 -0.182011 -0.0948605
FixedParameters: 0 0 0

#Transform 65
Transform: AffineTransform_float_3_3
Parameters: 0.999943 -0.00224655 -0.0103928 0.00276445 0.998738 0.0501421 0.0102673 -0.0501689 0.998688 0.140871 -0.0397417 0.69176
FixedParameters: 0 0 0

#Transform 66
Transform: AffineTransform_float_3_3
Parameters: 0.99997 -0.0023365 -0.00728548 0.00269352 0.998773 0.0494528 0.00716153 -0.0494712 0.99875 0.0838244 0.0875575 1.05677
FixedParameters: 0 0 0

#Transform 67
Transform: AffineTransform_float_3_3
Parameters: 0.999965 -0.00401152 -0.00731887 0.00429744 0.999213 0.0394159 0.00715411 -0.0394461 0.999196 0.110211 0.145452 0.957494
FixedParameters: 0 0 0

#Transform 68
Transform: AffineTransform_float_3_3
Parameters: 0.99997 -0.00366763 -0.00679793 0.00392034 0.999283 0.0376415 0.0066541 -0.0376665 0.999268 0.0959791 0.189055 0.986821
FixedParameters: 0 0 0

#Transform 69
Transform: AffineTransform_float_3_3
Parameters: 0.99998 -0.00301807 -0.00557278 0.00322094 0.999319 0.0367728 0.00545822 -0.0367902 0.999308 0.0681102 0.0756695 0.729745
FixedParameters: 0 0 0

#Transform 70
Transform: AffineTransform_float_3_3
Parameters: 0.99998 -0.00338971 -0.00536337 0.00357527 0.999377 0.0351135 0.00524066 -0.0351325 0.999369 0.0798686 0.0995267 0.711788
FixedParameters: 0 0 0

#Transform 71
Transform: AffineTransform_float_3_3
Parameters: 0.999978 -0.00345238 -0.00568201 0.00363762 0.999449 0.0329881 0.00556499 -0.0330079 0.999439 0.0710776 0.111331 0.679842
FixedParameters: 0 0 0

#Transform 72
Transform: AffineTransform_float_3_3
Parameters: 0.999984 -0.00320221 -0.00476696 0.00334879 0.999511 0.0311105 0.00466505 -0.0311264 0.999504 0.0518344 0.109757 0.613175
FixedParameters: 0 0 0

#Transform 73
Transform: AffineTransform_float_3_3
Parameters: 0.999985 -0.00325572 -0.00427999 0.00337227 0.999617 0.027446 0.004189 -0.02746 0.999614 0.0412621 0.0573452 0.537615
FixedParameters: 0 0 0

#Transform 74
Transform: AffineTransform_float_3_3
Parameters: 0.999987 -0.00322582 -0.00409626 0.00332417 0.999702 0.0241907 0.00401674 -0.0242043 0.999699 0.0392923 0.0414302 0.570142
FixedParameters: 0 0 0

#Transform 75
Transform: AffineTransform_float_3_3
Parameters: 0.999985 -0.00343126 -0.00415508 0.00352573 0.999729 0.0230117 0.00407492 -0.0230253 0.999726 0.0495514 0.000243963 0.440553
FixedParameters: 0 0 0

#Transform 76
Transform: AffineTransform_float_3_3
Parameters: 0.999989 -0.00279538 -0.00362736 0.00287161 0.999769 0.0212928 0.00356665 -0.0213032 0.999766 0.0131232 -0.036914 0.274315
FixedParameters: 0 0 0

#Transform 77
Transform: AffineTransform_float_3_3
Parameters: 0.999989 -0.0030343 -0.00359193 0.0031057 0.999799 0.0198431 0.00353105 -0.0198539 0.999796 0.0242188 -0.0286901 0.23977
FixedParameters: 0 0 0

#Transform 78
Transform: AffineTransform_float_3_3
Parameters: 0.999989 -0.00352181 -0.00330208 0.0035792 0.999841 0.0174784 0.00323992 -0.0174896 0.999842 0.0421222 -0.0151149 0.192004
FixedParameters: 0 0 0

#Transform 79
Transform: AffineTransform_float_3_3
Parameters: 0.999994 -0.0031472 -0.00184617 0.0031678 0.999937 0.0108202 0.00181182 -0.0108268 0.99994 0.00893873 -0.0110334 0.0786449
FixedParameters: 0 0 0

#Transform 80
Transform: AffineTransform_float_3_3
Parameters: 0.999993 -0.00354265 -0.0013561 0.00355735 0.999936 0.0107303 0.00131789 -0.0107358 0.999942 0.0142235 -0.0211285 0.00357455
FixedParameters: 0 0 0

#Transform 81
Transform: AffineTransform_float_3_3
Parameters: 0.999995 -0.00281606 -0.00127053 0.00282693 0.999958 0.00869046 0.00124548 -0.00869355 0.999962 0.00370424 -0.0194239 -0.00323217
FixedParameters: 0 0 0

#Transform 82
Transform: AffineTransform_float_3_3
Parameters: 0.999994 -0.00340296 -0.00124697 0.00341205 0.999968 0.0073258 0.00122203 -0.00733021 0.999973 0.0275058 -0.0429741 -0.0336441
FixedParameters: 0 0 0

#Transform 83
Transform: AffineTransform_float_3_3
Parameters: 0.999994 -0.0031605 -0.000864135 0.00316651 0.999966 0.0076273 0.000840868 -0.00762969 0.99997 0.0137796 -0.0356412 -0.0581457
FixedParameters: 0 0 0

#Transform 84
Transform: AffineTransform_float_3_3
Parameters: 0.999995 -0.00331885 -0.00068251 0.00332215 0.999983 0.00466976 0.000666492 -0.00467124 0.999989 0.0139883 -0.0267151 -0.0668973
FixedParameters: 0 0 0

#Transform 85
Transform: AffineTransform_float_3_3
Parameters: 0.999996 -0.00306329 -0.000149312 0.00306371 0.999983 0.00499757 0.000133689 -0.00499843 0.999988 0.00514211 -0.0519986 -0.119803
FixedParameters: 0 0 0

#Transform 86
Transform: AffineTransform_float_3_3
Parameters: 0.999996 -0.00286293 0.00028481 0.00286207 0.999991 0.00321083 -0.000294187 -0.00320917 0.999995 -0.00185245 -0.0260931 -0.168552
FixedParameters: 0 0 0

#Transform 87
Transform: AffineTransform_float_3_3
Parameters: 0.999996 -0.00304263 0.000252512 0.00304137 0.999993 0.00246178 -0.000260488 -0.00246122 0.999997 0.00323614 -0.0368099 -0.150048
FixedParameters: 0 0 0

#Transform 88
Transform: AffineTransform_float_3_3
Parameters: 0.999997 -0.0025871 0.000567001 0.0025859 0.999995 0.00193347 -0.000571998 -0.00193153 0.999998 -0.0158179 -0.00210837 -0.155229
FixedParameters: 0 0 0

#Transform 89
Transform: AffineTransform_float_3_3
Parameters: 0.999997 -0.0023612 0.000299436 0.0023608 0.999997 0.000662709 -0.000301564 -0.00066229 0.999999 -0.0201654 -0.025827 -0.182795
FixedParameters: 0 0 0

#Transform 90
Transform: AffineTransform_float_3_3
Parameters: 0.999998 -0.00206063 0.000470242 0.00206037 0.999997 0.00133897 -0.000472758 -0.00133803 0.999999 -0.0279022 -0.0146811 -0.183664
FixedParameters: 0 0 0

#Transform 91
Transform: AffineTransform_float_3_3
Parameters: 0.999996 -0.0024844 0.00076871 0.0024846 0.999997 0.000519911 -0.000770289 -0.000518088 0.999999 -0.0301551 -0.0358489 -0.243963
FixedParameters: 0 0 0

#Transform 92
Transform: AffineTransform_float_3_3
Parameters: 0.999998 -0.00190307 0.000499721 0.00190293 0.999998 0.000146951 -0.000500279 -0.000146048 1 -0.03211 -0.0295424 -0.201261
FixedParameters: 0 0 0

#Transform 93
Transform: AffineTransform_float_3_3
Parameters: 0.999997 -0.00233512 0.000556499 0.00233488 0.999998 0.0002153 -0.0005575 -0.000213699 1 -0.0263277 -0.0374194 -0.185016
FixedParameters: 0 0 0

#Transform 94
Transform: AffineTransform_float_3_3
Parameters: 0.999998 -0.00193681 0.000615452 0.00193619 0.999998 0.00131619 -0.000618547 -0.0013148 0.999999 -0.0305105 -0.0306895 -0.14833
FixedParameters: 0 0 0

#Transform 95
Transform: AffineTransform_float_3_3
Parameters: 0.999998 -0.00177559 0.000616309 0.00177441 0.999998 0.000953096 -0.000618691 -0.000951903 1 -0.0343585 -0.0127221 -0.176891
FixedParameters: 0 0 0

#Transform 96
Transform: AffineTransform_float_3_3
Parameters: 0.999997 -0.00199844 0.000844947 0.00199855 0.999998 0.00052769 -0.000846051 -0.00052531 0.999999 -0.0297902 -0.0165059 -0.201553
FixedParameters: 0 0 0

#Transform 97
Transform: AffineTransform_float_3_3
Parameters: 0.999998 -0.001935 0.000618001 0.001935 0.999998 1.95832e-07 -0.000617999 1.19583e-06 1 -0.0296134 -0.0356533 -0.224397
FixedParameters: 0 0 0

#Transform 98
Transform: AffineTransform_float_3_3
Parameters: 0.999998 -0.00186388 0.00077928 0.00186412 0.999999 -0.000149548 -0.000778719 0.000151452 0.999999 -0.0318603 -0.0587155 -0.232625
FixedParameters: 0 0 0

#Transform 99
Transform: AffineTransform_float_3_3
Parameters: 0.999998 -0.001896 0.000925998 0.001896 0.999998 1.7557e-06 -0.000926002 -2.443e-07 0.999999 -0.0321321 -0.0522995 -0.229014
FixedParameters: 0 0 0

#Transform 100
Transform: AffineTransform_float_3_3
Parameters: 0.999997 -0.00186677 0.00113338 0.00186723 0.999998 -0.000200884 -0.00113262 0.000203115 1 -0.0340335 -0.0353925 -0.268864
FixedParameters: 0 0 0

#Transform 101
Transform: AffineTransform_float_3_3
Parameters: 0.999997 -0.00186522 0.00106536 0.00186578 0.999998 -0.000730014 -0.00106364 0.000731986 0.999999 -0.0430432 -0.0552609 -0.296316
FixedParameters: 0 0 0

#Transform 102
Transform: AffineTransform_float_3_3
Parameters: 0.999998 -0.00174378 0.00115584 0.00174522 0.999998 -0.00105198 -0.00115416 0.00105401 0.999999 -0.041821 -0.080741 -0.316609
FixedParameters: 0 0 0

#Transform 103
Transform: AffineTransform_float_3_3
Parameters: 0.999997 -0.00175077 0.00120878 0.00175223 0.999998 -0.00101488 -0.00120722 0.00101712 0.999999 -0.0419509 -0.0625859 -0.315844
FixedParameters: 0 0 0

#Transform 104
Transform: AffineTransform_float_3_3
Parameters: 0.999997 -0.00197757 0.00129819 0.00197944 0.999998 -0.00110543 -0.00129581 0.00110757 0.999998 -0.0488461 -0.068173 -0.330641
FixedParameters: 0 0 0

#Transform 105
Transform: AffineTransform_float_3_3
Parameters: 0.999997 -0.00183908 0.00131429 0.00183992 0.999998 -0.000701584 -0.00131371 0.000704418 0.999999 -0.0517002 -0.0786195 -0.329532
FixedParameters: 0 0 0

#Transform 106
Transform: AffineTransform_float_3_3
Parameters: 0.999998 -0.00175529 0.00115508 0.00175571 0.999999 -0.000612974 -0.00115392 0.000615027 0.999999 -0.0394668 -0.0892274 -0.337775
FixedParameters: 0 0 0

#Transform 107
Transform: AffineTransform_float_3_3
Parameters: 0.999997 -0.00171019 0.00131505 0.00171081 0.999999 -0.000612752 -0.00131395 0.000615249 0.999999 -0.0413346 -0.0650711 -0.327714
FixedParameters: 0 0 0

#Transform 108
Transform: AffineTransform_float_3_3
Parameters: 0.999998 -0.0017242 0.0011552 0.0017258 0.999999 -0.000693008 -0.0011538 0.000694991 0.999999 -0.040353 -0.0629383 -0.343614
FixedParameters: 0 0 0

#Transform 109
Transform: AffineTransform_float_3_3
Parameters: 0.999997 -0.00208615 0.00115553 0.00208685 0.999998 -0.000732591 -0.00115347 0.000734409 0.999999 -0.0255671 -0.0707165 -0.365599
FixedParameters: 0 0 0

#Transform 110
Transform: AffineTransform_float_3_3
Parameters: 0.999997 -0.00192173 0.00148764 0.00192227 0.999998 -0.000852142 -0.00148536 0.000854856 0.999998 -0.0444472 -0.0877671 -0.368129
FixedParameters: 0 0 0

#Transform 111
Transform: AffineTransform_float_3_3
Parameters: 0.999998 -0.00169138 0.00145289 0.00169262 0.999998 -0.00111654 -0.00145111 0.00111946 0.999999 -0.0411855 -0.0805214 -0.380201
FixedParameters: 0 0 0

#Transform 112
Transform: AffineTransform_float_3_3
Parameters: 0.999997 -0.00188937 0.00154522 0.00189163 0.999997 -0.00170008 -0.00154178 0.00170292 0.999998 -0.0417911 -0.0866715 -0.352748
FixedParameters: 0 0 0

#Transform 113
Transform: AffineTransform_float_3_3
Parameters: 0.999997 -0.00160687 0.00145136 0.00160913 0.999997 -0.00146667 -0.00144964 0.00146933 0.999998 -0.0401522 -0.0974817 -0.317901
FixedParameters: 0 0 0

#Transform 114
Transform: AffineTransform_float_3_3
Parameters: 0.999998 -0.00144497 0.00137214 0.00144703 0.999998 -0.00147802 -0.00136986 0.00147998 0.999998 -0.0421072 -0.0702211 -0.31813
FixedParameters: 0 0 0

#Transform 115
Transform: AffineTransform_float_3_3
Parameters: 0.999998 -0.00142696 0.00139709 0.00142904 0.999998 -0.00146201 -0.00139491 0.00146399 0.999998 -0.0459265 -0.0762072 -0.347982
FixedParameters: 0 0 0

#Transform 116
Transform: AffineTransform_float_3_3
Parameters: 0.999998 -0.00156206 0.0013203 0.00156394 0.999997 -0.00146994 -0.0013187 0.00147206 0.999998 -0.0417889 -0.0791777 -0.331737
FixedParameters: 0 0 0

#Transform 117
Transform: AffineTransform_float_3_3
Parameters: 0.999998 -0.00156572 0.00140654 0.00156828 0.999998 -0.0016218 -0.00140446 0.0016242 0.999997 -0.044024 -0.0654845 -0.348434
FixedParameters: 0 0 0

#Transform 118
Transform: AffineTransform_float_3_3
Parameters: 0.999998 -0.00143315 0.00140491 0.00143585 0.999997 -0.00203099 -0.00140209 0.00203301 0.999997 -0.0410707 -0.0817165 -0.359679
FixedParameters: 0 0 0

#Transform 119
Transform: AffineTransform_float_3_3
Parameters: 0.999998 -0.00151245 0.00117729 0.00151455 0.999996 -0.00216922 -0.00117472 0.00217078 0.999997 -0.0427235 -0.0803929 -0.34583
FixedParameters: 0 0 0

#Transform 120
Transform: AffineTransform_float_3_3
Parameters: 0.999998 -0.00173766 0.00144702 0.00174034 0.999996 -0.00230849 -0.00144299 0.00231051 0.999997 -0.0370971 -0.0976394 -0.368759
FixedParameters: 0 0 0

#Transform 121
Transform: AffineTransform_float_3_3
Parameters: 0.999998 -0.0015571 0.00143016 0.0015599 0.999996 -0.00202677 -0.00142684 0.00202923 0.999997 -0.0401525 -0.116731 -0.332519
FixedParameters: 0 0 0

#Transform 122
Transform: AffineTransform_float_3_3
Parameters: 0.999998 -0.0015294 0.0012851 0.0015316 0.999997 -0.00202704 -0.0012819 0.00202896 0.999997 -0.0439385 -0.111673 -0.360558
FixedParameters: 0 0 0

#Transform 123
Transform: AffineTransform_float_3_3
Parameters: 0.999998 -0.00157775 0.0013676 0.00158025 0.999998 -0.00164884 -0.00136439 0.00165116 0.999997 -0.0392345 -0.0995269 -0.350266
FixedParameters: 0 0 0

#Transform 124
Transform: AffineTransform_float_3_3
Parameters: 0.999998 -0.00163534 0.00128838 0.00163866 0.999996 -0.00206689 -0.00128561 0.00206911 0.999997 -0.0372253 -0.115401 -0.353437
FixedParameters: 0 0 0

#Transform 125
Transform: AffineTransform_float_3_3
Parameters: 0.999998 -0.00149691 0.00133448 0.00150009 0.999996 -0.00232 -0.00133052 0.002322 0.999997 -0.0443188 -0.119246 -0.359914
FixedParameters: 0 0 0

#Transform 126
Transform: AffineTransform_float_3_3
Parameters: 0.999998 -0.00156749 0.00158648 0.00157052 0.999997 -0.00221552 -0.00158352 0.00221749 0.999997 -0.0513468 -0.123776 -0.380949
FixedParameters: 0 0 0

#Transform 127
Transform: AffineTransform_float_3_3
Parameters: 0.999997 -0.00164721 0.00143621 0.00164979 0.999996 -0.00194463 -0.00143379 0.00194737 0.999997 -0.0469139 -0.105283 -0.378726
FixedParameters: 0 0 0

#Transform 128
Transform: AffineTransform_float_3_3
Parameters: 0.999998 -0.00163653 0.000955252 0.00163948 0.999996 -0.00259544 -0.000951746 0.00259756 0.999996 -0.0284298 -0.110869 -0.366798
FixedParameters: 0 0 0

#Transform 129
Transform: AffineTransform_float_3_3
Parameters: 0.999998 -0.00165256 0.00110815 0.00165644 0.999994 -0.00311417 -0.00110285 0.00311583 0.999994 -0.0487888 -0.153774 -0.402285
FixedParameters: 0 0 0

#Transform 130
Transform: AffineTransform_float_3_3
Parameters: 0.999998 -0.00165246 0.00122977 0.00165654 0.999995 -0.00287997 -0.00122523 0.00288203 0.999995 -0.0534682 -0.158602 -0.403336
FixedParameters: 0 0 0

#Transform 131
Transform: AffineTransform_float_3_3
Parameters: 0.999997 -0.00165245 0.00142712 0.00165655 0.999995 -0.00249064 -0.00142288 0.00249236 0.999996 -0.054877 -0.153937 -0.431622
FixedParameters: 0 0 0

#Transform 132
Transform: AffineTransform_float_3_3
Parameters: 0.999998 -0.00165214 0.00128697 0.00165586 0.999994 -0.00300287 -0.00128203 0.00300512 0.999994 -0.046183 -0.163228 -0.430644
FixedParameters: 0 0 0

#Transform 133
Transform: AffineTransform_float_3_3
Parameters: 0.999999 -0.00165335 0.000725072 0.00165565 0.999992 -0.00366881 -0.00071893 0.00367019 0.999993 -0.0275794 -0.185021 -0.413203
FixedParameters: 0 0 0

#Transform 134
Transform: AffineTransform_float_3_3
Parameters: 0.999999 -0.00165181 0.000857123 0.00165619 0.999986 -0.00491058 -0.000848875 0.00491241 0.999987 -0.0260904 -0.181434 -0.456053
FixedParameters: 0 0 0

#Transform 135
Transform: AffineTransform_float_3_3
Parameters: 0.999999 -0.00130169 0.000708114 0.00130531 0.999988 -0.00469108 -0.000701884 0.00469192 0.999988 -0.0368142 -0.17208 -0.421779
FixedParameters: 0 0 0

#Transform 136
Transform: AffineTransform_float_3_3
Parameters: 0.999998 -0.00161958 0.000419526 0.00162142 0.999993 -0.00341032 -0.000414471 0.00341168 0.999994 -0.0214271 -0.103353 -0.282207
FixedParameters: 0 0 0

#Transform 137
Transform: AffineTransform_float_3_3
Parameters: 0.999999 -0.00140298 0.000665417 0.00140602 0.999989 -0.00456807 -0.000658584 0.00456893 0.99999 -0.0343932 -0.141566 -0.379487
FixedParameters: 0 0 0

#Transform 138
Transform: AffineTransform_float_3_3
Parameters: 0.999999 -0.00124834 0.000954124 0.00125266 0.999987 -0.00489681 -0.000947876 0.00489819 0.999987 -0.0492386 -0.158719 -0.43929
FixedParameters: 0 0 0

#Transform 139
Transform: AffineTransform_float_3_3
Parameters: 0.999998 -0.00143896 0.000977464 0.00144404 0.999985 -0.00517759 -0.000970536 0.0051784 0.999986 -0.0423035 -0.169263 -0.466133
FixedParameters: 0 0 0

#Transform 140
Transform: AffineTransform_float_3_3
Parameters: 0.999999 -0.00140256 0.00120835 0.00140844 0.999989 -0.00451431 -0.00120165 0.00451669 0.999989 -0.0506959 -0.179078 -0.483011
FixedParameters: 0 0 0

#Transform 141
Transform: AffineTransform_float_3_3
Parameters: 0.999999 -0.00140053 0.00114771 0.00140547 0.999987 -0.00477839 -0.0011403 0.0047796 0.999988 -0.0476913 -0.174931 -0.515526
FixedParameters: 0 0 0

#Transform 142
Transform: AffineTransform_float_3_3
Parameters: 0.999999 -0.00134853 0.00114746 0.00135447 0.999987 -0.00478245 -0.00114053 0.00478454 0.999988 -0.0484366 -0.213113 -0.524852
FixedParameters: 0 0 0

#Transform 143
Transform: AffineTransform_float_3_3
Parameters: 0.999998 -0.00128923 0.00114751 0.00129576 0.999987 -0.00503752 -0.00114048 0.00503948 0.999986 -0.0506729 -0.210505 -0.558364
FixedParameters: 0 0 0

#Transform 144
Transform: AffineTransform_float_3_3
Parameters: 0.999999 -0.00129353 0.0011472 0.00129847 0.999987 -0.00478052 -0.0011408 0.00478248 0.999988 -0.0535157 -0.227804 -0.548129
FixedParameters: 0 0 0

#Transform 145
Transform: AffineTransform_float_3_3
Parameters: 0.999999 -0.00130789 0.00127231 0.00131411 0.999987 -0.00481433 -0.00126669 0.00481566 0.999987 -0.049703 -0.231957 -0.54421
FixedParameters: 0 0 0

#Transform 146
Transform: AffineTransform_float_3_3
Parameters: 0.999993 -0.0033666 -0.0016642 0.0033764 0.999974 0.00628442 0.00164381 -0.00628957 0.999979 0.0516884 -0.00435229 -0.0185068
FixedParameters: 0 0 0

#Transform 147
Transform: AffineTransform_float_3_3
Parameters: 0.999995 -0.0030381 0.000752016 0.0030129 0.999503 0.0313874 -0.00084698 -0.0313846 0.999507 0.0815339 -0.100181 0.230469
FixedParameters: 0 0 0

#Transform 148
Transform: AffineTransform_float_3_3
Parameters: 0.999999 -0.00115078 0.000913524 0.00114422 0.999972 0.00738806 -0.000922478 -0.00738695 0.999973 -0.0122292 -0.112197 -0.259651
FixedParameters: 0 0 0

#Transform 149
Transform: AffineTransform_float_3_3
Parameters: 0.999998 -0.00226883 -3.93355e-05 0.00226917 0.999985 0.00499592 2.76635e-05 -0.00499607 0.999987 0.0645385 -0.0676199 -0.141716
FixedParameters: 0 0 0

#Transform 150
Transform: AffineTransform_float_3_3
Parameters: 1 -0.000953723 0.000690252 0.000951277 0.999992 0.00393566 -0.000693749 -0.00393434 0.999992 -0.0117363 -0.140276 -0.255362
FixedParameters: 0 0 0

#Transform 151
Transform: AffineTransform_float_3_3
Parameters: 0.999999 -0.00133153 0.000777989 0.00132747 0.999989 0.00452104 -0.000784009 -0.00451996 0.99999 -0.00207203 -0.111729 -0.308448
FixedParameters: 0 0 0

#Transform 152
Transform: AffineTransform_float_3_3
Parameters: 0.999998 -0.00129417 0.000908503 0.00129083 0.999993 0.00347918 -0.000913495 -0.00347782 0.999993 0.0065029 -0.180275 -0.323473
FixedParameters: 0 0 0

#Transform 153
Transform: AffineTransform_float_3_3
Parameters: 0.999998 -0.0012734 0.00144601 0.0012706 0.999997 0.00234884 -0.00144899 -0.00234716 0.999996 -0.0145106 -0.1888 -0.461018
FixedParameters: 0 0 0

#Transform 154
Transform: AffineTransform_float_3_3
Parameters: 0.999999 -0.00119639 0.0013609 0.00119461 0.999997 0.00175563 -0.0013631 -0.00175437 0.999998 -0.0231064 -0.167231 -0.506815
FixedParameters: 0 0 0

#Transform 155
Transform: AffineTransform_float_3_3
Parameters: 0.999999 -0.00102873 0.00145448 0.00102827 1 0.000502496 -0.00145452 -0.000501505 0.999999 -0.0346576 -0.230439 -0.511388
FixedParameters: 0 0 0
