# transform file /out/sourcedata/freesurfer/sub-v1s3x0050817_ses-1/mri/transforms/cc_up.lta
# created by oesteban on Tue Mar 10 03:12:00 2026

type      = 0 # LINEAR_VOX_TO_VOX
nxforms   = 1
mean      = 129.0000 123.0000 121.0000
sigma     = 10000.0000
1 4 4
9.988650083541870e-01 4.185881465673447e-02 2.272816747426987e-02 -5.921018600463867e+00 
-4.184798151254654e-02 9.991235733032227e-01 -9.522086475044489e-04 2.555784797668457e+01 
-2.274810522794724e-02 0.000000000000000e+00 9.997412562370300e-01 1.894073677062988e+01 
0.000000000000000e+00 0.000000000000000e+00 0.000000000000000e+00 1.000000000000000e+00 
src volume info
valid = 1  # volume info valid
filename = /out/sourcedata/freesurfer/sub-v1s3x0050817_ses-1/mri/norm.mgz
volume = 256 256 256
voxelsize = 1.000000000000000e+00 1.000000000000000e+00 1.000000000000000e+00
xras   = -1.000000000000000e+00 0.000000000000000e+00 0.000000000000000e+00
yras   = 0.000000000000000e+00 0.000000000000000e+00 -1.000000000000000e+00
zras   = 0.000000000000000e+00 1.000000000000000e+00 0.000000000000000e+00
cras   = 1.096435546875000e+00 -1.530646514892578e+01 -9.466705322265625e-01
dst volume info
valid = 1  # volume info valid
filename = /out/sourcedata/freesurfer/sub-v1s3x0050817_ses-1/mri/norm.mgz
volume = 256 256 256
voxelsize = 1.000000000000000e+00 1.000000000000000e+00 1.000000000000000e+00
xras   = -1.000000000000000e+00 0.000000000000000e+00 0.000000000000000e+00
yras   = 0.000000000000000e+00 0.000000000000000e+00 -1.000000000000000e+00
zras   = 0.000000000000000e+00 1.000000000000000e+00 0.000000000000000e+00
cras   = 1.096435546875000e+00 -1.530646514892578e+01 -9.466705322265625e-01
