#Insight Transform File V1.0
#Transform 0
Transform: AffineTransform_float_3_3
Parameters: 0.999999 0.000852304 -0.00129919 -0.000847693 0.999994 0.0033101 0.00130281 -0.00330889 0.999993 -0.0355434 0.0641716 0.117385
FixedParameters: 0 0 0

#Transform 1
Transform: AffineTransform_float_3_3
Parameters: 0.999999 0.000643516 -0.000769903 -0.000641483 0.999995 0.0032645 0.000772098 -0.00326351 0.999995 -0.0515556 0.0601666 0.0447467
FixedParameters: 0 0 0

#Transform 2
Transform: AffineTransform_float_3_3
Parameters: 0.999999 0.0006083 -0.000806269 -0.000605701 0.999996 0.00284949 0.000807729 -0.00284951 0.999995 -0.0477173 0.0577988 0.0311194
FixedParameters: 0 0 0

#Transform 3
Transform: AffineTransform_float_3_3
Parameters: 0.999999 0.000571937 -0.000754535 -0.000570061 0.999996 0.00256543 0.000756465 -0.00256457 0.999997 -0.0376057 0.0879712 0.0717149
FixedParameters: 0 0 0

#Transform 4
Transform: AffineTransform_float_3_3
Parameters: 1 0.000454389 -0.000461638 -0.000452611 0.999996 0.00300321 0.000463362 -0.00300379 0.999996 -0.0377744 0.0788215 0.0652008
FixedParameters: 0 0 0

#Transform 5
Transform: AffineTransform_float_3_3
Parameters: 1 0.000119563 -0.000313786 -0.000119437 0.999999 0.00179304 0.000314215 -0.00179396 0.999999 -0.0385587 0.0542241 0.00770395
FixedParameters: 0 0 0

#Transform 6
Transform: AffineTransform_float_3_3
Parameters: 1 0.000568987 -0.000147049 -0.000569012 1 -8.59163e-05 0.000146951 8.60836e-05 1 -0.0422918 0.0722794 -0.0295365
FixedParameters: 0 0 0

#Transform 7
Transform: AffineTransform_float_3_3
Parameters: 1 0.0010409 -0.000173591 -0.0010411 1 -0.00056782 0.000173409 0.000568181 1 -0.0384817 0.0653468 -0.0284482
FixedParameters: 0 0 0

#Transform 8
Transform: AffineTransform_float_3_3
Parameters: 1 0.00117404 0.000235814 -0.00117396 1 -0.000158277 -0.000235185 0.000157724 1 -0.0460212 0.0476757 -0.0353329
FixedParameters: 0 0 0

#Transform 9
Transform: AffineTransform_float_3_3
Parameters: 0.999999 0.000978938 -9.76176e-05 -0.000979061 1 -0.000630905 9.63821e-05 0.000631095 1 -0.0364155 0.0319265 -0.0588437
FixedParameters: 0 0 0

#Transform 10
Transform: AffineTransform_float_3_3
Parameters: 0.999999 0.0010361 0.000151343 -0.0010369 1 -0.000634157 -0.000152658 0.000634842 1 -0.0403004 0.034482 -0.0603975
FixedParameters: 0 0 0

#Transform 11
Transform: AffineTransform_float_3_3
Parameters: 0.999999 0.00117442 0.000509025 -0.00117458 0.999999 -0.000830598 -0.000509976 0.000830401 0.999999 -0.0433207 0.0364454 -0.0887736
FixedParameters: 0 0 0

#Transform 12
Transform: AffineTransform_float_3_3
Parameters: 0.999999 0.000748006 9.69483e-05 -0.000747993 0.999999 -6.90725e-05 -9.70516e-05 6.89274e-05 1 -0.0180316 0.0292253 -0.0629344
FixedParameters: 0 0 0

#Transform 13
Transform: AffineTransform_float_3_3
Parameters: 0.999999 0.00117393 0.000430196 -0.00117407 1 0.000166495 -0.000430804 -0.000167506 1 -0.0496449 0.0104846 -0.0582488
FixedParameters: 0 0 0

#Transform 14
Transform: AffineTransform_float_3_3
Parameters: 0.999999 0.000990053 0.000203743 -0.000989947 1 -0.000259202 -0.000203256 0.000258799 1 -0.0473389 0.0270759 -0.0663623
FixedParameters: 0 0 0

#Transform 15
Transform: AffineTransform_float_3_3
Parameters: 0.999999 0.000705242 0.000483646 -0.000704757 0.999999 -0.000502341 -0.000483353 0.000501659 1 -0.0405467 0.0299599 -0.0533008
FixedParameters: 0 0 0

#Transform 16
Transform: AffineTransform_float_3_3
Parameters: 1 0.000438051 0.000120813 -0.000437948 1 -0.000426053 -0.000121187 0.000425947 1 -0.0285093 0.0386724 -0.010594
FixedParameters: 0 0 0

#Transform 17
Transform: AffineTransform_float_3_3
Parameters: 1 0.000496993 -1.42246e-05 -0.000497006 1 -0.000451993 1.37753e-05 0.000452007 1 -0.0334893 0.00885963 -0.0664084
FixedParameters: 0 0 0

#Transform 18
Transform: AffineTransform_float_3_3
Parameters: 1 0.000593116 0.000148534 -0.000592883 0.999999 -0.000785088 -0.000148465 0.000784911 0.999999 -0.0381212 0.00198232 -0.0722833
FixedParameters: 0 0 0

#Transform 19
Transform: AffineTransform_float_3_3
Parameters: 1 0.000411081 0.000124734 -0.00041192 0.999999 -0.000646051 -0.000124266 0.000645949 1 -0.0311274 0.0101441 -0.0522802
FixedParameters: 0 0 0

#Transform 20
Transform: AffineTransform_float_3_3
Parameters: 1 0.000266053 -0.000222937 -0.000265947 1 0.000238059 0.000223063 -0.000237941 1 -0.0186239 0.0135584 0.0307677
FixedParameters: 0 0 0

#Transform 21
Transform: AffineTransform_float_3_3
Parameters: 1 0.000394985 -0.000249024 -0.000395015 1 -5.99016e-05 0.000248976 6.00983e-05 1 -0.0178073 -0.00939247 -0.0395827
FixedParameters: 0 0 0

#Transform 22
Transform: AffineTransform_float_3_3
Parameters: 1 0.000592763 -0.000247569 -0.000593238 1 -0.000958854 0.000247431 0.000959148 1 -0.0264822 -0.0119879 -0.0728025
FixedParameters: 0 0 0

#Transform 23
Transform: AffineTransform_float_3_3
Parameters: 1 0.00059276 -0.000253561 -0.00059324 1 -0.000946851 0.000253438 0.000947151 1 -0.0321169 -0.00451949 -0.0719394
FixedParameters: 0 0 0

#Transform 24
Transform: AffineTransform_float_3_3
Parameters: 1 0.000129909 0.000126093 -0.00012909 0.999999 0.000717983 -0.000125907 -0.000718016 0.999999 -0.0120703 0.00693499 -0.0584137
FixedParameters: 0 0 0

#Transform 25
Transform: AffineTransform_float_3_3
Parameters: 1 0.000201192 0.000368442 -0.000201809 0.999997 0.00219292 -0.000368558 -0.00219307 0.999997 -0.047858 -0.0604335 -0.188404
FixedParameters: 0 0 0

#Transform 26
Transform: AffineTransform_float_3_3
Parameters: 1 0.000124581 0.00113316 -0.000126418 0.999999 0.00125186 -0.00113284 -0.00125214 0.999998 -0.0729622 -0.0201419 -0.198787
FixedParameters: 0 0 0

#Transform 27
Transform: AffineTransform_float_3_3
Parameters: 0.999999 0.000186732 0.000712333 -0.000188267 0.999999 0.00177987 -0.000711666 -0.00178013 0.999998 -0.0516612 -0.0319113 -0.168436
FixedParameters: 0 0 0

#Transform 28
Transform: AffineTransform_float_3_3
Parameters: 1 0.000427868 0.000811598 -0.000428133 0.999999 0.00139565 -0.000811403 -0.00139635 0.999998 -0.0449655 -0.0615441 -0.161418
FixedParameters: 0 0 0

#Transform 29
Transform: AffineTransform_float_3_3
Parameters: 0.999999 0.000459338 0.000712427 -0.000459662 1 0.000929674 -0.000711573 -0.000929328 1 -0.0465758 -0.0626734 -0.218127
FixedParameters: 0 0 0

#Transform 30
Transform: AffineTransform_float_3_3
Parameters: 0.999999 0.00059223 0.00071264 -0.00059377 0.999999 0.00108058 -0.000712358 -0.00108142 0.999999 -0.0480849 -0.0319539 -0.122941
FixedParameters: 0 0 0

#Transform 31
Transform: AffineTransform_float_3_3
Parameters: 0.999999 0.000289844 0.000874383 -0.000291155 0.999999 0.00132175 -0.000873615 -0.00132225 0.999998 -0.0257567 -0.0386576 -0.113271
FixedParameters: 0 0 0

#Transform 32
Transform: AffineTransform_float_3_3
Parameters: 0.999999 0.000381308 0.00071237 -0.000381691 1 0.000970729 -0.00071163 -0.000971272 1 -0.0253239 -0.060537 -0.169157
FixedParameters: 0 0 0

#Transform 33
Transform: AffineTransform_float_3_3
Parameters: 1 0.000319804 0.000208301 -0.000320196 0.999999 0.000940932 -0.000208699 -0.000941066 0.999999 -0.0175676 -0.0556903 -0.158672
FixedParameters: 0 0 0

#Transform 34
Transform: AffineTransform_float_3_3
Parameters: 1 -3.25001e-05 0.000207922 3.14997e-05 0.999997 0.00240501 -0.000208076 -0.00240499 0.999997 -0.0125714 -0.0488692 -0.0747551
FixedParameters: 0 0 0

#Transform 35
Transform: AffineTransform_float_3_3
Parameters: 1 -2.31687e-05 8.29531e-05 2.28312e-05 0.999998 0.002033 -8.30466e-05 -0.002033 0.999998 -0.0282025 -0.0774189 -0.138406
FixedParameters: 0 0 0

#Transform 36
Transform: AffineTransform_float_3_3
Parameters: 1 -4.99968e-05 -2.07735e-06 5.0003e-05 0.999999 0.001547 1.92265e-06 -0.001547 0.999999 -0.0244057 -0.0714744 -0.124307
FixedParameters: 0 0 0

#Transform 37
Transform: AffineTransform_float_3_3
Parameters: 1 0.000592648 0.000209001 -0.000593352 0.999999 0.00168888 -0.000207998 -0.00168912 0.999998 -0.034808 -0.0681791 -0.122861
FixedParameters: 0 0 0

#Transform 38
Transform: AffineTransform_float_3_3
Parameters: 1 0.000592937 3.89659e-05 -0.000593062 0.999998 0.00162898 -3.80339e-05 -0.00162902 0.999998 -0.0335972 -0.0720801 -0.117062
FixedParameters: 0 0 0

#Transform 39
Transform: AffineTransform_float_3_3
Parameters: 1 0.000592539 0.000290941 -0.000593461 0.999998 0.00158683 -0.000290058 -0.00158717 0.999998 -0.0402475 -0.0829759 -0.110663
FixedParameters: 0 0 0

#Transform 40
Transform: AffineTransform_float_3_3
Parameters: 1 0.000431498 0.000412526 -0.000431503 0.999999 0.00121782 -0.000412475 -0.00121818 0.999999 -0.0385372 -0.0797425 -0.124201
FixedParameters: 0 0 0

#Transform 41
Transform: AffineTransform_float_3_3
Parameters: 1 0.000180101 -4.56015e-05 -0.0001809 0.999997 0.00221301 4.54004e-05 -0.00221299 0.999997 -0.0305877 -0.0813994 -0.106363
FixedParameters: 0 0 0

#Transform 42
Transform: AffineTransform_float_3_3
Parameters: 1 0.000312419 -0.000175254 -0.000312581 0.999997 0.00238806 0.000175747 -0.00238795 0.999997 -0.0323575 -0.0989268 -0.148792
FixedParameters: 0 0 0

#Transform 43
Transform: AffineTransform_float_3_3
Parameters: 1 0.000811962 0.000813041 -0.000813039 0.999997 0.00251034 -0.000810961 -0.00251066 0.999996 -0.0306247 -0.0663835 0.00137698
FixedParameters: 0 0 0

#Transform 44
Transform: AffineTransform_float_3_3
Parameters: 0.999998 0.000626809 0.00162801 -0.00063219 0.999994 0.00318997 -0.00162599 -0.00319102 0.999993 -0.0710237 -0.0900578 0.00668024
FixedParameters: 0 0 0

#Transform 45
Transform: AffineTransform_float_3_3
Parameters: 0.999999 0.000806761 0.00116725 -0.000810238 0.999996 0.00277706 -0.00116475 -0.00277794 0.999996 -0.0712342 -0.0993475 -0.0891143
FixedParameters: 0 0 0

#Transform 46
Transform: AffineTransform_float_3_3
Parameters: 0.999999 0.00088843 0.00107513 -0.000891569 0.999996 0.00239204 -0.00107287 -0.00239295 0.999996 -0.0717341 -0.0560963 -0.00240496
FixedParameters: 0 0 0

#Transform 47
Transform: AffineTransform_float_3_3
Parameters: 1 0.000503018 0.0010744 -0.000505984 0.999996 0.00277746 -0.0010736 -0.00277754 0.999995 -0.0684796 -0.104266 -0.0288672
FixedParameters: 0 0 0

#Transform 48
Transform: AffineTransform_float_3_3
Parameters: 0.999999 0.00131354 0.00124665 -0.00131746 0.999996 0.00277636 -0.00124335 -0.00277764 0.999996 -0.074793 -0.130873 -0.0836686
FixedParameters: 0 0 0

#Transform 49
Transform: AffineTransform_float_3_3
Parameters: 0.999998 0.00117475 0.00107656 -0.00117825 0.999994 0.00302673 -0.00107344 -0.00302726 0.999995 -0.0573 -0.121793 -0.0504962
FixedParameters: 0 0 0

#Transform 50
Transform: AffineTransform_float_3_3
Parameters: 1 0.00105284 0.000386189 -0.00105416 0.999995 0.0030266 -0.000382811 -0.00302741 0.999996 -0.0218264 -0.107795 -0.0412692
FixedParameters: 0 0 0

#Transform 51
Transform: AffineTransform_float_3_3
Parameters: 0.999998 0.00147636 0.000693507 -0.00147764 0.999996 0.00237398 -0.000689493 -0.00237502 0.999997 -0.0392504 -0.139978 -0.118146
FixedParameters: 0 0 0

#Transform 52
Transform: AffineTransform_float_3_3
Parameters: 0.999999 0.00147602 0.000981992 -0.00147799 0.999997 0.00202455 -0.00097901 -0.00202545 0.999998 -0.0211917 -0.136818 -0.124126
FixedParameters: 0 0 0

#Transform 53
Transform: AffineTransform_float_3_3
Parameters: 0.999999 0.00128036 0.000662179 -0.00128164 0.999996 0.00248115 -0.000658822 -0.00248185 0.999996 -0.0223556 -0.112528 -0.0814916
FixedParameters: 0 0 0

#Transform 54
Transform: AffineTransform_float_3_3
Parameters: 0.999999 0.00123551 0.000890459 -0.00123749 0.999996 0.0027969 -0.000886541 -0.0027981 0.999995 -0.0218907 -0.160608 -0.0661937
FixedParameters: 0 0 0

#Transform 55
Transform: AffineTransform_float_3_3
Parameters: 0.999998 0.00147777 0.000961885 -0.00147922 0.999998 0.00127458 -0.000960113 -0.00127642 0.999998 -0.0287402 -0.163033 -0.140961
FixedParameters: 0 0 0

#Transform 56
Transform: AffineTransform_float_3_3
Parameters: 0.999999 0.00156903 0.000798919 -0.00156998 0.999998 0.00122175 -0.000797081 -0.00122325 0.999999 -0.0284416 -0.1625 -0.166578
FixedParameters: 0 0 0

#Transform 57
Transform: AffineTransform_float_3_3
Parameters: 0.999999 0.00134726 0.000712394 -0.00134774 0.999998 0.00103404 -0.000710606 -0.00103496 0.999999 -0.0310876 -0.166521 -0.167152
FixedParameters: 0 0 0

#Transform 58
Transform: AffineTransform_float_3_3
Parameters: 0.999998 0.00157718 0.00122977 -0.00157682 0.999998 -0.000143939 -0.00123023 0.00014206 0.999999 -0.0451773 -0.17762 -0.169033
FixedParameters: 0 0 0

#Transform 59
Transform: AffineTransform_float_3_3
Parameters: 0.999997 0.00204264 0.0013946 -0.00204136 0.999997 -0.00117885 -0.00139641 0.00117615 0.999999 -0.0509636 -0.214824 -0.223528
FixedParameters: 0 0 0

#Transform 60
Transform: AffineTransform_float_3_3
Parameters: 0.999997 0.00151323 0.00154777 -0.00151277 0.999999 -0.000149342 -0.00154822 0.000147657 0.999999 -0.0569468 -0.178665 -0.194571
FixedParameters: 0 0 0

#Transform 61
Transform: AffineTransform_float_3_3
Parameters: 0.999997 0.00169128 0.00170572 -0.00169172 0.999998 -0.000166886 -0.00170628 0.000164115 0.999998 -0.0644206 -0.178281 -0.135149
FixedParameters: 0 0 0

#Transform 62
Transform: AffineTransform_float_3_3
Parameters: 0.999997 0.0017995 0.00172331 -0.0017955 0.999995 -0.0026121 -0.00172769 0.0026089 0.999995 -0.0616519 -0.263316 -0.301888
FixedParameters: 0 0 0

#Transform 63
Transform: AffineTransform_float_3_3
Parameters: 0.999996 0.00200188 0.00166997 -0.00199612 0.999992 -0.00351534 -0.00167702 0.00351165 0.999992 -0.05931 -0.246866 -0.276345
FixedParameters: 0 0 0

#Transform 64
Transform: AffineTransform_float_3_3
Parameters: 0.999995 0.00247507 0.00167395 -0.00247293 0.999996 -0.00123615 -0.00167705 0.00123185 0.999998 -0.0614271 -0.220258 -0.188677
FixedParameters: 0 0 0

#Transform 65
Transform: AffineTransform_float_3_3
Parameters: 0.999994 0.00257076 0.00233707 -0.00256824 0.999997 -0.000755007 -0.00233893 0.000748992 0.999997 -0.0678302 -0.224125 -0.193971
FixedParameters: 0 0 0

#Transform 66
Transform: AffineTransform_float_3_3
Parameters: 0.999994 0.00290594 0.00214138 -0.00290406 0.999996 -0.000907225 -0.00214463 0.000900774 0.999998 -0.0897265 -0.250428 -0.165287
FixedParameters: 0 0 0

#Transform 67
Transform: AffineTransform_float_3_3
Parameters: 0.999994 0.00280001 0.00199278 -0.00279699 0.999995 -0.00151158 -0.00199722 0.00150642 0.999997 -0.0937215 -0.293282 -0.280616
FixedParameters: 0 0 0

#Transform 68
Transform: AffineTransform_float_3_3
Parameters: 0.999994 0.00287233 0.00183091 -0.00287166 0.999995 -0.000731262 -0.00183309 0.000725739 0.999998 -0.0892225 -0.248182 -0.233268
FixedParameters: 0 0 0

#Transform 69
Transform: AffineTransform_float_3_3
Parameters: 0.999995 0.00266865 0.00167438 -0.00266736 0.999996 -0.000983471 -0.00167662 0.000979531 0.999998 -0.0858125 -0.259651 -0.22017
FixedParameters: 0 0 0

#Transform 70
Transform: AffineTransform_float_3_3
Parameters: 0.999996 0.00276757 0.00127277 -0.00276643 0.999996 -0.000446523 -0.00127423 0.000442476 0.999999 -0.09594 -0.301779 -0.288423
FixedParameters: 0 0 0

#Transform 71
Transform: AffineTransform_float_3_3
Parameters: 0.999997 0.00239137 0.00125431 -0.00239064 0.999997 -0.000292 -0.0012547 0.000289001 0.999999 -0.081159 -0.249148 -0.235146
FixedParameters: 0 0 0

#Transform 72
Transform: AffineTransform_float_3_3
Parameters: 0.999996 0.00229827 0.00125451 -0.00229873 0.999998 -0.000214885 -0.00125449 0.000212118 0.999999 -0.075969 -0.329776 -0.259265
FixedParameters: 0 0 0

#Transform 73
Transform: AffineTransform_float_3_3
Parameters: 0.999997 0.00219492 0.00107813 -0.00219408 0.999997 -0.000854368 -0.00108087 0.00085263 0.999999 -0.0750413 -0.309952 -0.294645
FixedParameters: 0 0 0

#Transform 74
Transform: AffineTransform_float_3_3
Parameters: 0.999998 0.00207656 0.0010249 -0.00207644 0.999998 0.000430873 -0.00102411 -0.000432128 1 -0.0971279 -0.29838 -0.220942
FixedParameters: 0 0 0

#Transform 75
Transform: AffineTransform_float_3_3
Parameters: 0.999997 0.00243455 0.00105273 -0.00243445 0.999997 -0.000524565 -0.00105327 0.000521438 1 -0.0863042 -0.328507 -0.330605
FixedParameters: 0 0 0

#Transform 76
Transform: AffineTransform_float_3_3
Parameters: 0.999997 0.00238145 0.00125225 -0.00238056 0.999997 -0.00115599 -0.00125475 0.00115302 0.999998 -0.0869577 -0.299931 -0.285036
FixedParameters: 0 0 0

#Transform 77
Transform: AffineTransform_float_3_3
Parameters: 0.999996 0.00241046 0.00152669 -0.00240854 0.999996 -0.000959681 -0.00152831 0.00095632 0.999999 -0.0902115 -0.331438 -0.269183
FixedParameters: 0 0 0

#Transform 78
Transform: AffineTransform_float_3_3
Parameters: 0.999997 0.00236823 0.00125079 -0.00236678 0.999995 -0.00177797 -0.00125421 0.00177503 0.999997 -0.0766708 -0.343284 -0.317927
FixedParameters: 0 0 0

#Transform 79
Transform: AffineTransform_float_3_3
Parameters: 0.999996 0.00260366 0.00124948 -0.00260035 0.999995 -0.00212126 -0.00125452 0.00211874 0.999997 -0.0453064 -0.307991 -0.288433
FixedParameters: 0 0 0

#Transform 80
Transform: AffineTransform_float_3_3
Parameters: 0.999994 0.00304089 0.00124799 -0.00303811 0.999992 -0.0023088 -0.00125501 0.00230519 0.999996 -0.0459668 -0.337715 -0.301499
FixedParameters: 0 0 0

#Transform 81
Transform: AffineTransform_float_3_3
Parameters: 0.999994 0.00349226 0.000941678 -0.00349075 0.999991 -0.0023853 -0.000950326 0.0023827 0.999996 -0.0643236 -0.329239 -0.252381
FixedParameters: 0 0 0

#Transform 82
Transform: AffineTransform_float_3_3
Parameters: 0.999994 0.00338275 0.000655004 -0.00338124 0.99999 -0.00266123 -0.000663996 0.00265877 0.999996 -0.0674462 -0.307562 -0.269126
FixedParameters: 0 0 0

#Transform 83
Transform: AffineTransform_float_3_3
Parameters: 0.999995 0.00315316 0.00123698 -0.00315084 0.999992 -0.00254691 -0.00124502 0.00254309 0.999996 -0.0768803 -0.309802 -0.224669
FixedParameters: 0 0 0

#Transform 84
Transform: AffineTransform_float_3_3
Parameters: 0.999995 0.00289511 0.000720545 -0.00289488 0.999996 -0.000158087 -0.000721454 0.000155912 0.999999 -0.0971998 -0.278955 -0.14353
FixedParameters: 0 0 0

#Transform 85
Transform: AffineTransform_float_3_3
Parameters: 0.999994 0.00325654 0.00111461 -0.00325446 0.999992 -0.00227064 -0.00112239 0.00226736 0.999997 -0.109669 -0.306241 -0.256986
FixedParameters: 0 0 0

#Transform 86
Transform: AffineTransform_float_3_3
Parameters: 0.999993 0.00347276 0.0013836 -0.00346924 0.999991 -0.00271182 -0.00139341 0.00270718 0.999996 -0.124487 -0.348933 -0.313457
FixedParameters: 0 0 0

#Transform 87
Transform: AffineTransform_float_3_3
Parameters: 0.999993 0.00341301 0.00142946 -0.00340899 0.999991 -0.00279989 -0.00143854 0.00279511 0.999995 -0.131762 -0.328517 -0.300951
FixedParameters: 0 0 0

#Transform 88
Transform: AffineTransform_float_3_3
Parameters: 0.999991 0.00368916 0.00181055 -0.00368484 0.99999 -0.00229569 -0.00181845 0.00228931 0.999995 -0.140368 -0.322979 -0.246738
FixedParameters: 0 0 0

#Transform 89
Transform: AffineTransform_float_3_3
Parameters: 0.999986 0.00466182 0.00227126 -0.00466017 0.999989 -0.000807595 -0.00227574 0.000796402 0.999997 -0.131096 -0.315916 -0.195356
FixedParameters: 0 0 0

#Transform 90
Transform: AffineTransform_float_3_3
Parameters: 0.99999 0.00341904 0.00282858 -0.00342196 0.999993 0.00104233 -0.00282542 -0.00105267 0.999996 -0.170511 -0.331532 -0.163085
FixedParameters: 0 0 0

#Transform 91
Transform: AffineTransform_float_3_3
Parameters: 0.999991 0.00337411 0.00282488 -0.0033739 0.999995 -4.15313e-05 -0.00282513 3.24681e-05 0.999996 -0.143506 -0.311272 -0.143675
FixedParameters: 0 0 0

#Transform 92
Transform: AffineTransform_float_3_3
Parameters: 0.999989 0.00367208 0.00289489 -0.00367192 0.999994 -3.46302e-05 -0.0028941 2.33729e-05 0.999996 -0.148896 -0.307939 -0.115231
FixedParameters: 0 0 0

#Transform 93
Transform: AffineTransform_float_3_3
Parameters: 0.999989 0.00368181 0.00282133 -0.00367918 0.999992 -0.00100239 -0.00282467 0.00099161 0.999995 -0.149712 -0.344277 -0.193815
FixedParameters: 0 0 0

#Transform 94
Transform: AffineTransform_float_3_3
Parameters: 0.999991 0.00351375 0.00261732 -0.00351026 0.999994 -0.0010522 -0.00262068 0.0010438 0.999996 -0.148353 -0.340187 -0.187694
FixedParameters: 0 0 0

#Transform 95
Transform: AffineTransform_float_3_3
Parameters: 0.99999 0.00359059 0.00269656 -0.00358741 0.999993 -0.000963683 -0.00270044 0.000954313 0.999996 -0.148732 -0.3268 -0.148157
FixedParameters: 0 0 0

#Transform 96
Transform: AffineTransform_float_3_3
Parameters: 0.999987 0.00421645 0.00263088 -0.00421255 0.999989 -0.0016951 -0.00263812 0.0016839 0.999995 -0.15321 -0.358194 -0.169874
FixedParameters: 0 0 0

#Transform 97
Transform: AffineTransform_float_3_3
Parameters: 0.99999 0.00400978 0.00207973 -0.00400622 0.999991 -0.00181835 -0.00208727 0.00180965 0.999996 -0.136344 -0.3585 -0.186014
FixedParameters: 0 0 0

#Transform 98
Transform: AffineTransform_float_3_3
Parameters: 0.999989 0.00405202 0.00207919 -0.00404798 0.99999 -0.00193344 -0.00208781 0.00192456 0.999996 -0.139391 -0.348204 -0.181561
FixedParameters: 0 0 0

#Transform 99
Transform: AffineTransform_float_3_3
Parameters: 0.999989 0.00402384 0.00207958 -0.00402015 0.99999 -0.00184938 -0.00208742 0.00184062 0.999996 -0.145533 -0.351282 -0.145167
FixedParameters: 0 0 0

#Transform 100
Transform: AffineTransform_float_3_3
Parameters: 0.999989 0.00408991 0.0023284 -0.00408509 0.999989 -0.00210953 -0.0023376 0.00209946 0.999995 -0.148937 -0.382144 -0.148322
FixedParameters: 0 0 0

#Transform 101
Transform: AffineTransform_float_3_3
Parameters: 0.999989 0.00412254 0.00228522 -0.00412046 0.999992 -0.000679424 -0.00228878 0.000669572 0.999997 -0.168148 -0.381523 -0.10786
FixedParameters: 0 0 0

#Transform 102
Transform: AffineTransform_float_3_3
Parameters: 0.999988 0.00429446 0.00208192 -0.00429253 0.99999 -0.00118695 -0.00208708 0.00117805 0.999997 -0.164459 -0.372472 -0.16726
FixedParameters: 0 0 0

#Transform 103
Transform: AffineTransform_float_3_3
Parameters: 0.999989 0.00423176 0.00208139 -0.00422824 0.99999 -0.00132982 -0.0020876 0.00132018 0.999997 -0.168544 -0.370757 -0.19992
FixedParameters: 0 0 0

#Transform 104
Transform: AffineTransform_float_3_3
Parameters: 0.999988 0.00432869 0.00238331 -0.00432431 0.99999 -0.00155233 -0.00238969 0.00154168 0.999996 -0.169949 -0.389998 -0.174715
FixedParameters: 0 0 0

#Transform 105
Transform: AffineTransform_float_3_3
Parameters: 0.999988 0.0041146 0.00239482 -0.0041114 0.999991 -0.00150786 -0.00240118 0.00149814 0.999996 -0.173321 -0.394146 -0.169218
FixedParameters: 0 0 0

#Transform 106
Transform: AffineTransform_float_3_3
Parameters: 0.999987 0.0043068 0.00247166 -0.0043022 0.999989 -0.00194266 -0.00248034 0.00193234 0.999995 -0.174087 -0.393432 -0.212091
FixedParameters: 0 0 0

#Transform 107
Transform: AffineTransform_float_3_3
Parameters: 0.999987 0.00443918 0.00244863 -0.00443482 0.999988 -0.00211789 -0.00245837 0.00210711 0.999995 -0.175386 -0.394108 -0.179987
FixedParameters: 0 0 0

#Transform 108
Transform: AffineTransform_float_3_3
Parameters: 0.999985 0.00473918 0.00252544 -0.00473282 0.999986 -0.00244699 -0.00253756 0.00243501 0.999994 -0.172055 -0.384293 -0.16412
FixedParameters: 0 0 0

#Transform 109
Transform: AffineTransform_float_3_3
Parameters: 0.999987 0.00450449 0.00266907 -0.00449851 0.999987 -0.00243304 -0.00267993 0.00242096 0.999993 -0.178787 -0.405823 -0.148157
FixedParameters: 0 0 0

#Transform 110
Transform: AffineTransform_float_3_3
Parameters: 0.999986 0.00477056 0.00251862 -0.00476445 0.999986 -0.00260304 -0.00253038 0.00259097 0.999994 -0.181363 -0.431122 -0.233453
FixedParameters: 0 0 0

#Transform 111
Transform: AffineTransform_float_3_3
Parameters: 0.999987 0.00448608 0.00235947 -0.00447992 0.999986 -0.0025776 -0.00237053 0.0025664 0.999994 -0.175705 -0.417362 -0.211615
FixedParameters: 0 0 0

#Transform 112
Transform: AffineTransform_float_3_3
Parameters: 0.999989 0.00434685 0.00207898 -0.00434315 0.999989 -0.00185105 -0.00208702 0.00184195 0.999996 -0.161085 -0.415622 -0.184128
FixedParameters: 0 0 0

#Transform 113
Transform: AffineTransform_float_3_3
Parameters: 0.999987 0.00440816 0.00259627 -0.00440285 0.999989 -0.00198746 -0.00260573 0.00197654 0.999994 -0.164359 -0.423122 -0.220368
FixedParameters: 0 0 0

#Transform 114
Transform: AffineTransform_float_3_3
Parameters: 0.999988 0.00440626 0.00207721 -0.00440374 0.999989 -0.00109316 -0.0020818 0.00108384 0.999997 -0.171895 -0.451 -0.232501
FixedParameters: 0 0 0

#Transform 115
Transform: AffineTransform_float_3_3
Parameters: 0.999989 0.00438213 0.00178533 -0.00437887 0.999989 -0.00175384 -0.00179267 0.00174616 0.999997 -0.1659 -0.441613 -0.243456
FixedParameters: 0 0 0

#Transform 116
Transform: AffineTransform_float_3_3
Parameters: 0.999987 0.00476184 0.0020732 -0.00475816 0.999987 -0.00185389 -0.0020818 0.00184411 0.999996 -0.177318 -0.424993 -0.193627
FixedParameters: 0 0 0

#Transform 117
Transform: AffineTransform_float_3_3
Parameters: 0.999986 0.00486897 0.00207739 -0.00486703 0.999987 -0.000952124 -0.00208161 0.000941878 0.999998 -0.165044 -0.443025 -0.163426
FixedParameters: 0 0 0

#Transform 118
Transform: AffineTransform_float_3_3
Parameters: 0.999986 0.00482712 0.00207477 -0.00482389 0.999987 -0.00150403 -0.00208123 0.00149397 0.999996 -0.170055 -0.469665 -0.239955
FixedParameters: 0 0 0

#Transform 119
Transform: AffineTransform_float_3_3
Parameters: 0.999986 0.00485434 0.00207187 -0.00485067 0.999986 -0.00209308 -0.00208113 0.00208293 0.999995 -0.167544 -0.452738 -0.246899
FixedParameters: 0 0 0

#Transform 120
Transform: AffineTransform_float_3_3
Parameters: 0.999983 0.00501881 0.00280161 -0.00501318 0.999986 -0.00207908 -0.00281139 0.00206492 0.999994 -0.169735 -0.427484 -0.189464
FixedParameters: 0 0 0

#Transform 121
Transform: AffineTransform_float_3_3
Parameters: 0.999983 0.00511874 0.00295636 -0.00511126 0.999985 -0.00228315 -0.00296864 0.00226784 0.999993 -0.173536 -0.463057 -0.257642
FixedParameters: 0 0 0

#Transform 122
Transform: AffineTransform_float_3_3
Parameters: 0.999985 0.00481009 0.00237672 -0.00480392 0.999985 -0.00255945 -0.00238828 0.00254855 0.999994 -0.144801 -0.470353 -0.25847
FixedParameters: 0 0 0

#Transform 123
Transform: AffineTransform_float_3_3
Parameters: 0.999986 0.00488286 0.00215401 -0.00487814 0.999985 -0.00225654 -0.00216498 0.00224546 0.999995 -0.14399 -0.448959 -0.239008
FixedParameters: 0 0 0

#Transform 124
Transform: AffineTransform_float_3_3
Parameters: 0.999986 0.00480847 0.0022818 -0.00480553 0.999988 -0.00108798 -0.0022872 0.00107702 0.999997 -0.15799 -0.479316 -0.195419
FixedParameters: 0 0 0

#Transform 125
Transform: AffineTransform_float_3_3
Parameters: 0.999986 0.00496869 0.0021776 -0.00496431 0.999986 -0.00169684 -0.0021854 0.00168517 0.999996 -0.15863 -0.486948 -0.246011
FixedParameters: 0 0 0

#Transform 126
Transform: AffineTransform_float_3_3
Parameters: 0.999987 0.00458741 0.00227914 -0.00458258 0.999987 -0.00193747 -0.00228886 0.00192752 0.999995 -0.172052 -0.472372 -0.225485
FixedParameters: 0 0 0

#Transform 127
Transform: AffineTransform_float_3_3
Parameters: 0.999985 0.00475363 0.00245504 -0.00474936 0.999987 -0.00189069 -0.00246395 0.00187831 0.999995 -0.174044 -0.473627 -0.213411
FixedParameters: 0 0 0

#Transform 128
Transform: AffineTransform_float_3_3
Parameters: 0.999985 0.00474061 0.00251545 -0.00473539 0.999987 -0.00223295 -0.00252555 0.00222106 0.999995 -0.175675 -0.484992 -0.210181
FixedParameters: 0 0 0

#Transform 129
Transform: AffineTransform_float_3_3
Parameters: 0.999985 0.00487386 0.00256589 -0.00486813 0.999985 -0.00228652 -0.0025771 0.00227347 0.999994 -0.182725 -0.511249 -0.263414
FixedParameters: 0 0 0

#Transform 130
Transform: AffineTransform_float_3_3
Parameters: 0.999983 0.00518135 0.00267666 -0.00517564 0.999984 -0.00200289 -0.00268733 0.00198811 0.999995 -0.214165 -0.500159 -0.286545
FixedParameters: 0 0 0

#Transform 131
Transform: AffineTransform_float_3_3
Parameters: 0.999978 0.00594266 0.00288925 -0.00593434 0.999978 -0.00299821 -0.00290675 0.00298079 0.999992 -0.219251 -0.487716 -0.255317
FixedParameters: 0 0 0

#Transform 132
Transform: AffineTransform_float_3_3
Parameters: 0.999977 0.00599108 0.00297076 -0.00598192 0.999978 -0.00305584 -0.00298924 0.00303816 0.999991 -0.218075 -0.505136 -0.245448
FixedParameters: 0 0 0

#Transform 133
Transform: AffineTransform_float_3_3
Parameters: 0.999979 0.00578209 0.00299452 -0.00577291 0.999978 -0.00303435 -0.00301248 0.00301764 0.999991 -0.219454 -0.539461 -0.297125
FixedParameters: 0 0 0

#Transform 134
Transform: AffineTransform_float_3_3
Parameters: 0.999979 0.00585186 0.00271815 -0.00584414 0.999978 -0.00288995 -0.00273486 0.00287406 0.999992 -0.220318 -0.513695 -0.288973
FixedParameters: 0 0 0

#Transform 135
Transform: AffineTransform_float_3_3
Parameters: 0.999979 0.0058536 0.00296907 -0.0058464 0.999979 -0.00256141 -0.00298494 0.00254458 0.999993 -0.220273 -0.493556 -0.211004
FixedParameters: 0 0 0

#Transform 136
Transform: AffineTransform_float_3_3
Parameters: 0.999979 0.00576054 0.00299454 -0.00575246 0.999981 -0.00252128 -0.00300946 0.00250372 0.999993 -0.226922 -0.513951 -0.185688
FixedParameters: 0 0 0

#Transform 137
Transform: AffineTransform_float_3_3
Parameters: 0.999977 0.0060392 0.00308707 -0.0060298 0.999978 -0.00298068 -0.00310493 0.00296132 0.999991 -0.239471 -0.530021 -0.21053
FixedParameters: 0 0 0

#Transform 138
Transform: AffineTransform_float_3_3
Parameters: 0.999976 0.00596014 0.00332309 -0.00594885 0.999976 -0.00335285 -0.0033429 0.00333315 0.999989 -0.252472 -0.537437 -0.222774
FixedParameters: 0 0 0

#Transform 139
Transform: AffineTransform_float_3_3
Parameters: 0.999975 0.00629318 0.0030523 -0.00628682 0.999978 -0.00202924 -0.00306471 0.00201076 0.999994 -0.259557 -0.50599 -0.211988
FixedParameters: 0 0 0

#Transform 140
Transform: AffineTransform_float_3_3
Parameters: 0.999973 0.00674506 0.00289087 -0.00674194 0.999976 -0.00106752 -0.00289814 0.00104848 0.999996 -0.250458 -0.516279 -0.181899
FixedParameters: 0 0 0

#Transform 141
Transform: AffineTransform_float_3_3
Parameters: 0.999974 0.00672795 0.00280094 -0.00672506 0.999977 -0.00105886 -0.00280806 0.00104014 0.999996 -0.26399 -0.551058 -0.253287
FixedParameters: 0 0 0

#Transform 142
Transform: AffineTransform_float_3_3
Parameters: 0.999973 0.00677206 0.00279578 -0.00676694 0.999976 -0.00181497 -0.00280822 0.00179603 0.999995 -0.269892 -0.541057 -0.236429
FixedParameters: 0 0 0

#Transform 143
Transform: AffineTransform_float_3_3
Parameters: 0.99997 0.00713804 0.00280534 -0.00713696 0.999975 -0.000382033 -0.00280865 0.000361963 0.999996 -0.271513 -0.521603 -0.188026
FixedParameters: 0 0 0

#Transform 144
Transform: AffineTransform_float_3_3
Parameters: 0.999975 0.00659576 0.00274919 -0.00659525 0.999978 -0.000284139 -0.00275082 0.000265863 0.999996 -0.274102 -0.549271 -0.191816
FixedParameters: 0 0 0

#Transform 145
Transform: AffineTransform_float_3_3
Parameters: 0.999977 0.00620254 0.0028046 -0.00620146 0.99998 -0.000556405 -0.0028084 0.000539593 0.999996 -0.280858 -0.562804 -0.253354
FixedParameters: 0 0 0

#Transform 146
Transform: AffineTransform_float_3_3
Parameters: 0.999975 0.00639213 0.00279857 -0.00638786 0.999978 -0.00148491 -0.00280843 0.00146708 0.999995 -0.294082 -0.552955 -0.266259
FixedParameters: 0 0 0

#Transform 147
Transform: AffineTransform_float_3_3
Parameters: 0.999976 0.00615398 0.00311112 -0.00615102 0.99998 -0.000965159 -0.00311688 0.000946841 0.999994 -0.299155 -0.535606 -0.147422
FixedParameters: 0 0 0

#Transform 148
Transform: AffineTransform_float_3_3
Parameters: 0.999979 0.00585292 0.00280398 -0.00585107 0.999982 -0.000694421 -0.00280801 0.000677579 0.999996 -0.298233 -0.563396 -0.114353
FixedParameters: 0 0 0

#Transform 149
Transform: AffineTransform_float_3_3
Parameters: 0.99998 0.00583036 0.00270778 -0.00582765 0.999982 -0.00124581 -0.00271522 0.00123019 0.999995 -0.293549 -0.569133 -0.141715
FixedParameters: 0 0 0

#Transform 150
Transform: AffineTransform_float_3_3
Parameters: 0.999977 0.00617417 0.00280102 -0.00617083 0.999981 -0.00113931 -0.00280798 0.00112169 0.999996 -0.286817 -0.551716 -0.129998
FixedParameters: 0 0 0

#Transform 151
Transform: AffineTransform_float_3_3
Parameters: 0.999975 0.00641103 0.00317094 -0.00641098 0.99998 -1.93293e-05 -0.00317106 -1.32978e-06 0.999995 -0.292664 -0.549732 -0.050129
FixedParameters: 0 0 0

#Transform 152
Transform: AffineTransform_float_3_3
Parameters: 0.999978 0.00610473 0.00261297 -0.00610627 0.999981 0.000478055 -0.00261003 -0.000493945 0.999997 -0.294023 -0.551647 -0.09383
FixedParameters: 0 0 0

#Transform 153
Transform: AffineTransform_float_3_3
Parameters: 0.999975 0.00646894 0.00280352 -0.00646706 0.999979 -0.000701148 -0.00280848 0.000682849 0.999996 -0.301406 -0.555525 -0.130958
FixedParameters: 0 0 0

#Transform 154
Transform: AffineTransform_float_3_3
Parameters: 0.999978 0.00610183 0.00280404 -0.00609918 0.999981 -0.000658117 -0.00280796 0.000640881 0.999996 -0.303943 -0.550518 -0.126504
FixedParameters: 0 0 0

#Transform 155
Transform: AffineTransform_float_3_3
Parameters: 0.999977 0.00615081 0.0030704 -0.0061472 0.999981 -0.0012459 -0.0030786 0.00122709 0.999994 -0.312534 -0.562573 -0.110105
FixedParameters: 0 0 0
