#Insight Transform File V1.0
#Transform 0
Transform: AffineTransform_float_3_3
Parameters: 0.999975 -0.00677201 -0.00197439 0.00660695 0.997226 -0.0741419 0.00247161 0.0741271 0.997245 -0.00607106 -1.36797 -0.460738
FixedParameters: 0 0 0

#Transform 1
Transform: AffineTransform_float_3_3
Parameters: 0.999974 -0.00704304 -0.00190363 0.00684593 0.99602 -0.0888744 0.00252237 0.0888596 0.996041 0.102148 -1.72565 -0.760963
FixedParameters: 0 0 0

#Transform 2
Transform: AffineTransform_float_3_3
Parameters: 0.999966 -0.00725284 -0.00391628 0.00684119 0.995306 -0.096528 0.00459774 0.0964989 0.995322 0.0713693 -1.66064 -0.614955
FixedParameters: 0 0 0

#Transform 3
Transform: AffineTransform_float_3_3
Parameters: 0.99999 -0.00451378 -0.000983537 0.00450522 0.999951 -0.00875352 0.00102247 0.00874948 0.999961 -0.0447181 -0.216631 0.0422582
FixedParameters: 0 0 0

#Transform 4
Transform: AffineTransform_float_3_3
Parameters: 0.999989 -0.00220117 -0.00425772 0.00223683 0.999962 0.00842958 0.00423829 -0.00843943 0.999956 -0.0302435 0.176137 0.132702
FixedParameters: 0 0 0

#Transform 5
Transform: AffineTransform_float_3_3
Parameters: 0.999986 -0.00149552 -0.0051004 0.00158548 0.99984 0.0177802 0.0050736 -0.0177888 0.999829 -0.0587506 0.248337 0.139538
FixedParameters: 0 0 0

#Transform 6
Transform: AffineTransform_float_3_3
Parameters: 0.999995 -0.00044892 -0.00306325 0.000514074 0.999774 0.0212775 0.00305275 -0.0212795 0.999769 -0.0601719 0.345193 0.177003
FixedParameters: 0 0 0

#Transform 7
Transform: AffineTransform_float_3_3
Parameters: 0.999996 -0.00034653 -0.00304682 0.000401457 0.999834 0.0182249 0.00303919 -0.0182251 0.99983 -0.047721 0.297855 0.0999365
FixedParameters: 0 0 0

#Transform 8
Transform: AffineTransform_float_3_3
Parameters: 0.999995 -0.000247527 -0.00291393 0.000300475 0.999837 0.0180212 0.00290906 -0.0180218 0.999834 -0.0282756 0.267143 0.120011
FixedParameters: 0 0 0

#Transform 9
Transform: AffineTransform_float_3_3
Parameters: 1 -0.000395979 -0.00107205 0.000412019 0.999887 0.0149846 0.00106595 -0.0149854 0.999887 -0.00527361 0.251133 0.121822
FixedParameters: 0 0 0

#Transform 10
Transform: AffineTransform_float_3_3
Parameters: 0.999999 -0.000317591 -0.00126438 0.000341401 0.999812 0.0193516 0.00125763 -0.0193524 0.999812 -0.0139732 0.206989 0.103617
FixedParameters: 0 0 0

#Transform 11
Transform: AffineTransform_float_3_3
Parameters: 0.999997 -0.000614192 -0.00229661 0.000662793 0.999772 0.0213115 0.00228239 -0.0213135 0.99977 -0.0266968 0.270838 0.0480294
FixedParameters: 0 0 0

#Transform 12
Transform: AffineTransform_float_3_3
Parameters: 0.999998 -0.000384846 -0.00186603 0.000385154 1 8.22815e-05 0.00186597 -8.27183e-05 0.999999 0.0107915 -0.0114673 0.0708373
FixedParameters: 0 0 0

#Transform 13
Transform: AffineTransform_float_3_3
Parameters: 1 -0.00047538 -0.000912283 0.000473621 0.999998 -0.00151143 0.000912718 0.00151157 0.999999 0.0157051 -0.0171607 -0.0362447
FixedParameters: 0 0 0

#Transform 14
Transform: AffineTransform_float_3_3
Parameters: 0.999999 -0.000598276 -0.000658941 0.000596724 0.999994 -0.00344839 0.000661062 0.0034486 0.999994 0.0277771 -0.0665135 -0.0783043
FixedParameters: 0 0 0

#Transform 15
Transform: AffineTransform_float_3_3
Parameters: 1 -0.000135301 0.000506457 0.000136697 0.999995 -0.00335593 -0.000505544 0.00335607 0.999994 0.0154216 -0.0682441 -0.0845655
FixedParameters: 0 0 0

#Transform 16
Transform: AffineTransform_float_3_3
Parameters: 1 -0.000508745 6.59994e-05 0.000509255 0.999992 -0.00392897 -6.39996e-05 0.00392903 0.999993 0.00143897 -0.0874896 -0.117089
FixedParameters: 0 0 0

#Transform 17
Transform: AffineTransform_float_3_3
Parameters: 0.999999 -0.000440826 -0.000796442 0.000437171 0.999993 -0.00354635 0.000798555 0.00354565 0.999994 0.0064958 -0.0488461 -0.0652294
FixedParameters: 0 0 0

#Transform 18
Transform: AffineTransform_float_3_3
Parameters: 1 0.000253651 -0.000133664 -0.000254347 0.999997 -0.00261797 0.000132335 0.00261803 0.999996 0.00210213 -0.0379917 -0.0175054
FixedParameters: 0 0 0

#Transform 19
Transform: AffineTransform_float_3_3
Parameters: 1 0.000931286 0.000569811 -0.000932715 0.999995 0.00301447 -0.000567191 -0.00301553 0.999996 -0.031375 0.025322 0.0181818
FixedParameters: 0 0 0

#Transform 20
Transform: AffineTransform_float_3_3
Parameters: 1 0.000107211 -0.000182877 -0.000107789 1 0.00115202 0.000183124 -0.00115198 1 -0.00349161 0.0117009 -0.00223474
FixedParameters: 0 0 0

#Transform 21
Transform: AffineTransform_float_3_3
Parameters: 0.999999 0.00161359 0.000931521 -0.00161041 0.999995 -0.0027785 -0.000935478 0.00277749 0.999995 -0.0109648 -0.0565161 -0.146697
FixedParameters: 0 0 0

#Transform 22
Transform: AffineTransform_float_3_3
Parameters: 0.999999 -8.25301e-05 -0.0012879 8.04698e-05 1 -0.00118811 0.0012881 0.0011879 0.999999 -0.0037887 -0.0117197 -0.0688694
FixedParameters: 0 0 0

#Transform 23
Transform: AffineTransform_float_3_3
Parameters: 0.999999 0.000172218 -0.00150109 -0.000172782 1 -0.000520741 0.00150091 0.000521259 0.999998 -0.0328522 -0.0462989 -0.100422
FixedParameters: 0 0 0

#Transform 24
Transform: AffineTransform_float_3_3
Parameters: 0.999997 -0.000982478 -0.00197329 0.000974523 0.999993 -0.00378693 0.0019767 0.00378507 0.999991 -0.0365351 -0.154585 -0.168051
FixedParameters: 0 0 0

#Transform 25
Transform: AffineTransform_float_3_3
Parameters: 1 -0.000176958 -0.000515332 0.000175044 0.999993 -0.00379609 0.000515668 0.00379691 0.999992 -0.177376 -0.0644266 -0.132238
FixedParameters: 0 0 0

#Transform 26
Transform: AffineTransform_float_3_3
Parameters: 1 -9.28675e-05 -0.00121064 8.81362e-05 0.999992 -0.00401911 0.00121036 0.00401989 0.999991 -0.159365 0.0539324 -0.0476917
FixedParameters: 0 0 0

#Transform 27
Transform: AffineTransform_float_3_3
Parameters: 0.999998 -0.00036689 -0.00160166 0.000360108 0.999993 -0.00367658 0.00160333 0.00367542 0.999992 -0.16232 0.0860826 -0.0596461
FixedParameters: 0 0 0

#Transform 28
Transform: AffineTransform_float_3_3
Parameters: 0.999997 -0.00092305 -0.00191065 0.000913949 0.999989 -0.00473176 0.00191534 0.00473024 0.999987 -0.181677 0.0701718 -0.0814035
FixedParameters: 0 0 0

#Transform 29
Transform: AffineTransform_float_3_3
Parameters: 0.999997 -0.00122053 -0.00200964 0.00121047 0.999985 -0.00523245 0.00201636 0.00523055 0.999985 -0.192103 0.022321 -0.136411
FixedParameters: 0 0 0

#Transform 30
Transform: AffineTransform_float_3_3
Parameters: 0.999997 -0.000524831 -0.00264052 0.000507168 0.999977 -0.00674836 0.00264448 0.00674764 0.999973 -0.19187 0.0433468 -0.0869086
FixedParameters: 0 0 0

#Transform 31
Transform: AffineTransform_float_3_3
Parameters: 0.999997 -0.000741181 -0.00233023 0.000725814 0.999978 -0.00650871 0.00233577 0.00650729 0.999976 -0.201288 0.0231954 -0.0886902
FixedParameters: 0 0 0

#Transform 32
Transform: AffineTransform_float_3_3
Parameters: 0.999998 -0.000691135 -0.00214882 0.000677866 0.999981 -0.00610647 0.00215318 0.00610553 0.999979 -0.182639 0.0241381 -0.116204
FixedParameters: 0 0 0

#Transform 33
Transform: AffineTransform_float_3_3
Parameters: 0.999996 -0.000808007 -0.00273446 0.000788995 0.999975 -0.00694518 0.00273954 0.00694281 0.999972 -0.200041 0.00842926 -0.11204
FixedParameters: 0 0 0

#Transform 34
Transform: AffineTransform_float_3_3
Parameters: 0.999997 -0.000740773 -0.0025754 0.000720224 0.999971 -0.00766989 0.0025816 0.00766812 0.999968 -0.200455 -0.0222974 -0.152172
FixedParameters: 0 0 0

#Transform 35
Transform: AffineTransform_float_3_3
Parameters: 0.999994 -0.00092649 -0.00339905 0.00089251 0.999951 -0.00984109 0.00340795 0.0098379 0.999946 -0.188426 -0.0857862 -0.171674
FixedParameters: 0 0 0

#Transform 36
Transform: AffineTransform_float_3_3
Parameters: 0.999988 -0.00171773 -0.00460508 0.00165527 0.999907 -0.0135918 0.00462792 0.0135842 0.999897 -0.19137 -0.143637 -0.186562
FixedParameters: 0 0 0

#Transform 37
Transform: AffineTransform_float_3_3
Parameters: 0.999992 -0.00117941 -0.00378708 0.00112659 0.999904 -0.0138124 0.00380292 0.0138076 0.999898 -0.194625 -0.233592 -0.38399
FixedParameters: 0 0 0

#Transform 38
Transform: AffineTransform_float_3_3
Parameters: 0.999994 -0.00122786 -0.00319327 0.00117815 0.999878 -0.0155689 0.00321173 0.0155641 0.999873 -0.186208 -0.231877 -0.327189
FixedParameters: 0 0 0

#Transform 39
Transform: AffineTransform_float_3_3
Parameters: 0.999995 -0.000828219 -0.00326797 0.000774778 0.999867 -0.0162536 0.00328102 0.0162504 0.999862 -0.191156 -0.250874 -0.414234
FixedParameters: 0 0 0

#Transform 40
Transform: AffineTransform_float_3_3
Parameters: 0.99999 -0.00160611 -0.00417278 0.0015389 0.99987 -0.0160376 0.00419721 0.0160304 0.999862 -0.198871 -0.244343 -0.400381
FixedParameters: 0 0 0

#Transform 41
Transform: AffineTransform_float_3_3
Parameters: 0.999991 -0.00142719 -0.00397117 0.00136181 0.999865 -0.0163706 0.00399383 0.0163654 0.999858 -0.19327 -0.253547 -0.373508
FixedParameters: 0 0 0

#Transform 42
Transform: AffineTransform_float_3_3
Parameters: 0.999988 -0.000947799 -0.00480858 0.000849216 0.99979 -0.0205063 0.00482643 0.0205027 0.999778 -0.28267 -0.34999 -0.404137
FixedParameters: 0 0 0

#Transform 43
Transform: AffineTransform_float_3_3
Parameters: 0.999992 -0.000408617 -0.00397915 0.000253388 0.999247 -0.0387803 0.00399183 0.0387787 0.99924 -0.259033 -0.556017 -0.423382
FixedParameters: 0 0 0

#Transform 44
Transform: AffineTransform_float_3_3
Parameters: 0.999966 -0.00480177 -0.0066815 0.00453121 0.99919 -0.0399666 0.00686851 0.0399353 0.999178 -0.25487 -0.707606 -0.61513
FixedParameters: 0 0 0

#Transform 45
Transform: AffineTransform_float_3_3
Parameters: 0.999631 -0.0178495 -0.0204787 0.0156305 0.994471 -0.103842 0.0222193 0.103484 0.994383 -0.00477064 -1.55112 -1.15135
FixedParameters: 0 0 0

#Transform 46
Transform: AffineTransform_float_3_3
Parameters: 0.999907 -0.00559843 -0.0124448 0.00460056 0.996882 -0.0787796 0.0128472 0.0787155 0.996815 -0.113888 -1.22892 -1.20055
FixedParameters: 0 0 0

#Transform 47
Transform: AffineTransform_float_3_3
Parameters: 0.999819 -0.00571549 -0.0181837 0.00447148 0.997691 -0.0677596 0.0185293 0.0676654 0.997536 -0.196041 -1.25196 -1.30551
FixedParameters: 0 0 0

#Transform 48
Transform: AffineTransform_float_3_3
Parameters: 0.999754 -0.00781484 -0.0207541 0.00674516 0.99867 -0.0511276 0.021126 0.0509745 0.998477 -0.389644 -0.868876 -0.29561
FixedParameters: 0 0 0

#Transform 49
Transform: AffineTransform_float_3_3
Parameters: 0.999933 -0.00302884 -0.0111843 0.00295416 0.999974 -0.00661248 0.0112037 0.0065795 0.999915 -0.286092 -0.250386 -0.357599
FixedParameters: 0 0 0

#Transform 50
Transform: AffineTransform_float_3_3
Parameters: 0.999943 -0.00198607 -0.0104962 0.00184993 0.999915 -0.0129582 0.0105208 0.0129378 0.999861 -0.261509 -0.280096 -0.351204
FixedParameters: 0 0 0

#Transform 51
Transform: AffineTransform_float_3_3
Parameters: 0.999934 -0.00246496 -0.0112681 0.00228504 0.99987 -0.0159558 0.0113059 0.0159292 0.999809 -0.273567 -0.333964 -0.348916
FixedParameters: 0 0 0

#Transform 52
Transform: AffineTransform_float_3_3
Parameters: 0.999935 -0.00280485 -0.0109878 0.00265915 0.999909 -0.0132661 0.0110242 0.0132359 0.999851 -0.262204 -0.368408 -0.556673
FixedParameters: 0 0 0

#Transform 53
Transform: AffineTransform_float_3_3
Parameters: 0.999897 0.00033722 -0.0143635 0.000919263 0.996176 0.0873628 0.0143385 -0.0873672 0.996073 -0.103155 2.65625 3.2892
FixedParameters: 0 0 0

#Transform 54
Transform: AffineTransform_float_3_3
Parameters: 0.999608 -0.00504402 -0.0275644 0.00701795 0.99738 0.0719928 0.0271287 -0.0721581 0.997024 -0.172332 0.82581 1.11917
FixedParameters: 0 0 0

#Transform 55
Transform: AffineTransform_float_3_3
Parameters: 0.999905 0.00122222 -0.013735 -0.000985778 0.999851 0.0171922 0.013754 -0.0171768 0.999758 -0.064394 0.318134 -0.468919
FixedParameters: 0 0 0

#Transform 56
Transform: AffineTransform_float_3_3
Parameters: 0.999951 -0.0014957 -0.00972133 0.0015303 0.999992 0.00352229 0.00971565 -0.0035367 0.999946 -0.170544 0.153942 0.113472
FixedParameters: 0 0 0

#Transform 57
Transform: AffineTransform_float_3_3
Parameters: 0.999951 -0.00221669 -0.00969703 0.00213231 0.999959 -0.0087351 0.00971598 0.00871389 0.999915 -0.11997 -0.173816 0.0383083
FixedParameters: 0 0 0

#Transform 58
Transform: AffineTransform_float_3_3
Parameters: 0.999917 -0.00469317 -0.0119976 0.00403386 0.998511 -0.0543879 0.0122344 0.0543351 0.998448 -0.0149455 -0.529979 -0.330218
FixedParameters: 0 0 0

#Transform 59
Transform: AffineTransform_float_3_3
Parameters: 0.999949 -0.00130768 -0.0100814 0.000779343 0.998633 -0.0522676 0.0101356 0.0522574 0.998582 -0.16656 -0.643044 -0.739144
FixedParameters: 0 0 0

#Transform 60
Transform: AffineTransform_float_3_3
Parameters: 0.999933 -0.00215274 -0.0113726 0.00154529 0.998583 -0.0531801 0.0114704 0.0531589 0.99852 -0.0836862 -0.659605 -0.493544
FixedParameters: 0 0 0

#Transform 61
Transform: AffineTransform_float_3_3
Parameters: 0.999927 -0.00111393 -0.0120225 0.000490094 0.998658 -0.0517757 0.0120636 0.0517663 0.998587 -0.163319 -0.639953 -0.560589
FixedParameters: 0 0 0

#Transform 62
Transform: AffineTransform_float_3_3
Parameters: 0.999923 -0.00231787 -0.0121811 0.00166715 0.998588 -0.0530914 0.0122868 0.0530676 0.998516 -0.131901 -0.637927 -0.597958
FixedParameters: 0 0 0

#Transform 63
Transform: AffineTransform_float_3_3
Parameters: 0.999928 -0.00272329 -0.0116659 0.0021007 0.998587 -0.0531114 0.0117942 0.0530827 0.998521 -0.141337 -0.633847 -0.544731
FixedParameters: 0 0 0

#Transform 64
Transform: AffineTransform_float_3_3
Parameters: 0.999918 -0.00438028 -0.0119802 0.00364474 0.998148 -0.0607216 0.0122238 0.0606734 0.998083 -0.112384 -0.826353 -0.613216
FixedParameters: 0 0 0

#Transform 65
Transform: AffineTransform_float_3_3
Parameters: 0.999924 -0.00227895 -0.0121354 0.00155701 0.998246 -0.0591724 0.0122496 0.0591486 0.998174 -0.149675 -0.721533 -0.49524
FixedParameters: 0 0 0

#Transform 66
Transform: AffineTransform_float_3_3
Parameters: 0.999907 -0.0027184 -0.0133497 0.00186759 0.997993 -0.0633058 0.0134953 0.0632752 0.997905 -0.101667 -0.739759 -0.473903
FixedParameters: 0 0 0

#Transform 67
Transform: AffineTransform_float_3_3
Parameters: 0.999907 -0.00223042 -0.0134061 0.00138058 0.99801 -0.0630393 0.0135199 0.0630147 0.997921 -0.10041 -0.728388 -0.431055
FixedParameters: 0 0 0

#Transform 68
Transform: AffineTransform_float_3_3
Parameters: 0.999882 -0.00377341 -0.0148745 0.00276756 0.997746 -0.0670431 0.0150944 0.066994 0.997639 -0.0751729 -0.857274 -0.458134
FixedParameters: 0 0 0

#Transform 69
Transform: AffineTransform_float_3_3
Parameters: 0.999903 -0.00318836 -0.0135596 0.00224768 0.997623 -0.0688812 0.0137464 0.0688439 0.997532 -0.0825071 -0.806838 -0.423377
FixedParameters: 0 0 0

#Transform 70
Transform: AffineTransform_float_3_3
Parameters: 0.99991 -0.00294066 -0.0131084 0.00204929 0.997715 -0.0675239 0.0132776 0.067491 0.997631 -0.0798219 -0.798425 -0.401643
FixedParameters: 0 0 0

#Transform 71
Transform: AffineTransform_float_3_3
Parameters: 0.999911 -0.00251928 -0.0131145 0.0016507 0.997827 -0.0658765 0.0132525 0.0658495 0.997741 -0.086882 -0.783922 -0.427675
FixedParameters: 0 0 0

#Transform 72
Transform: AffineTransform_float_3_3
Parameters: 0.999915 -0.00219247 -0.0128884 0.00131656 0.997715 -0.0675467 0.0130066 0.0675243 0.997633 -0.0996969 -0.799704 -0.331824
FixedParameters: 0 0 0

#Transform 73
Transform: AffineTransform_float_3_3
Parameters: 0.999923 -0.00190034 -0.0122652 0.00108467 0.99781 -0.0661434 0.0123638 0.0661246 0.997735 -0.0979183 -0.801368 -0.335664
FixedParameters: 0 0 0

#Transform 74
Transform: AffineTransform_float_3_3
Parameters: 0.999907 -0.00194611 -0.0135521 0.00105989 0.997879 -0.0650885 0.0136499 0.0650676 0.997788 -0.0939705 -0.814582 -0.402403
FixedParameters: 0 0 0

#Transform 75
Transform: AffineTransform_float_3_3
Parameters: 0.999914 0.00119834 -0.0130403 -0.00212372 0.997465 -0.0711274 0.0129227 0.0711486 0.997382 -0.146649 -0.874268 0.121311
FixedParameters: 0 0 0

#Transform 76
Transform: AffineTransform_float_3_3
Parameters: 0.999933 1.16159e-05 -0.0115699 -0.000802396 0.997658 -0.0683983 0.0115421 0.0684027 0.997591 -0.124043 -0.819466 0.171157
FixedParameters: 0 0 0

#Transform 77
Transform: AffineTransform_float_3_3
Parameters: 0.999941 -0.000555247 -0.0107859 -6.02501e-05 0.998376 -0.0569577 0.0108001 0.0569553 0.998319 -0.157736 -0.681755 -0.0761539
FixedParameters: 0 0 0

#Transform 78
Transform: AffineTransform_float_3_3
Parameters: 0.999923 0.000260414 -0.0124441 -0.000956586 0.99843 -0.0560044 0.0124099 0.0560116 0.998353 -0.176077 -0.59759 -0.0511059
FixedParameters: 0 0 0

#Transform 79
Transform: AffineTransform_float_3_3
Parameters: 0.999879 -0.00143598 -0.0155313 0.000515027 0.998249 -0.0591412 0.0155887 0.0591258 0.998129 -0.192743 -0.788094 -0.297088
FixedParameters: 0 0 0

#Transform 80
Transform: AffineTransform_float_3_3
Parameters: 0.999909 0.000751419 -0.0135233 -0.00160362 0.998008 -0.0630711 0.0134496 0.0630869 0.997918 -0.149812 -0.753312 -0.301632
FixedParameters: 0 0 0

#Transform 81
Transform: AffineTransform_float_3_3
Parameters: 0.999917 0.00279664 -0.0126171 -0.00354736 0.998202 -0.0598472 0.0124269 0.0598868 0.998128 -0.166522 -0.706818 -0.522478
FixedParameters: 0 0 0

#Transform 82
Transform: AffineTransform_float_3_3
Parameters: 0.999863 0.0101802 -0.0130532 -0.0110258 0.997729 -0.0664552 0.0123468 0.0665899 0.997704 -0.185701 -0.643404 -0.706731
FixedParameters: 0 0 0

#Transform 83
Transform: AffineTransform_float_3_3
Parameters: 0.99995 0.00508488 -0.00868857 -0.00553814 0.998582 -0.0529486 0.00840744 0.0529945 0.99856 -0.129974 -0.574432 -1.03452
FixedParameters: 0 0 0

#Transform 84
Transform: AffineTransform_float_3_3
Parameters: 0.999925 0.00450585 -0.0113238 -0.00507616 0.998694 -0.0508363 0.0110801 0.0508897 0.998643 -0.144421 -0.530064 -0.941163
FixedParameters: 0 0 0

#Transform 85
Transform: AffineTransform_float_3_3
Parameters: 0.999918 0.00382611 -0.012204 -0.00446489 0.998597 -0.0527608 0.011985 0.0528112 0.998532 -0.147011 -0.565696 -0.917548
FixedParameters: 0 0 0

#Transform 86
Transform: AffineTransform_float_3_3
Parameters: 0.99992 0.00327963 -0.0122004 -0.00392936 0.998556 -0.0535883 0.0120066 0.0536317 0.998488 -0.130007 -0.547158 -0.812984
FixedParameters: 0 0 0

#Transform 87
Transform: AffineTransform_float_3_3
Parameters: 0.999921 0.00379651 -0.0119773 -0.00443147 0.998559 -0.0534851 0.0117567 0.0535338 0.998497 -0.132444 -0.526895 -0.819284
FixedParameters: 0 0 0

#Transform 88
Transform: AffineTransform_float_3_3
Parameters: 0.999918 0.0041429 -0.0121255 -0.00477708 0.998596 -0.0527424 0.0118895 0.0527956 0.998534 -0.118876 -0.527439 -0.871038
FixedParameters: 0 0 0

#Transform 89
Transform: AffineTransform_float_3_3
Parameters: 0.999919 0.00409584 -0.0120974 -0.00480414 0.998241 -0.0591017 0.0118336 0.0591553 0.998178 -0.167382 -0.607077 -0.92977
FixedParameters: 0 0 0

#Transform 90
Transform: AffineTransform_float_3_3
Parameters: 0.999935 0.00336209 -0.0108991 -0.00400395 0.998225 -0.0594182 0.0106809 0.0594588 0.998173 -0.125053 -0.642704 -1.12005
FixedParameters: 0 0 0

#Transform 91
Transform: AffineTransform_float_3_3
Parameters: 0.999926 0.00368561 -0.0115831 -0.00433538 0.99839 -0.0565479 0.0113559 0.056594 0.998332 -0.127609 -0.57557 -1.02978
FixedParameters: 0 0 0

#Transform 92
Transform: AffineTransform_float_3_3
Parameters: 0.999924 0.00261142 -0.0120307 -0.0029666 0.999557 -0.0296346 0.0119483 0.0296675 0.999489 -0.193369 0.0587105 -0.303962
FixedParameters: 0 0 0

#Transform 93
Transform: AffineTransform_float_3_3
Parameters: 0.99989 0.00181384 -0.0147144 -0.00130717 0.999408 0.034382 0.0147677 -0.034359 0.999301 0.0535587 1.2948 1.23849
FixedParameters: 0 0 0

#Transform 94
Transform: AffineTransform_float_3_3
Parameters: 0.999939 -0.00130036 -0.010971 0.000994643 0.99961 -0.0278836 0.011003 0.0278714 0.999551 -0.0433043 -0.129893 -0.0717826
FixedParameters: 0 0 0

#Transform 95
Transform: AffineTransform_float_3_3
Parameters: 0.999955 0.000336832 -0.00953281 -0.000301167 0.999993 0.00376004 0.00953421 -0.00375696 0.999948 -0.061185 0.343539 0.0246721
FixedParameters: 0 0 0

#Transform 96
Transform: AffineTransform_float_3_3
Parameters: 0.999869 -0.00343045 -0.0158301 0.00397155 0.999403 0.0343066 0.0157029 -0.0343644 0.999286 -0.000741691 1.00353 0.945142
FixedParameters: 0 0 0

#Transform 97
Transform: AffineTransform_float_3_3
Parameters: 0.999852 -0.00115586 -0.0171782 0.00175916 0.999381 0.035137 0.0171277 -0.035162 0.999235 -0.0898462 1.26862 1.13865
FixedParameters: 0 0 0

#Transform 98
Transform: AffineTransform_float_3_3
Parameters: 0.99994 -7.3761e-05 -0.011004 0.000400232 0.999561 0.0296474 0.010997 -0.0296506 0.9995 0.049396 1.13394 1.07573
FixedParameters: 0 0 0

#Transform 99
Transform: AffineTransform_float_3_3
Parameters: 0.999927 -0.000429925 -0.0120811 0.000374077 0.999989 -0.00463086 0.0120829 0.00462615 0.999917 0.114384 0.475906 0.21274
FixedParameters: 0 0 0

#Transform 100
Transform: AffineTransform_float_3_3
Parameters: 0.999989 0.00265537 0.00399198 -0.00236563 0.997486 -0.0708223 -0.00417 0.0708117 0.997481 0.032429 -0.0208454 0.610793
FixedParameters: 0 0 0

#Transform 101
Transform: AffineTransform_float_3_3
Parameters: 0.999978 0.00346395 -0.005682 -0.00350306 0.99997 -0.00687825 0.00565801 0.00689775 0.99996 -0.125977 0.33666 0.152079
FixedParameters: 0 0 0

#Transform 102
Transform: AffineTransform_float_3_3
Parameters: 0.999484 -0.0319609 -0.00297857 0.0319821 0.999461 0.00732051 0.00274244 -0.00741147 0.999969 0.889047 0.432276 0.0707644
FixedParameters: 0 0 0

#Transform 103
Transform: AffineTransform_float_3_3
Parameters: 0.99339 -0.113431 -0.0175616 0.113471 0.993541 0.00137636 0.0172925 -0.0033597 0.999845 2.1885 -0.271215 -0.980412
FixedParameters: 0 0 0

#Transform 104
Transform: AffineTransform_float_3_3
Parameters: 0.999201 -0.0392053 -0.00769152 0.0392417 0.999219 0.00468091 0.00750147 -0.00497907 0.999959 0.758872 0.175775 -0.650434
FixedParameters: 0 0 0

#Transform 105
Transform: AffineTransform_float_3_3
Parameters: 0.999174 -0.040565 0.00210076 0.040531 0.999077 0.0142779 -0.0026782 -0.0141801 0.999896 0.945292 -0.203785 -1.16716
FixedParameters: 0 0 0

#Transform 106
Transform: AffineTransform_float_3_3
Parameters: 0.999671 -0.0215785 0.0139019 0.0215725 0.999767 0.000619102 -0.0139111 -0.000318924 0.999903 0.797926 -0.150162 -0.934816
FixedParameters: 0 0 0

#Transform 107
Transform: AffineTransform_float_3_3
Parameters: 0.999764 -0.0207686 0.00645065 0.0207704 0.999784 -0.000301089 -0.00644236 0.000434902 0.999979 0.696684 -0.252585 -0.87051
FixedParameters: 0 0 0

#Transform 108
Transform: AffineTransform_float_3_3
Parameters: 0.999545 -0.0289438 0.00850196 0.0291912 0.999106 -0.0305547 -0.00761002 0.0307893 0.999497 0.743347 -0.39812 -0.832713
FixedParameters: 0 0 0

#Transform 109
Transform: AffineTransform_float_3_3
Parameters: 0.999326 -0.0337214 0.0145045 0.0341095 0.999043 -0.0273587 -0.0135675 0.0278353 0.999521 1.13607 -0.326313 -1.00593
FixedParameters: 0 0 0

#Transform 110
Transform: AffineTransform_float_3_3
Parameters: 0.999262 -0.0346167 0.0166424 0.0350513 0.999032 -0.0265552 -0.0157076 0.0271187 0.999509 1.02447 -0.568863 -1.13694
FixedParameters: 0 0 0

#Transform 111
Transform: AffineTransform_float_3_3
Parameters: 0.99977 -0.0212028 0.00320709 0.0213952 0.996314 -0.0830675 -0.00143399 0.0831165 0.996539 0.716421 -1.30342 -1.12543
FixedParameters: 0 0 0

#Transform 112
Transform: AffineTransform_float_3_3
Parameters: 0.99986 -0.0166989 -0.00147366 0.0166381 0.999263 -0.0345784 0.00205033 0.0345486 0.999401 0.592778 -0.430063 0.318562
FixedParameters: 0 0 0

#Transform 113
Transform: AffineTransform_float_3_3
Parameters: 0.999897 -0.01432 0.000666649 0.014333 0.999514 -0.0276763 -0.000270341 0.0276837 0.999616 0.52249 -0.43216 -0.362733
FixedParameters: 0 0 0

#Transform 114
Transform: AffineTransform_float_3_3
Parameters: 0.999925 -0.0122003 0.00101223 0.0122207 0.999639 -0.0239224 -0.000720774 0.0239336 0.999714 0.492349 -0.368981 -0.491563
FixedParameters: 0 0 0

#Transform 115
Transform: AffineTransform_float_3_3
Parameters: 0.999938 -0.0110815 0.00115712 0.0111055 0.999653 -0.0238886 -0.000891895 0.0238994 0.999714 0.483587 -0.366598 -0.532142
FixedParameters: 0 0 0

#Transform 116
Transform: AffineTransform_float_3_3
Parameters: 0.999844 -0.0170437 0.00478114 0.0171454 0.999606 -0.0222515 -0.00439987 0.0223305 0.999741 0.544245 -0.354736 -0.820981
FixedParameters: 0 0 0

#Transform 117
Transform: AffineTransform_float_3_3
Parameters: 0.999875 -0.0152838 0.00419824 0.0153493 0.999755 -0.0159786 -0.00395276 0.0160404 0.999863 0.519204 -0.327893 -0.818556
FixedParameters: 0 0 0

#Transform 118
Transform: AffineTransform_float_3_3
Parameters: 0.999871 -0.0151635 0.00527456 0.0152485 0.999749 -0.0163707 -0.00502543 0.0164493 0.999852 0.501439 -0.383609 -0.952572
FixedParameters: 0 0 0

#Transform 119
Transform: AffineTransform_float_3_3
Parameters: 0.999905 -0.0132519 0.00363156 0.0133071 0.999789 -0.0156051 -0.00342444 0.0156518 0.999871 0.46258 -0.386588 -0.877056
FixedParameters: 0 0 0

#Transform 120
Transform: AffineTransform_float_3_3
Parameters: 0.999923 -0.0123742 0.000612579 0.0123838 0.999724 -0.019994 -0.000365425 0.0200001 0.9998 0.471882 -0.393796 -0.97613
FixedParameters: 0 0 0

#Transform 121
Transform: AffineTransform_float_3_3
Parameters: 0.999926 -0.0121595 -0.00019207 0.0121515 0.999666 -0.02278 0.000468918 0.022776 0.999741 0.437277 -0.468681 -0.934542
FixedParameters: 0 0 0

#Transform 122
Transform: AffineTransform_float_3_3
Parameters: 0.999897 -0.0142466 -0.00185738 0.0141593 0.999066 -0.0408065 0.00243764 0.0407765 0.999166 0.493975 -1.00888 -0.822526
FixedParameters: 0 0 0

#Transform 123
Transform: AffineTransform_float_3_3
Parameters: 0.999827 -0.0182413 -0.00347927 0.0178507 0.995722 -0.0906517 0.00511768 0.0905732 0.995876 0.496986 -1.41659 -0.776027
FixedParameters: 0 0 0

#Transform 124
Transform: AffineTransform_float_3_3
Parameters: 0.999823 -0.0178714 -0.00584766 0.0170555 0.992838 -0.118246 0.00791941 0.118125 0.992967 0.428996 -1.68438 -1.30395
FixedParameters: 0 0 0

#Transform 125
Transform: AffineTransform_float_3_3
Parameters: 0.999893 -0.0141752 -0.0034126 0.0137648 0.994933 -0.0995885 0.00480637 0.0995304 0.995023 0.354519 -1.37512 -1.2437
FixedParameters: 0 0 0

#Transform 126
Transform: AffineTransform_float_3_3
Parameters: 0.999916 -0.0126721 -0.00298389 0.0124409 0.997626 -0.0677228 0.0038351 0.0676801 0.997699 0.410579 -1.14584 -1.16586
FixedParameters: 0 0 0

#Transform 127
Transform: AffineTransform_float_3_3
Parameters: 0.999891 -0.0144319 -0.00307988 0.0142172 0.998033 -0.0610574 0.00395413 0.0610075 0.998129 0.413173 -0.992089 -1.07311
FixedParameters: 0 0 0

#Transform 128
Transform: AffineTransform_float_3_3
Parameters: 0.999669 -0.0137276 -0.0217808 0.0152454 0.997353 0.0711035 0.0207472 -0.0714125 0.997231 0.316819 0.792097 1.81999
FixedParameters: 0 0 0

#Transform 129
Transform: AffineTransform_float_3_3
Parameters: 0.999497 -0.0181356 -0.0260108 0.0193354 0.998725 0.0466265 0.0251322 -0.0471065 0.998573 0.47951 -0.377842 0.283173
FixedParameters: 0 0 0

#Transform 130
Transform: AffineTransform_float_3_3
Parameters: 0.99978 -0.0186577 -0.00965441 0.0181822 0.998719 -0.047217 0.0105236 0.047031 0.998838 0.439641 -1.07801 -1.22473
FixedParameters: 0 0 0

#Transform 131
Transform: AffineTransform_float_3_3
Parameters: 0.999907 -0.0124569 -0.00544105 0.0118681 0.995176 -0.0973916 0.00662796 0.0973185 0.995231 0.31271 -2.27711 -4.3483
FixedParameters: 0 0 0

#Transform 132
Transform: AffineTransform_float_3_3
Parameters: 0.999694 -0.0181796 -0.0167607 0.0155274 0.989062 -0.146681 0.0192443 0.146376 0.989042 0.283131 -2.41256 -3.91172
FixedParameters: 0 0 0

#Transform 133
Transform: AffineTransform_float_3_3
Parameters: 0.999838 -0.0148953 -0.0101604 0.0132086 0.988653 -0.149641 0.0122747 0.149482 0.988689 0.311497 -2.38113 -2.72776
FixedParameters: 0 0 0

#Transform 134
Transform: AffineTransform_float_3_3
Parameters: 0.999813 -0.0152322 -0.0118575 0.0132207 0.987932 -0.154318 0.0140655 0.154133 0.98795 0.320868 -2.55167 -2.35773
FixedParameters: 0 0 0

#Transform 135
Transform: AffineTransform_float_3_3
Parameters: 0.999861 -0.0148906 -0.00758602 0.0132474 0.982943 -0.183429 0.0101881 0.183303 0.983003 0.538662 -2.67 -2.21141
FixedParameters: 0 0 0

#Transform 136
Transform: AffineTransform_float_3_3
Parameters: 0.999806 -0.0161351 -0.0112403 0.014154 0.987296 -0.158257 0.0136507 0.158066 0.987334 0.408029 -2.53342 -2.12419
FixedParameters: 0 0 0

#Transform 137
Transform: AffineTransform_float_3_3
Parameters: 0.999866 -0.015264 -0.00580669 0.0141581 0.987392 -0.157659 0.00813932 0.157557 0.987477 0.347815 -2.62346 -1.92224
FixedParameters: 0 0 0

#Transform 138
Transform: AffineTransform_float_3_3
Parameters: 0.999846 -0.0166066 -0.0056866 0.0154325 0.986012 -0.165954 0.00836231 0.165842 0.986117 0.485713 -2.68726 -2.13807
FixedParameters: 0 0 0

#Transform 139
Transform: AffineTransform_float_3_3
Parameters: 0.999931 -0.0104738 -0.00544964 0.0102282 0.999008 -0.0433238 0.00589838 0.0432652 0.999046 0.0651145 -0.891533 -1.51381
FixedParameters: 0 0 0

#Transform 140
Transform: AffineTransform_float_3_3
Parameters: 0.999894 -0.0121212 -0.00804526 0.0116848 0.998561 -0.0523315 0.0086678 0.0522325 0.998598 0.0767009 -1.1865 -1.47864
FixedParameters: 0 0 0

#Transform 141
Transform: AffineTransform_float_3_3
Parameters: 0.999776 -0.0208961 -0.00332598 0.0209279 0.999733 0.0098626 0.00311901 -0.0099304 0.999946 0.2488 2.05487 -0.205393
FixedParameters: 0 0 0
