#Insight Transform File V1.0
#Transform 0
Transform: AffineTransform_float_3_3
Parameters: 0.999995 -3.64196e-05 0.0031752 5.05822e-05 0.99999 -0.00459287 -0.0031748 0.00459214 0.999985 0.0203423 -0.0486222 0.14065
FixedParameters: 0 0 0

#Transform 1
Transform: AffineTransform_float_3_3
Parameters: 0.999996 -0.000703664 0.0027979 0.000718331 0.999984 -0.00548401 -0.0027931 0.00548599 0.999981 0.0418033 -0.0292897 0.127285
FixedParameters: 0 0 0

#Transform 2
Transform: AffineTransform_float_3_3
Parameters: 0.999998 -0.000671723 0.00199583 0.000683277 0.999984 -0.00565465 -0.00199217 0.00565635 0.999982 0.0342387 -0.0203473 0.083127
FixedParameters: 0 0 0

#Transform 3
Transform: AffineTransform_float_3_3
Parameters: 0.999999 -0.000155756 0.0018399 0.000165244 0.999985 -0.00556871 -0.00183911 0.0055693 0.999983 0.0275323 -0.0442443 0.087723
FixedParameters: 0 0 0

#Transform 4
Transform: AffineTransform_float_3_3
Parameters: 0.999998 -0.00016412 0.0016629 0.000172874 0.999985 -0.00534072 -0.0016611 0.00534128 0.999985 0.022026 -0.0370578 0.0583479
FixedParameters: 0 0 0

#Transform 5
Transform: AffineTransform_float_3_3
Parameters: 1 4.80586e-06 0.000983988 -1.94084e-07 0.999988 -0.004884 -0.000984013 0.004884 0.999987 0.0184979 -0.0554218 0.0610127
FixedParameters: 0 0 0

#Transform 6
Transform: AffineTransform_float_3_3
Parameters: 1 -0.000168188 0.000566842 0.000170813 0.999987 -0.0049649 -0.000566159 0.0049651 0.999988 0.00935515 -0.0622692 0.0396261
FixedParameters: 0 0 0

#Transform 7
Transform: AffineTransform_float_3_3
Parameters: 1 -0.000141332 0.000134704 0.000142669 0.999987 -0.00496998 -0.000134293 0.00497002 0.999987 0.0166617 0.00512886 0.0241079
FixedParameters: 0 0 0

#Transform 8
Transform: AffineTransform_float_3_3
Parameters: 1 -0.000349452 0.000322684 0.000350549 0.999989 -0.00480889 -0.000321318 0.00480912 0.999989 0.00200119 0.00916182 0.0835955
FixedParameters: 0 0 0

#Transform 9
Transform: AffineTransform_float_3_3
Parameters: 1 -0.000642824 0.000254984 0.000643176 0.999989 -0.00463784 -0.00025202 0.00463816 0.999989 0.00334868 0.00326779 0.101115
FixedParameters: 0 0 0

#Transform 10
Transform: AffineTransform_float_3_3
Parameters: 0.999999 -0.000642249 0.000429629 0.000643753 0.999992 -0.00408772 -0.000427372 0.00408828 0.999991 -0.00539498 0.0108939 0.128177
FixedParameters: 0 0 0

#Transform 11
Transform: AffineTransform_float_3_3
Parameters: 1 -0.000513726 0.00111092 0.000520274 0.999984 -0.00565443 -0.00110808 0.00565558 0.999984 -0.0251278 -0.033052 0.0660301
FixedParameters: 0 0 0

#Transform 12
Transform: AffineTransform_float_3_3
Parameters: 0.999999 -0.000445562 0.000590847 0.000448439 0.999992 -0.00413374 -0.000589152 0.00413327 0.999992 -0.0171691 -0.0430793 0.0780865
FixedParameters: 0 0 0

#Transform 13
Transform: AffineTransform_float_3_3
Parameters: 1 -0.000182508 -0.000169454 0.00018249 0.999995 -0.00299503 0.000170547 0.00299497 0.999996 -0.0208577 -0.0466267 0.0608805
FixedParameters: 0 0 0

#Transform 14
Transform: AffineTransform_float_3_3
Parameters: 1 -0.000274237 -0.000128495 0.000273764 0.999999 -0.00184304 0.000128505 0.00184297 0.999999 -0.0168374 -0.0299573 0.11396
FixedParameters: 0 0 0

#Transform 15
Transform: AffineTransform_float_3_3
Parameters: 1 -1.57832e-05 0.000631059 1.72166e-05 0.999994 -0.00351299 -0.000630943 0.00351301 0.999993 -0.0379966 0.0260101 0.0381118
FixedParameters: 0 0 0

#Transform 16
Transform: AffineTransform_float_3_3
Parameters: 1 -2.71205e-05 -0.000122973 2.68794e-05 0.999999 -0.000980002 0.000123026 0.000979996 0.999999 -0.0259545 0.0103903 0.125781
FixedParameters: 0 0 0

#Transform 17
Transform: AffineTransform_float_3_3
Parameters: 1 -3.22036e-05 -0.000132951 3.27963e-05 0.999999 -0.001531 0.00013305 0.001531 0.999999 -0.0402922 0.00462518 0.0933375
FixedParameters: 0 0 0

#Transform 18
Transform: AffineTransform_float_3_3
Parameters: 1 -3.56729e-05 -0.000370936 3.5327e-05 0.999999 -0.00181401 0.000371065 0.00181399 0.999999 -0.0290778 0.00552224 0.0902809
FixedParameters: 0 0 0

#Transform 19
Transform: AffineTransform_float_3_3
Parameters: 0.999999 -3.9527e-05 0.000764024 4.04729e-05 1 -0.000618969 -0.000763975 0.00061903 0.999999 -0.00975946 -0.00650438 -0.00487055
FixedParameters: 0 0 0

#Transform 20
Transform: AffineTransform_float_3_3
Parameters: 1 0.00015401 0.000165991 -0.00015399 1 -5.90256e-05 -0.000166009 5.89744e-05 1 -0.00759517 0.017214 0.00136165
FixedParameters: 0 0 0

#Transform 21
Transform: AffineTransform_float_3_3
Parameters: 1 0.000448847 -0.00024528 -0.000449152 0.999999 -0.00062289 0.00024472 0.00062311 1 -0.0208029 -0.0657791 -0.0288539
FixedParameters: 0 0 0

#Transform 22
Transform: AffineTransform_float_3_3
Parameters: 1 0.000313931 0.000166131 -0.000314069 1 0.000416948 -0.000165869 -0.000417052 1 -0.0203824 -0.0641158 -0.0794668
FixedParameters: 0 0 0

#Transform 23
Transform: AffineTransform_float_3_3
Parameters: 1 0.000313879 -0.00014626 -0.00031312 0.999999 -0.000826954 0.000145741 0.000827045 0.999999 -0.0188204 -0.0933275 -0.13647
FixedParameters: 0 0 0

#Transform 24
Transform: AffineTransform_float_3_3
Parameters: 0.999999 0.000527354 -0.000552618 -0.000528647 0.999999 -0.00117071 0.000552382 0.00117029 0.999999 -0.0124689 -0.0735692 -0.16033
FixedParameters: 0 0 0

#Transform 25
Transform: AffineTransform_float_3_3
Parameters: 1 0.000313995 -0.000476003 -0.000314005 1 -1.08505e-05 0.000475996 1.11495e-05 1 -0.0151173 -0.0274627 -0.149851
FixedParameters: 0 0 0

#Transform 26
Transform: AffineTransform_float_3_3
Parameters: 1 0.000313909 -0.000552052 -0.000313091 1 -0.000164827 0.000551948 0.000165173 1 -0.00476218 -0.0321344 -0.123111
FixedParameters: 0 0 0

#Transform 27
Transform: AffineTransform_float_3_3
Parameters: 1 0.00014615 -0.00055196 -0.00014585 1 0.00027108 0.000552039 -0.000270919 1 -0.0140574 -0.0609219 -0.0977733
FixedParameters: 0 0 0

#Transform 28
Transform: AffineTransform_float_3_3
Parameters: 1 0.000415942 -0.000320075 -0.000415058 1 -0.000180867 0.000319925 0.000181133 1 -0.0206571 -0.0451298 -0.0997141
FixedParameters: 0 0 0

#Transform 29
Transform: AffineTransform_float_3_3
Parameters: 1 0.000181325 -0.000463873 -0.000180676 0.999999 0.000700083 0.000463126 -0.000699916 0.999999 -0.00453406 -0.0538617 -0.0560559
FixedParameters: 0 0 0

#Transform 30
Transform: AffineTransform_float_3_3
Parameters: 1 0.000181005 -0.000132993 -0.000180995 1 3.80241e-05 0.000133007 -3.79759e-05 1 -0.00612725 -0.101737 -0.0863689
FixedParameters: 0 0 0

#Transform 31
Transform: AffineTransform_float_3_3
Parameters: 1 -0.000194461 0.000306708 0.000194539 0.999999 0.00150206 -0.000307292 -0.00150194 0.999999 -0.00667996 -0.0902842 -0.0538425
FixedParameters: 0 0 0

#Transform 32
Transform: AffineTransform_float_3_3
Parameters: 1 -0.000183991 -0.000133013 0.000184009 1 6.99755e-05 0.000132987 -7.00245e-05 1 -0.00448625 -0.0597368 -0.0823869
FixedParameters: 0 0 0

#Transform 33
Transform: AffineTransform_float_3_3
Parameters: 1 -2.09726e-05 -0.000133004 2.10274e-05 1 0.000205997 0.000132996 -0.000206003 1 -0.00525048 -0.0605731 -0.0745755
FixedParameters: 0 0 0

#Transform 34
Transform: AffineTransform_float_3_3
Parameters: 1 0.000601228 -0.000314564 -0.000600771 0.999999 0.000725189 0.000315435 -0.00072481 0.999999 -0.0187702 -0.0868375 -0.066091
FixedParameters: 0 0 0

#Transform 35
Transform: AffineTransform_float_3_3
Parameters: 1 0.000984422 -0.000616326 -0.000984579 1 0.000684607 0.000616673 -0.000683393 0.999999 -0.0306048 -0.110381 -0.0661218
FixedParameters: 0 0 0

#Transform 36
Transform: AffineTransform_float_3_3
Parameters: 0.999998 0.00172267 -0.00147305 -0.00172133 0.999998 0.00113254 0.00147495 -0.00112946 0.999999 -0.057424 -0.0995559 -0.0446548
FixedParameters: 0 0 0

#Transform 37
Transform: AffineTransform_float_3_3
Parameters: 0.999996 0.0012778 -0.00225516 -0.0012712 0.999994 0.00301388 0.00225884 -0.00301112 0.999993 -0.0567599 -0.0906509 0.39638
FixedParameters: 0 0 0

#Transform 38
Transform: AffineTransform_float_3_3
Parameters: 0.999997 0.00164165 -0.00152401 -0.00163735 0.999994 0.0030465 0.00152899 -0.0030445 0.999994 -0.0827137 -0.131365 0.214242
FixedParameters: 0 0 0

#Transform 39
Transform: AffineTransform_float_3_3
Parameters: 0.999996 0.00172819 -0.00189427 -0.00172281 0.999995 0.00274027 0.00189873 -0.00273673 0.999995 -0.0925393 -0.10264 0.173352
FixedParameters: 0 0 0

#Transform 40
Transform: AffineTransform_float_3_3
Parameters: 0.999995 0.00190493 -0.00245063 -0.00189807 0.999994 0.00282567 0.00245637 -0.00282133 0.999993 -0.103214 -0.0922124 0.173745
FixedParameters: 0 0 0

#Transform 41
Transform: AffineTransform_float_3_3
Parameters: 0.999996 0.0019346 -0.0017729 -0.00192839 0.999993 0.00315843 0.0017791 -0.00315457 0.999994 -0.110025 -0.105583 0.173177
FixedParameters: 0 0 0

#Transform 42
Transform: AffineTransform_float_3_3
Parameters: 0.999996 0.00190406 -0.00200231 -0.00189694 0.999992 0.00352181 0.00200969 -0.00351819 0.999992 -0.117316 -0.125305 0.153713
FixedParameters: 0 0 0

#Transform 43
Transform: AffineTransform_float_3_3
Parameters: 0.999995 0.00228938 -0.00212407 -0.00228162 0.999992 0.00347086 0.00213193 -0.00346614 0.999991 -0.116295 -0.131211 0.105107
FixedParameters: 0 0 0

#Transform 44
Transform: AffineTransform_float_3_3
Parameters: 0.999995 0.00178739 -0.00236569 -0.00177861 0.999992 0.00354222 0.00237231 -0.00353778 0.999991 -0.119979 -0.101922 0.146472
FixedParameters: 0 0 0

#Transform 45
Transform: AffineTransform_float_3_3
Parameters: 0.999998 0.00192154 0.000125224 -0.00192246 0.999991 0.00375877 -0.000118776 -0.00375824 0.999993 -0.123321 0.0140187 0.488319
FixedParameters: 0 0 0

#Transform 46
Transform: AffineTransform_float_3_3
Parameters: 0.999996 0.00249503 -0.00116239 -0.00249097 0.999991 0.00345691 0.00117162 -0.00345409 0.999994 -0.1127 -0.0971212 0.347231
FixedParameters: 0 0 0

#Transform 47
Transform: AffineTransform_float_3_3
Parameters: 0.999998 0.00165036 -0.00159743 -0.00164264 0.999988 0.00459964 0.00160457 -0.00459736 0.999988 -0.106763 -0.101753 0.250626
FixedParameters: 0 0 0

#Transform 48
Transform: AffineTransform_float_3_3
Parameters: 0.999995 0.00298483 0.000308531 -0.00298517 0.999988 0.0038621 -0.000297472 -0.00386291 0.999993 -0.0267393 0.0164477 0.443805
FixedParameters: 0 0 0

#Transform 49
Transform: AffineTransform_float_3_3
Parameters: 0.999998 0.00194802 -5.63142e-05 -0.00194798 0.999998 0.00035211 5.76856e-05 -0.000351888 1 -0.083344 -0.115964 0.288599
FixedParameters: 0 0 0

#Transform 50
Transform: AffineTransform_float_3_3
Parameters: 0.999996 0.00196325 -0.00172144 -0.00196175 0.999997 0.00130638 0.00172456 -0.00130362 0.999997 -0.0612471 -0.108122 0.17143
FixedParameters: 0 0 0

#Transform 51
Transform: AffineTransform_float_3_3
Parameters: 0.999996 0.00183629 -0.00216685 -0.00182871 0.999992 0.00335998 0.00217315 -0.00335602 0.999992 -0.0381234 -0.165474 0.00781524
FixedParameters: 0 0 0

#Transform 52
Transform: AffineTransform_float_3_3
Parameters: 0.999995 0.00204313 -0.00216536 -0.00203487 0.999991 0.00375042 0.00217264 -0.00374558 0.99999 -0.045337 -0.199796 -0.0586145
FixedParameters: 0 0 0

#Transform 53
Transform: AffineTransform_float_3_3
Parameters: 0.999994 0.0026309 -0.00251075 -0.0026231 0.999991 0.00314361 0.00251925 -0.00313739 0.999992 -0.0410266 -0.204194 -0.10501
FixedParameters: 0 0 0

#Transform 54
Transform: AffineTransform_float_3_3
Parameters: 0.999993 0.00262799 -0.00270021 -0.00262101 0.999993 0.0025901 0.00270679 -0.00258291 0.999993 -0.0396463 -0.213373 -0.0941238
FixedParameters: 0 0 0

#Transform 55
Transform: AffineTransform_float_3_3
Parameters: 0.999992 0.00297321 -0.00270347 -0.00296978 0.999995 0.00119204 0.00270753 -0.00118396 0.999995 -0.0494959 -0.190708 -0.162021
FixedParameters: 0 0 0

#Transform 56
Transform: AffineTransform_float_3_3
Parameters: 0.999992 0.00268572 -0.00314798 -0.00268029 0.999996 0.00150145 0.00315202 -0.00149255 0.999994 -0.0656581 -0.204217 -0.17177
FixedParameters: 0 0 0

#Transform 57
Transform: AffineTransform_float_3_3
Parameters: 0.999989 0.0028354 -0.00372887 -0.00282659 0.999993 0.00252557 0.00373613 -0.00251443 0.99999 -0.0603877 -0.188024 -0.0887897
FixedParameters: 0 0 0

#Transform 58
Transform: AffineTransform_float_3_3
Parameters: 0.999984 0.00272158 -0.00491305 -0.00270842 0.999993 0.00256635 0.00491995 -0.00255265 0.999984 -0.0794235 -0.163079 -0.168756
FixedParameters: 0 0 0

#Transform 59
Transform: AffineTransform_float_3_3
Parameters: 0.999984 0.00273498 -0.00491003 -0.00271702 0.999989 0.0036644 0.00491997 -0.0036516 0.999981 -0.074021 -0.189888 -0.18546
FixedParameters: 0 0 0

#Transform 60
Transform: AffineTransform_float_3_3
Parameters: 0.999987 0.0018157 -0.00491533 -0.0018033 0.999995 0.0025869 0.00492067 -0.0025781 0.999984 -0.0767224 -0.184017 -0.163501
FixedParameters: 0 0 0

#Transform 61
Transform: AffineTransform_float_3_3
Parameters: 0.999985 0.00218935 -0.00491584 -0.00218065 0.999996 0.00190675 0.00492015 -0.00189626 0.999986 -0.0814004 -0.181079 -0.248666
FixedParameters: 0 0 0

#Transform 62
Transform: AffineTransform_float_3_3
Parameters: 0.999988 0.00258787 -0.0041222 -0.00258513 0.999997 0.000700665 0.0041238 -0.000689337 0.999992 -0.121056 -0.123522 -0.281043
FixedParameters: 0 0 0

#Transform 63
Transform: AffineTransform_float_3_3
Parameters: 0.999988 0.00228562 -0.0044916 -0.00227338 0.999994 0.00281325 0.0044974 -0.00280276 0.999986 -0.101091 -0.173133 -0.300988
FixedParameters: 0 0 0

#Transform 64
Transform: AffineTransform_float_3_3
Parameters: 0.999986 0.00237806 -0.00474047 -0.00236494 0.999994 0.00275825 0.00474753 -0.00274675 0.999985 -0.107026 -0.146293 -0.341985
FixedParameters: 0 0 0

#Transform 65
Transform: AffineTransform_float_3_3
Parameters: 0.999986 0.00168592 -0.00490268 -0.00168408 0.999998 0.000191259 0.00490331 -0.000183736 0.999988 -0.0435462 -0.106058 -0.444308
FixedParameters: 0 0 0

#Transform 66
Transform: AffineTransform_float_3_3
Parameters: 0.999992 0.00287922 -0.0027654 -0.00286878 0.999989 0.00369296 0.0027756 -0.00368504 0.99999 -0.0340609 -0.0901669 -0.215926
FixedParameters: 0 0 0

#Transform 67
Transform: AffineTransform_float_3_3
Parameters: 0.999994 0.00325319 -0.00161762 -0.00325182 0.999995 0.000734266 0.00161938 -0.000729737 0.999999 -0.10411 -0.190114 -0.290181
FixedParameters: 0 0 0

#Transform 68
Transform: AffineTransform_float_3_3
Parameters: 0.999993 0.00191163 -0.00323137 -0.00191837 0.999995 -0.00227982 0.00322763 0.00228519 0.999992 -0.0766144 -0.170487 -0.334272
FixedParameters: 0 0 0

#Transform 69
Transform: AffineTransform_float_3_3
Parameters: 0.999992 0.0014376 -0.00372209 -0.0014424 0.999998 -0.00144864 0.00371991 0.00145336 0.999992 -0.082699 -0.195275 -0.378058
FixedParameters: 0 0 0

#Transform 70
Transform: AffineTransform_float_3_3
Parameters: 0.999994 -0.000206594 -0.00329321 0.000209407 1 0.00103432 0.00329278 -0.00103469 0.999994 -0.0208274 -0.236385 -0.417461
FixedParameters: 0 0 0

#Transform 71
Transform: AffineTransform_float_3_3
Parameters: 0.999994 0.000258754 -0.00341695 -0.000270247 0.999993 -0.0035841 0.00341605 0.0035849 0.999987 -0.0297165 -0.258787 -0.594672
FixedParameters: 0 0 0

#Transform 72
Transform: AffineTransform_float_3_3
Parameters: 0.999987 0.000272386 -0.00508473 -0.000303613 0.999982 -0.00602053 0.00508326 0.00602246 0.999969 -0.0347656 -0.243571 -0.692483
FixedParameters: 0 0 0

#Transform 73
Transform: AffineTransform_float_3_3
Parameters: 0.99998 0.000475345 -0.00621909 -0.000502653 0.99999 -0.00428495 0.0062169 0.00428804 0.999971 -0.0466879 -0.257164 -0.653786
FixedParameters: 0 0 0

#Transform 74
Transform: AffineTransform_float_3_3
Parameters: 0.999979 0.000936126 -0.00639875 -0.000967875 0.999987 -0.00497991 0.00639426 0.00498609 0.999967 -0.0593531 -0.287436 -0.695446
FixedParameters: 0 0 0

#Transform 75
Transform: AffineTransform_float_3_3
Parameters: 0.999975 0.00113699 -0.00705257 -0.00117101 0.999987 -0.00481987 0.00704744 0.00482814 0.999964 -0.0656014 -0.280724 -0.737859
FixedParameters: 0 0 0

#Transform 76
Transform: AffineTransform_float_3_3
Parameters: 0.999967 0.0011134 -0.00810713 -0.0011436 0.999992 -0.00364785 0.00810288 0.00365714 0.999961 -0.0672429 -0.269318 -0.737023
FixedParameters: 0 0 0

#Transform 77
Transform: AffineTransform_float_3_3
Parameters: 0.999961 0.00129347 -0.00882153 -0.00132454 0.999993 -0.00345645 0.00881747 0.00346754 0.999955 -0.0642599 -0.283427 -0.765248
FixedParameters: 0 0 0

#Transform 78
Transform: AffineTransform_float_3_3
Parameters: 0.999958 0.0011378 -0.00906981 -0.00116021 0.999997 -0.00244358 0.00906719 0.00245342 0.999956 -0.0790499 -0.29154 -0.74368
FixedParameters: 0 0 0

#Transform 79
Transform: AffineTransform_float_3_3
Parameters: 0.999976 0.00144889 -0.00677988 -0.00145211 0.999999 -0.000601169 0.00677912 0.000610837 0.999977 -0.0777307 -0.26635 -0.454802
FixedParameters: 0 0 0

#Transform 80
Transform: AffineTransform_float_3_3
Parameters: 0.999969 0.00156591 -0.00773222 -0.00156709 0.999999 -0.000134887 0.00773278 0.000147113 0.99997 -0.078233 -0.293834 -0.466895
FixedParameters: 0 0 0

#Transform 81
Transform: AffineTransform_float_3_3
Parameters: 0.999968 0.0015625 -0.00783851 -0.00156051 0.999998 0.000324242 0.0078385 -0.000312762 0.999969 -0.0896188 -0.291447 -0.531366
FixedParameters: 0 0 0

#Transform 82
Transform: AffineTransform_float_3_3
Parameters: 0.999969 0.0014524 -0.0077308 -0.00144659 0.999998 0.000834209 0.0077322 -0.000822795 0.99997 -0.0807356 -0.31237 -0.50995
FixedParameters: 0 0 0

#Transform 83
Transform: AffineTransform_float_3_3
Parameters: 0.99999 -0.00095968 -0.00434575 0.000953318 0.999998 -0.00130916 0.00434725 0.00130484 0.999989 -0.153208 -0.235229 -0.600196
FixedParameters: 0 0 0

#Transform 84
Transform: AffineTransform_float_3_3
Parameters: 0.999953 -0.000313703 -0.00976318 0.000319296 1 0.000540908 0.00976283 -0.000544089 0.999952 -0.253368 -0.268221 -0.565581
FixedParameters: 0 0 0

#Transform 85
Transform: AffineTransform_float_3_3
Parameters: 0.999926 0.000956117 -0.0121876 -0.000963875 1 -0.000640301 0.0121864 0.000652701 0.999926 -0.136899 -0.315384 -0.680963
FixedParameters: 0 0 0

#Transform 86
Transform: AffineTransform_float_3_3
Parameters: 0.999931 0.00249408 -0.011536 -0.00248493 0.999996 0.000800722 0.011538 -0.000772277 0.999933 -0.163642 -0.305826 -0.627611
FixedParameters: 0 0 0

#Transform 87
Transform: AffineTransform_float_3_3
Parameters: 0.999921 0.00175042 -0.0124292 -0.00175157 0.999999 -0.000115238 0.0124288 0.000137767 0.999922 -0.141828 -0.358508 -1.10674
FixedParameters: 0 0 0

#Transform 88
Transform: AffineTransform_float_3_3
Parameters: 0.999919 0.00184896 -0.012573 -0.00184205 0.999998 0.000564206 0.012574 -0.000541795 0.999921 -0.129959 -0.373287 -1.19439
FixedParameters: 0 0 0

#Transform 89
Transform: AffineTransform_float_3_3
Parameters: 0.999911 0.00205401 -0.0132389 -0.00203399 0.999997 0.00152506 0.0132421 -0.00149793 0.999911 -0.137929 -0.382624 -1.25466
FixedParameters: 0 0 0

#Transform 90
Transform: AffineTransform_float_3_3
Parameters: 0.999905 0.00223768 -0.0135636 -0.00220531 0.999994 0.00242414 0.0135693 -0.00239386 0.999905 -0.138719 -0.351245 -1.3125
FixedParameters: 0 0 0

#Transform 91
Transform: AffineTransform_float_3_3
Parameters: 0.999907 0.00200938 -0.0134929 -0.00198263 0.999996 0.00204194 0.013496 -0.00201507 0.999907 -0.143117 -0.342132 -1.33536
FixedParameters: 0 0 0

#Transform 92
Transform: AffineTransform_float_3_3
Parameters: 0.999903 0.00216413 -0.0137979 -0.00213788 0.999996 0.00190768 0.0138021 -0.00187831 0.999903 -0.146447 -0.333225 -1.3499
FixedParameters: 0 0 0

#Transform 93
Transform: AffineTransform_float_3_3
Parameters: 0.9999 0.00222814 -0.0139547 -0.00219485 0.999994 0.00239087 0.0139593 -0.00235913 0.9999 -0.150607 -0.326579 -1.38448
FixedParameters: 0 0 0

#Transform 94
Transform: AffineTransform_float_3_3
Parameters: 0.999904 0.0018291 -0.0136975 -0.0017799 0.999992 0.00359572 0.0137045 -0.00357127 0.999899 -0.133815 -0.276151 -1.45896
FixedParameters: 0 0 0

#Transform 95
Transform: AffineTransform_float_3_3
Parameters: 0.99992 0.00142245 -0.012567 -0.00138656 0.999995 0.00282865 0.012571 -0.00281134 0.999917 -0.118027 -0.315485 -1.43
FixedParameters: 0 0 0

#Transform 96
Transform: AffineTransform_float_3_3
Parameters: 0.999946 -0.000309984 -0.0104018 0.000394021 0.999968 0.00807634 0.0103992 -0.00807967 0.999914 -0.0603653 -0.34367 -1.48706
FixedParameters: 0 0 0

#Transform 97
Transform: AffineTransform_float_3_3
Parameters: 0.999964 -0.000546426 -0.00854965 0.000641567 0.999938 0.0111799 0.00854236 -0.0111851 0.999901 -0.072648 -0.353418 -1.5411
FixedParameters: 0 0 0

#Transform 98
Transform: AffineTransform_float_3_3
Parameters: 0.999963 -0.000623799 -0.00856455 0.000720208 0.999936 0.0112342 0.00855745 -0.0112398 0.9999 -0.0852198 -0.329712 -1.17312
FixedParameters: 0 0 0

#Transform 99
Transform: AffineTransform_float_3_3
Parameters: 0.999964 -0.000585596 -0.00848407 0.000655401 0.999967 0.00817973 0.00847892 -0.00818526 0.99993 -0.0941076 -0.27335 -1.42241
FixedParameters: 0 0 0

#Transform 100
Transform: AffineTransform_float_3_3
Parameters: 0.999973 -0.000450842 -0.007358 0.000511161 0.999966 0.00831247 0.00735401 -0.00831555 0.999939 -0.112265 -0.289602 -1.50878
FixedParameters: 0 0 0

#Transform 101
Transform: AffineTransform_float_3_3
Parameters: 0.99997 -0.000875699 -0.00761031 0.000904304 0.999992 0.00371623 0.00760769 -0.00372277 0.999964 -0.0498085 -0.298307 -1.97891
FixedParameters: 0 0 0

#Transform 102
Transform: AffineTransform_float_3_3
Parameters: 0.999973 -0.000246 -0.00743013 0.000218003 0.999993 -0.00376872 0.00743088 0.00376728 0.999966 -0.0705292 -0.357687 -1.86096
FixedParameters: 0 0 0

#Transform 103
Transform: AffineTransform_float_3_3
Parameters: 0.999963 -0.000194759 -0.00866401 0.000195244 1 2.73094e-05 0.008664 -2.86885e-05 0.999963 -0.0899818 -0.352282 -1.91559
FixedParameters: 0 0 0

#Transform 104
Transform: AffineTransform_float_3_3
Parameters: 0.999964 -0.000211974 -0.00850718 0.000219019 0.999999 0.000824167 0.00850682 -0.000826833 0.999964 -0.0998566 -0.358876 -1.91971
FixedParameters: 0 0 0

#Transform 105
Transform: AffineTransform_float_3_3
Parameters: 0.999964 -0.000700823 -0.00839493 0.000700177 0.999999 -0.000100881 0.00839506 9.51199e-05 0.999965 -0.102551 -0.309662 -2.01808
FixedParameters: 0 0 0

#Transform 106
Transform: AffineTransform_float_3_3
Parameters: 0.999959 -0.000552644 -0.00901418 0.000539355 0.999998 -0.00151592 0.00901583 0.00151108 0.999958 -0.110336 -0.334994 -2.00398
FixedParameters: 0 0 0

#Transform 107
Transform: AffineTransform_float_3_3
Parameters: 0.999961 -0.000696905 -0.00877629 0.000713096 0.999998 0.00183081 0.00877571 -0.00183719 0.99996 -0.106753 -0.374427 -1.92639
FixedParameters: 0 0 0

#Transform 108
Transform: AffineTransform_float_3_3
Parameters: 0.999963 -0.000792399 -0.00864689 0.000801603 0.999999 0.00110711 0.00864612 -0.00111389 0.999962 -0.113281 -0.416814 -2.02298
FixedParameters: 0 0 0

#Transform 109
Transform: AffineTransform_float_3_3
Parameters: 0.999966 -0.000885556 -0.0081307 0.000892451 1 0.00078977 0.00813029 -0.000796226 0.999966 -0.0943145 -0.430741 -1.9945
FixedParameters: 0 0 0

#Transform 110
Transform: AffineTransform_float_3_3
Parameters: 0.999974 -0.000343372 -0.0072972 0.000367631 0.999994 0.00337441 0.0072958 -0.0033766 0.999967 -0.104046 -0.41895 -2.02532
FixedParameters: 0 0 0

#Transform 111
Transform: AffineTransform_float_3_3
Parameters: 0.999998 0.0005863 -0.00187189 -0.000572698 0.999974 0.00709808 0.00187611 -0.00709691 0.999973 -0.170592 -0.329367 -2.30825
FixedParameters: 0 0 0

#Transform 112
Transform: AffineTransform_float_3_3
Parameters: 0.999993 -0.000479282 -0.0035606 0.000490717 0.999995 0.00329028 0.0035594 -0.00329273 0.999988 -0.135062 -0.374322 -2.36628
FixedParameters: 0 0 0

#Transform 113
Transform: AffineTransform_float_3_3
Parameters: 0.999988 -0.000905438 -0.0047883 0.000933563 0.999983 0.0057576 0.0047827 -0.0057614 0.999972 -0.127942 -0.348747 -2.36947
FixedParameters: 0 0 0

#Transform 114
Transform: AffineTransform_float_3_3
Parameters: 0.999974 -0.00141227 -0.00709857 0.00151171 0.9999 0.0140626 0.00707743 -0.0140734 0.999876 -0.168162 -0.301082 -1.99771
FixedParameters: 0 0 0

#Transform 115
Transform: AffineTransform_float_3_3
Parameters: 0.999969 -0.000862739 -0.00785528 0.000968254 0.999909 0.0134058 0.00784272 -0.0134132 0.99988 -0.17565 -0.305678 -1.20815
FixedParameters: 0 0 0

#Transform 116
Transform: AffineTransform_float_3_3
Parameters: 0.99998 -0.000337927 -0.00628509 0.00040707 0.999939 0.0109917 0.0062809 -0.0109943 0.99992 -0.173461 -0.325253 -1.01398
FixedParameters: 0 0 0

#Transform 117
Transform: AffineTransform_float_3_3
Parameters: 0.999966 2.16791e-06 -0.00829762 0.000101178 0.999922 0.0124336 0.00829739 -0.0124334 0.999889 -0.175115 -0.275505 -1.60014
FixedParameters: 0 0 0

#Transform 118
Transform: AffineTransform_float_3_3
Parameters: 0.999966 -0.000612497 -0.00820013 0.000712506 0.999924 0.0122596 0.00819188 -0.0122644 0.999891 -0.130581 -0.354964 -1.89064
FixedParameters: 0 0 0

#Transform 119
Transform: AffineTransform_float_3_3
Parameters: 0.999971 -0.000726579 -0.0076689 0.000814423 0.999933 0.0115331 0.00766012 -0.0115389 0.999904 -0.117189 -0.320917 -1.54857
FixedParameters: 0 0 0

#Transform 120
Transform: AffineTransform_float_3_3
Parameters: 0.999991 -0.000624712 -0.00425122 0.000672297 0.999938 0.0111312 0.00424478 -0.0111338 0.999929 -0.116079 -0.394155 -2.11763
FixedParameters: 0 0 0

#Transform 121
Transform: AffineTransform_float_3_3
Parameters: 0.999992 -0.000474835 -0.00410523 0.000518163 0.999944 0.01052 0.00409978 -0.010522 0.999936 -0.0936987 -0.443851 -2.40621
FixedParameters: 0 0 0

#Transform 122
Transform: AffineTransform_float_3_3
Parameters: 0.99999 -0.00116076 -0.00418394 0.00119624 0.999963 0.00843107 0.00417406 -0.00843592 0.999955 -0.0939533 -0.436991 -2.56798
FixedParameters: 0 0 0

#Transform 123
Transform: AffineTransform_float_3_3
Parameters: 0.99999 -0.000867209 -0.00423698 0.000909788 0.999949 0.0101072 0.00422802 -0.0101118 0.99994 -0.104415 -0.490149 -2.68739
FixedParameters: 0 0 0

#Transform 124
Transform: AffineTransform_float_3_3
Parameters: 0.999994 -0.000468003 -0.00325684 0.000493991 0.999968 0.00798643 0.00325216 -0.00798756 0.999963 -0.101148 -0.500673 -2.77947
FixedParameters: 0 0 0

#Transform 125
Transform: AffineTransform_float_3_3
Parameters: 0.99998 -0.00588177 0.00229093 0.00591524 0.999867 -0.0152368 -0.00220109 0.0152493 0.999882 -0.180253 -0.0172031 -0.888854
FixedParameters: 0 0 0

#Transform 126
Transform: AffineTransform_float_3_3
Parameters: 0.999985 -0.00543159 0.000873428 0.00543942 0.999947 -0.00872339 -0.000826571 0.00872763 0.999962 -0.17669 -0.0544855 -1.75315
FixedParameters: 0 0 0

#Transform 127
Transform: AffineTransform_float_3_3
Parameters: 0.999991 -0.00316128 -0.00260082 0.00318872 0.999941 0.0103348 0.00256817 -0.0103422 0.999943 -0.106326 -0.404542 -2.85534
FixedParameters: 0 0 0

#Transform 128
Transform: AffineTransform_float_3_3
Parameters: 0.999993 -0.00241435 -0.00308603 0.00245065 0.999926 0.0119275 0.00305698 -0.0119345 0.999924 -0.113287 -0.440385 -3.03652
FixedParameters: 0 0 0

#Transform 129
Transform: AffineTransform_float_3_3
Parameters: 0.999998 -0.00178598 -0.000738222 0.00179302 0.999952 0.0096227 0.000720778 -0.00962431 0.999954 -0.139716 -0.475234 -3.14076
FixedParameters: 0 0 0

#Transform 130
Transform: AffineTransform_float_3_3
Parameters: 0.999996 -0.0020848 -0.00150388 0.0020992 0.999952 0.00950287 0.00148411 -0.00950612 0.999953 -0.123336 -0.471474 -3.1779
FixedParameters: 0 0 0

#Transform 131
Transform: AffineTransform_float_3_3
Parameters: 0.999996 -0.00268082 -0.00101946 0.00269018 0.999955 0.00910829 0.000995535 -0.00911071 0.999958 -0.107794 -0.436413 -3.26681
FixedParameters: 0 0 0

#Transform 132
Transform: AffineTransform_float_3_3
Parameters: 0.999996 -0.00261355 -0.000880493 0.00262246 0.999949 0.00973673 0.000855503 -0.00973928 0.999952 -0.122277 -0.402835 -4.0075
FixedParameters: 0 0 0

#Transform 133
Transform: AffineTransform_float_3_3
Parameters: 0.999997 -0.00236595 -0.000134065 0.00236605 0.999962 0.00847871 0.000113942 -0.0084793 0.999964 -0.122494 -0.359582 -3.78822
FixedParameters: 0 0 0

#Transform 134
Transform: AffineTransform_float_3_3
Parameters: 0.999995 -0.00233513 0.00239919 0.00232488 0.999989 0.0042146 -0.00240882 -0.0042094 0.999988 -0.161472 -0.453151 -3.2578
FixedParameters: 0 0 0

#Transform 135
Transform: AffineTransform_float_3_3
Parameters: 0.999997 -0.0021641 8.64592e-05 0.0021639 0.999997 0.00117419 -8.95403e-05 -0.00117381 1 -0.158726 -0.465821 -3.38482
FixedParameters: 0 0 0

#Transform 136
Transform: AffineTransform_float_3_3
Parameters: 0.999997 -0.00188362 -0.00104688 0.00188338 0.999998 -0.000593973 0.00104812 0.000592027 1 -0.177929 -0.42205 -3.56822
FixedParameters: 0 0 0

#Transform 137
Transform: AffineTransform_float_3_3
Parameters: 0.999996 -0.00196413 -0.00234989 0.00195887 0.999994 -0.00260661 0.00235511 0.00260139 0.999994 -0.15633 -0.382896 -3.48087
FixedParameters: 0 0 0

#Transform 138
Transform: AffineTransform_float_3_3
Parameters: 0.999996 -0.00173563 -0.00214546 0.00173037 0.999995 -0.00262172 0.00214954 0.00261828 0.999995 -0.172042 -0.413736 -3.37044
FixedParameters: 0 0 0

#Transform 139
Transform: AffineTransform_float_3_3
Parameters: 0.999996 -0.00213563 -0.00186758 0.00213037 0.999993 -0.00301199 0.00187442 0.00300801 0.999993 -0.174625 -0.415579 -3.32995
FixedParameters: 0 0 0

#Transform 140
Transform: AffineTransform_float_3_3
Parameters: 0.999995 -0.00186742 -0.00255223 0.00186458 0.999998 -0.000951764 0.00255377 0.000947236 0.999997 -0.160259 -0.444304 -3.34818
FixedParameters: 0 0 0

#Transform 141
Transform: AffineTransform_float_3_3
Parameters: 0.999996 -0.00137528 -0.00255493 0.00137672 0.999999 0.000672486 0.00255407 -0.000675516 0.999997 -0.166253 -0.445757 -3.388
FixedParameters: 0 0 0

#Transform 142
Transform: AffineTransform_float_3_3
Parameters: 0.999995 -0.00131055 -0.00290701 0.00131445 0.999998 0.00152819 0.00290499 -0.00153181 0.999994 -0.147331 -0.443633 -3.4914
FixedParameters: 0 0 0

#Transform 143
Transform: AffineTransform_float_3_3
Parameters: 0.999995 -0.00131379 -0.00261961 0.00131521 0.999999 0.000460557 0.00261939 -0.000464444 0.999997 -0.160862 -0.391852 -3.5547
FixedParameters: 0 0 0

#Transform 144
Transform: AffineTransform_float_3_3
Parameters: 0.999994 -0.0017172 -0.00324784 0.0017148 0.999999 -0.000680575 0.00324916 0.000674426 0.999995 -0.148093 -0.418613 -3.63719
FixedParameters: 0 0 0

#Transform 145
Transform: AffineTransform_float_3_3
Parameters: 0.999994 -0.00111896 -0.00329032 0.00111404 0.999998 -0.00150868 0.00329168 0.00150533 0.999994 -0.144694 -0.384304 -3.60154
FixedParameters: 0 0 0

#Transform 146
Transform: AffineTransform_float_3_3
Parameters: 0.999993 -0.00139875 -0.00329041 0.00139425 0.999999 -0.0011406 0.00329159 0.0011364 0.999994 -0.143672 -0.370605 -3.58329
FixedParameters: 0 0 0

#Transform 147
Transform: AffineTransform_float_3_3
Parameters: 0.999996 -0.000475049 -0.00255611 0.00048095 0.999997 0.00232778 0.00255489 -0.00232922 0.999994 -0.163972 -0.426973 -3.49177
FixedParameters: 0 0 0

#Transform 148
Transform: AffineTransform_float_3_3
Parameters: 0.999997 -0.000752681 -0.00235265 0.000764321 0.999988 0.00481422 0.00234935 -0.00481578 0.999985 -0.158373 -0.438926 -3.50891
FixedParameters: 0 0 0

#Transform 149
Transform: AffineTransform_float_3_3
Parameters: 0.999999 -0.00129547 -0.000815245 0.00130053 0.999983 0.00558194 0.000807752 -0.00558305 0.999984 -0.156199 -0.474133 -3.50437
FixedParameters: 0 0 0

#Transform 150
Transform: AffineTransform_float_3_3
Parameters: 0.999997 -0.00106487 -0.00195697 0.00108213 0.999957 0.00928691 0.00194703 -0.0092891 0.999955 -0.164233 -0.45778 -3.60752
FixedParameters: 0 0 0

#Transform 151
Transform: AffineTransform_float_3_3
Parameters: 0.999994 -0.000885492 -0.00333226 0.000916505 0.999957 0.009165 0.00332374 -0.009168 0.999953 -0.16444 -0.456311 -3.61129
FixedParameters: 0 0 0

#Transform 152
Transform: AffineTransform_float_3_3
Parameters: 0.999995 -0.000880535 -0.00322589 0.000916464 0.999939 0.0110081 0.00321611 -0.0110119 0.999934 -0.159456 -0.462209 -3.66786
FixedParameters: 0 0 0

#Transform 153
Transform: AffineTransform_float_3_3
Parameters: 0.999994 -0.000995416 -0.0035049 0.00103259 0.999942 0.0107385 0.00349411 -0.0107415 0.999936 -0.154912 -0.428126 -3.67524
FixedParameters: 0 0 0

#Transform 154
Transform: AffineTransform_float_3_3
Parameters: 1 -0.00106168 -9.75031e-05 0.00106132 0.999994 0.0032989 9.44993e-05 -0.0032991 0.999995 -0.149327 -0.287106 -3.04612
FixedParameters: 0 0 0

#Transform 155
Transform: AffineTransform_float_3_3
Parameters: 0.999996 -0.00250317 -0.000517875 0.00250683 0.999969 0.00753373 0.000499126 -0.00753528 0.999972 -0.154676 -0.45181 -3.21414
FixedParameters: 0 0 0
