#Insight Transform File V1.0
#Transform 0
Transform: AffineTransform_float_3_3
Parameters: 1 2.11575e-07 -0.000465 2.11575e-07 1 0.000455 0.000465 -0.000455 1 0.0165133 0.0526372 0.246613
FixedParameters: 0 0 0

#Transform 1
Transform: AffineTransform_float_3_3
Parameters: 1 -1.75445e-05 -0.000539015 1.84554e-05 0.999999 0.000844989 0.000538984 -0.000845009 0.999999 0.02035 0.0286869 0.197217
FixedParameters: 0 0 0

#Transform 2
Transform: AffineTransform_float_3_3
Parameters: 1 -1.94606e-05 -0.000706015 1.95401e-05 0.999999 0.000764987 0.000705985 -0.000764014 1 0.0188199 0.0756865 0.192791
FixedParameters: 0 0 0

#Transform 3
Transform: AffineTransform_float_3_3
Parameters: 0.999999 0.000168475 -0.000940915 -0.000167525 1 0.000505158 0.000941085 -0.000504842 1 0.0140285 0.0735238 0.207536
FixedParameters: 0 0 0

#Transform 4
Transform: AffineTransform_float_3_3
Parameters: 0.999999 0.000185609 -0.000945881 -0.000184391 1 0.000644175 0.000945119 -0.000643825 1 0.00471968 0.0447816 0.205054
FixedParameters: 0 0 0

#Transform 5
Transform: AffineTransform_float_3_3
Parameters: 1 -3.00092e-05 -0.000128998 2.99908e-05 1 -7.10039e-05 0.000129002 7.09961e-05 1 0.017108 0.0938039 0.286396
FixedParameters: 0 0 0

#Transform 6
Transform: AffineTransform_float_3_3
Parameters: 1 4.21204e-05 -0.00053299 -4.18795e-05 1 0.000226022 0.000533009 -0.000225978 1 0.00948893 0.0713669 0.291592
FixedParameters: 0 0 0

#Transform 7
Transform: AffineTransform_float_3_3
Parameters: 1 0.000117527 -0.000633903 -0.000117473 0.999999 0.000831075 0.000634098 -0.000830926 1 0.0254228 0.0532258 0.163863
FixedParameters: 0 0 0

#Transform 8
Transform: AffineTransform_float_3_3
Parameters: 0.999999 0.000230989 -0.000797002 -0.00023101 1 -1.28159e-05 0.000796996 1.31841e-05 0.999999 0.0133426 0.0493109 0.111939
FixedParameters: 0 0 0

#Transform 9
Transform: AffineTransform_float_3_3
Parameters: 1 -5.05962e-06 -0.000215999 4.94038e-06 1 -0.000276001 0.000216001 0.000275999 1 0.00532638 0.00203738 0.100613
FixedParameters: 0 0 0

#Transform 10
Transform: AffineTransform_float_3_3
Parameters: 1 0.000288941 -0.000500613 -0.00029006 0.999997 -0.00211785 0.000500387 0.00211714 0.999997 0.00303112 0.0426785 0.0480068
FixedParameters: 0 0 0

#Transform 11
Transform: AffineTransform_float_3_3
Parameters: 1 0.000109087 -0.000385975 -0.000108913 1 0.000226042 0.000386025 -0.000225958 1 0.00196769 0.0694455 0.064641
FixedParameters: 0 0 0

#Transform 12
Transform: AffineTransform_float_3_3
Parameters: 1 1.71613e-05 9.4971e-05 -1.68387e-05 0.999998 -0.001698 -9.50287e-05 0.001698 0.999998 -0.000372714 0.052539 0.025452
FixedParameters: 0 0 0

#Transform 13
Transform: AffineTransform_float_3_3
Parameters: 1 0.000165988 9.50202e-05 -0.000166012 1 0.000121984 -9.49797e-05 -0.000122016 1 4.82592e-05 0.0490511 0.0743943
FixedParameters: 0 0 0

#Transform 14
Transform: AffineTransform_float_3_3
Parameters: 1 -0.000104039 9.49576e-05 0.000103961 1 0.00040801 -9.50424e-05 -0.00040799 1 0.00695311 0.0464625 0.0856846
FixedParameters: 0 0 0

#Transform 15
Transform: AffineTransform_float_3_3
Parameters: 1 0.000153557 -0.000207329 -0.000154443 0.999997 -0.00213997 0.00020667 0.00214003 0.999997 0.00144887 0.0463972 0.0252419
FixedParameters: 0 0 0

#Transform 16
Transform: AffineTransform_float_3_3
Parameters: 1 8.83936e-05 -0.00035715 -8.8606e-05 0.999998 -0.00169797 0.00035685 0.00169803 0.999998 0.00694603 0.0448591 0.0323184
FixedParameters: 0 0 0

#Transform 17
Transform: AffineTransform_float_3_3
Parameters: 1 -5.18634e-05 -0.000483908 5.11365e-05 0.999999 -0.00178403 0.000484092 0.00178398 0.999999 0.00921248 0.0349322 0.0244163
FixedParameters: 0 0 0

#Transform 18
Transform: AffineTransform_float_3_3
Parameters: 1 0.000106643 -0.000210181 -0.000107356 0.999998 -0.00169798 0.000209818 0.00169802 0.999998 0.001273 0.0305686 0.0142606
FixedParameters: 0 0 0

#Transform 19
Transform: AffineTransform_float_3_3
Parameters: 1 7.35006e-05 -0.000294125 -7.34991e-05 0.999998 -0.00169798 0.000293875 0.00169802 0.999998 -0.00515239 0.0265889 -0.00915068
FixedParameters: 0 0 0

#Transform 20
Transform: AffineTransform_float_3_3
Parameters: 1 0.000158442 -0.000357248 -0.000159559 0.999999 -0.00156094 0.000357751 0.00156106 0.999998 -0.00785981 0.0123455 0.01008
FixedParameters: 0 0 0

#Transform 21
Transform: AffineTransform_float_3_3
Parameters: 0.999999 -0.000509887 -0.000867308 0.000507113 0.999995 -0.00332644 0.000868691 0.00332556 0.999994 0.00276157 0.0502992 0.0232561
FixedParameters: 0 0 0

#Transform 22
Transform: AffineTransform_float_3_3
Parameters: 0.999999 -0.000329894 -0.000807452 0.000331105 0.999999 0.00136973 0.000806547 -0.00137027 0.999998 -0.0070674 0.0294251 0.0963281
FixedParameters: 0 0 0

#Transform 23
Transform: AffineTransform_float_3_3
Parameters: 0.999999 -0.000330297 -0.000706329 0.000330703 1 0.000995767 0.000705671 -0.000996234 1 -0.00518063 0.0293238 0.0864054
FixedParameters: 0 0 0

#Transform 24
Transform: AffineTransform_float_3_3
Parameters: 1 -0.000453611 -0.000517341 0.000453389 0.999999 0.000751765 0.000517659 -0.000752234 0.999999 -0.00496597 -0.0142925 0.0851319
FixedParameters: 0 0 0

#Transform 25
Transform: AffineTransform_float_3_3
Parameters: 0.999999 -0.000330221 -0.000706365 0.000330778 1 0.00110277 0.000705635 -0.00110323 0.999999 0.00246213 0.0121877 0.0593708
FixedParameters: 0 0 0

#Transform 26
Transform: AffineTransform_float_3_3
Parameters: 1 -0.000330785 -0.000133533 0.000330215 0.999998 0.00160995 0.000133468 -0.00161004 0.999998 -6.19938e-08 0.0340286 -0.023496
FixedParameters: 0 0 0

#Transform 27
Transform: AffineTransform_float_3_3
Parameters: 0.999999 -0.000426278 0.000880864 0.000426721 1 0.000316376 -0.000880134 -0.000315625 0.999999 -0.00519779 -0.0185266 -0.489366
FixedParameters: 0 0 0

#Transform 28
Transform: AffineTransform_float_3_3
Parameters: 1 -0.000261991 0.00100523 0.00025901 0.999995 0.00297426 -0.00100578 -0.00297374 0.999995 0.0234994 0.0936898 -0.429237
FixedParameters: 0 0 0

#Transform 29
Transform: AffineTransform_float_3_3
Parameters: 0.999999 -0.000562144 0.00111542 0.000558858 0.999996 0.00281663 -0.00111658 -0.00281638 0.999996 0.0124103 0.094349 -0.329452
FixedParameters: 0 0 0

#Transform 30
Transform: AffineTransform_float_3_3
Parameters: 0.999999 -0.000109153 0.000866731 0.000106848 0.999997 0.00248409 -0.000866267 -0.00248391 0.999996 0.0106674 0.0961824 -0.368572
FixedParameters: 0 0 0

#Transform 31
Transform: AffineTransform_float_3_3
Parameters: 1 -0.000337488 0.000477251 0.000334514 0.999987 0.00520316 -0.000478747 -0.00520284 0.999987 -0.00118632 0.0922376 -0.287674
FixedParameters: 0 0 0

#Transform 32
Transform: AffineTransform_float_3_3
Parameters: 1 -0.000563431 0.000864127 0.00055857 0.999986 0.00511948 -0.000866871 -0.00511851 0.999986 0.00348269 0.0720572 -0.263023
FixedParameters: 0 0 0

#Transform 33
Transform: AffineTransform_float_3_3
Parameters: 0.999999 1.87767e-05 0.00153114 -2.82224e-05 0.999982 0.00602396 -0.00153086 -0.00602403 0.99998 0.0217899 0.0798359 -0.229346
FixedParameters: 0 0 0

#Transform 34
Transform: AffineTransform_float_3_3
Parameters: 0.999999 1.88768e-05 0.00153414 -2.81223e-05 0.999983 0.00594697 -0.00153386 -0.00594704 0.999981 0.0218806 0.072146 -0.182007
FixedParameters: 0 0 0

#Transform 35
Transform: AffineTransform_float_3_3
Parameters: 0.999999 1.85663e-05 0.00147315 -2.84327e-05 0.99998 0.00640397 -0.00147285 -0.00640404 0.999979 0.0221003 0.0816299 -0.200086
FixedParameters: 0 0 0

#Transform 36
Transform: AffineTransform_float_3_3
Parameters: 0.999999 -0.00013628 0.00102819 0.000129721 0.999982 0.00610514 -0.00102881 -0.00610486 0.999981 0.00926859 0.0724023 -0.197521
FixedParameters: 0 0 0

#Transform 37
Transform: AffineTransform_float_3_3
Parameters: 1 -6.20707e-05 0.000532651 5.89273e-05 0.999984 0.00576304 -0.000533349 -0.00576297 0.999984 0.0150513 0.0778757 -0.187165
FixedParameters: 0 0 0

#Transform 38
Transform: AffineTransform_float_3_3
Parameters: 1 2.51713e-05 0.00053814 -2.78279e-05 0.999986 0.00525699 -0.000537861 -0.00525702 0.999986 0.00678308 0.0766807 -0.232273
FixedParameters: 0 0 0

#Transform 39
Transform: AffineTransform_float_3_3
Parameters: 1 -0.000141637 0.00012126 0.000140364 0.999987 0.00524002 -0.000121737 -0.00523999 0.999987 -0.00649721 0.0909737 -0.210761
FixedParameters: 0 0 0

#Transform 40
Transform: AffineTransform_float_3_3
Parameters: 1 -0.000218314 6.69849e-05 0.000218686 0.999989 0.00465302 -6.80183e-05 -0.00465299 0.999989 -0.00641201 0.0799332 -0.212309
FixedParameters: 0 0 0

#Transform 41
Transform: AffineTransform_float_3_3
Parameters: 1 2.56419e-05 0.00052712 -2.83575e-05 0.99999 0.00447398 -0.000526878 -0.00447401 0.99999 0.00350643 0.0595087 -0.2014
FixedParameters: 0 0 0

#Transform 42
Transform: AffineTransform_float_3_3
Parameters: 1 -0.000438118 2.60905e-05 0.000437883 0.999991 0.00435901 -2.7909e-05 -0.00435899 0.99999 0.00232501 0.0709987 -0.18723
FixedParameters: 0 0 0

#Transform 43
Transform: AffineTransform_float_3_3
Parameters: 0.999999 -0.000430254 0.000565291 0.000427747 0.999992 0.00398124 -0.000566707 -0.00398076 0.999992 -0.000154694 0.0828283 -0.168158
FixedParameters: 0 0 0

#Transform 44
Transform: AffineTransform_float_3_3
Parameters: 0.999999 -0.000459018 0.000540292 0.000456979 0.999993 0.00372925 -0.000542708 -0.00372975 0.999993 0.00279342 0.0863234 -0.164496
FixedParameters: 0 0 0

#Transform 45
Transform: AffineTransform_float_3_3
Parameters: 0.999998 -0.00218779 -0.000639596 0.00219021 0.999991 0.00346961 0.000632405 -0.00347039 0.999994 0.026985 0.0103278 -0.0431739
FixedParameters: 0 0 0

#Transform 46
Transform: AffineTransform_float_3_3
Parameters: 1 -0.000613362 0.000268173 0.000613636 0.999999 0.00134916 -0.000269828 -0.00134883 0.999999 0.0263146 0.00588059 -0.228542
FixedParameters: 0 0 0

#Transform 47
Transform: AffineTransform_float_3_3
Parameters: 1 -0.000651264 0.000268361 0.000651736 1 0.000982176 -0.00026964 -0.000981825 1 0.0129375 0.000493765 -0.22785
FixedParameters: 0 0 0

#Transform 48
Transform: AffineTransform_float_3_3
Parameters: 0.999999 -0.000978259 0.00047947 0.00097774 1 0.000541469 -0.000479528 -0.000540531 0.999999 0.0080425 -0.0135112 -0.238677
FixedParameters: 0 0 0

#Transform 49
Transform: AffineTransform_float_3_3
Parameters: 1 -0.000749804 0.000724203 0.000750196 0.999999 -0.000270457 -0.000723797 0.000271543 0.999999 0.000626893 -0.00214667 -0.258696
FixedParameters: 0 0 0

#Transform 50
Transform: AffineTransform_float_3_3
Parameters: 0.999999 -0.000606861 0.000368229 0.000607138 0.999999 -0.000376776 -0.000367772 0.000376223 1 0.0297561 -0.00809333 -0.251527
FixedParameters: 0 0 0

#Transform 51
Transform: AffineTransform_float_3_3
Parameters: 1 -0.000697 -1.39714e-05 0.000696999 1 -4.10097e-05 1.40286e-05 4.09902e-05 1 0.0214835 -0.00307527 -0.237318
FixedParameters: 0 0 0

#Transform 52
Transform: AffineTransform_float_3_3
Parameters: 1 -0.000553016 0.000261966 0.000552984 1 6.11449e-05 -0.000262034 -6.08551e-05 1 0.0301346 0.000659402 -0.237533
FixedParameters: 0 0 0

#Transform 53
Transform: AffineTransform_float_3_3
Parameters: 0.999999 -0.000744126 0.000315701 0.000743873 0.999999 0.000401235 -0.000316298 -0.000400765 1 0.0316603 0.00157679 -0.238328
FixedParameters: 0 0 0

#Transform 54
Transform: AffineTransform_float_3_3
Parameters: 1 -0.0009394 0.000314812 0.000939601 0.999999 0.0012653 -0.00031619 -0.0012657 0.999999 0.0278994 -0.00357418 -0.219827
FixedParameters: 0 0 0

#Transform 55
Transform: AffineTransform_float_3_3
Parameters: 0.999999 -0.000294633 0.000655716 0.000294367 0.999999 0.000965193 -0.000655284 -0.000964807 1 0.0126279 -0.0032811 -0.218859
FixedParameters: 0 0 0

#Transform 56
Transform: AffineTransform_float_3_3
Parameters: 1 -0.000313116 0.000477924 0.000312884 1 0.00024215 -0.000478076 -0.00024185 1 0.0131087 -0.0174154 -0.246852
FixedParameters: 0 0 0

#Transform 57
Transform: AffineTransform_float_3_3
Parameters: 1 -0.00031296 0.000493025 0.00031304 1 -8.08457e-05 -0.000492975 8.01543e-05 1 0.0113178 -0.0162073 -0.246357
FixedParameters: 0 0 0

#Transform 58
Transform: AffineTransform_float_3_3
Parameters: 1 0.000134161 0.000317932 -0.000133839 1 -0.000507042 -0.000318068 0.000506957 1 0.00855533 -0.0287282 -0.287021
FixedParameters: 0 0 0

#Transform 59
Transform: AffineTransform_float_3_3
Parameters: 1 -0.000313086 0.000253894 0.000312914 1 0.000340079 -0.000254106 -0.00033992 1 0.0187958 -0.0165281 -0.30932
FixedParameters: 0 0 0

#Transform 60
Transform: AffineTransform_float_3_3
Parameters: 1 -0.000313202 0.000310796 0.000312797 0.999999 0.000651097 -0.000311204 -0.000650902 0.999999 0.00838341 -0.0201825 -0.312342
FixedParameters: 0 0 0

#Transform 61
Transform: AffineTransform_float_3_3
Parameters: 1 -3.90106e-05 3.29875e-05 3.89894e-05 1 0.000320001 -3.30125e-05 -0.000319999 1 0.0136727 -0.0153871 -0.336798
FixedParameters: 0 0 0

#Transform 62
Transform: AffineTransform_float_3_3
Parameters: 1 -6.30756e-05 0.000281983 6.29244e-05 1 0.000268018 -0.000282017 -0.000267982 1 0.0189437 -0.0195571 -0.303107
FixedParameters: 0 0 0

#Transform 63
Transform: AffineTransform_float_3_3
Parameters: 1 -0.000312988 -0.000120032 0.000313012 1 0.000101962 0.000119968 -0.000102038 1 0.00835715 -0.0205133 -0.3542
FixedParameters: 0 0 0

#Transform 64
Transform: AffineTransform_float_3_3
Parameters: 1 -0.000312996 -4.9026e-05 0.000313004 1 8.29847e-05 4.8974e-05 -8.30153e-05 1 0.00803095 -0.0347818 -0.343689
FixedParameters: 0 0 0

#Transform 65
Transform: AffineTransform_float_3_3
Parameters: 1 0.000152987 -1.51273e-05 -0.000153012 0.999999 -0.000831997 1.48727e-05 0.000832002 0.999999 0.00892036 -0.0417579 -0.331392
FixedParameters: 0 0 0

#Transform 66
Transform: AffineTransform_float_3_3
Parameters: 1 -0.000313036 -0.0001129 0.000312964 1 -0.000321035 0.0001131 0.000320965 1 0.0297345 -0.0284396 -0.295685
FixedParameters: 0 0 0

#Transform 67
Transform: AffineTransform_float_3_3
Parameters: 1 -0.000313001 -1.99884e-05 0.000312999 1 -3.70063e-05 2.00116e-05 3.69937e-05 1 0.0243904 -0.0340139 -0.27688
FixedParameters: 0 0 0

#Transform 68
Transform: AffineTransform_float_3_3
Parameters: 1 -0.000312949 0.000208077 0.000313051 1 -0.000244935 -0.000207923 0.000245065 1 0.0131234 -0.0321594 -0.225611
FixedParameters: 0 0 0

#Transform 69
Transform: AffineTransform_float_3_3
Parameters: 1 -0.000555719 0.000412378 0.00055628 0.999999 -0.00067977 -0.000411622 0.000680228 0.999999 0.0377238 -0.066233 -0.24459
FixedParameters: 0 0 0

#Transform 70
Transform: AffineTransform_float_3_3
Parameters: 1 0.000100959 0.00020302 -0.000101041 1 0.000199979 -0.00020298 -0.00020002 1 0.0197311 -0.0408299 -0.292891
FixedParameters: 0 0 0

#Transform 71
Transform: AffineTransform_float_3_3
Parameters: 1 -4.8985e-05 0.000197004 4.9015e-05 1 -7.59903e-05 -0.000196996 7.60096e-05 1 0.0149133 -0.0498669 -0.302363
FixedParameters: 0 0 0

#Transform 72
Transform: AffineTransform_float_3_3
Parameters: 1 -0.00012799 0.00012201 0.00012801 1 -8.19844e-05 -0.000121989 8.20156e-05 1 -4.40359e-05 -0.0642886 -0.302176
FixedParameters: 0 0 0

#Transform 73
Transform: AffineTransform_float_3_3
Parameters: 1 -0.00019806 -0.000467975 0.00019794 1 -0.000128093 0.000468025 0.000127907 1 0.00790767 -0.035645 -0.344584
FixedParameters: 0 0 0

#Transform 74
Transform: AffineTransform_float_3_3
Parameters: 1 0.000578655 -0.000231863 -0.000578345 0.999998 -0.00149087 0.000231138 0.00149113 0.999999 0.000890903 -0.0784416 -0.3593
FixedParameters: 0 0 0

#Transform 75
Transform: AffineTransform_float_3_3
Parameters: 1 9.79557e-05 -0.000301014 -9.80445e-05 1 -0.00014797 0.000300986 0.000147029 1 0.000164729 -0.0398144 -0.327181
FixedParameters: 0 0 0

#Transform 76
Transform: AffineTransform_float_3_3
Parameters: 1 0.00021696 -0.000250034 -0.000217039 1 -0.000157946 0.000249966 0.000158054 1 0.000122809 -0.0564098 -0.356303
FixedParameters: 0 0 0

#Transform 77
Transform: AffineTransform_float_3_3
Parameters: 1 6.90124e-05 -0.000325997 -6.89876e-05 1 3.80225e-05 0.000326003 -3.79775e-05 1 0.000115198 -0.0682152 -0.349172
FixedParameters: 0 0 0

#Transform 78
Transform: AffineTransform_float_3_3
Parameters: 0.999999 -0.000244215 -0.000669921 0.000243785 1 -0.000321163 0.000670078 0.000320836 0.999999 0.00761636 -0.055887 -0.314056
FixedParameters: 0 0 0

#Transform 79
Transform: AffineTransform_float_3_3
Parameters: 1 0.000216892 -0.00029208 -0.000216108 1 -0.000370937 0.00029192 0.000371063 1 0.000338271 -0.095044 -0.270278
FixedParameters: 0 0 0

#Transform 80
Transform: AffineTransform_float_3_3
Parameters: 0.999999 -0.000762991 1.1618e-05 0.000763009 1 -0.000809991 -1.0382e-05 0.000810008 0.999999 0.00922908 -0.095918 -0.235075
FixedParameters: 0 0 0

#Transform 81
Transform: AffineTransform_float_3_3
Parameters: 0.999999 -0.000851799 0.000518052 0.0008502 0.999993 0.00346444 -0.000520949 -0.00346456 0.999994 0.00493926 -0.100795 -0.0128031
FixedParameters: 0 0 0

#Transform 82
Transform: AffineTransform_float_3_3
Parameters: 0.999997 -0.00245186 -3.50218e-05 0.00245214 0.999985 0.00490293 2.29773e-05 -0.00490307 0.999988 0.0292006 -0.139178 0.0474649
FixedParameters: 0 0 0

#Transform 83
Transform: AffineTransform_float_3_3
Parameters: 0.999999 -0.00134465 0.000564738 0.00134136 0.999988 0.00466176 -0.000570259 -0.00466124 0.999989 0.0167701 -0.132179 0.00484368
FixedParameters: 0 0 0

#Transform 84
Transform: AffineTransform_float_3_3
Parameters: 0.999999 -0.000930012 0.00114896 0.000924988 0.99999 0.00435507 -0.00115304 -0.00435393 0.99999 0.00868125 -0.0962985 -0.0136928
FixedParameters: 0 0 0

#Transform 85
Transform: AffineTransform_float_3_3
Parameters: 0.999998 -0.00145499 0.00086634 0.00145102 0.999989 0.00458427 -0.000872659 -0.00458274 0.999989 0.0155044 -0.0868748 0.110449
FixedParameters: 0 0 0

#Transform 86
Transform: AffineTransform_float_3_3
Parameters: 1 -0.001024 0.000493825 0.001021 0.999981 0.00603951 -0.000500175 -0.00603849 0.999981 0.00612309 -0.103127 0.103269
FixedParameters: 0 0 0

#Transform 87
Transform: AffineTransform_float_3_3
Parameters: 1 -0.000981125 0.00049384 0.000977874 0.99998 0.00628849 -0.000500159 -0.00628751 0.99998 0.0112958 -0.104761 0.0252347
FixedParameters: 0 0 0

#Transform 88
Transform: AffineTransform_float_3_3
Parameters: 1 -0.00101106 0.000493776 0.00100794 0.999981 0.0061655 -0.000500223 -0.0061645 0.999981 0.0199723 -0.0700221 0.03252
FixedParameters: 0 0 0

#Transform 89
Transform: AffineTransform_float_3_3
Parameters: 0.999999 -0.000662108 0.000495877 0.000658891 0.999981 0.00624133 -0.000500122 -0.00624068 0.999981 0.0174634 -0.0810524 0.0805974
FixedParameters: 0 0 0

#Transform 90
Transform: AffineTransform_float_3_3
Parameters: 0.999999 -0.000849215 0.000494519 0.000846781 0.999978 0.00646642 -0.000500485 -0.00646558 0.999979 0.00548286 -0.0992237 0.0199174
FixedParameters: 0 0 0

#Transform 91
Transform: AffineTransform_float_3_3
Parameters: 1 -0.00102492 0.000553804 0.00102108 0.999974 0.00703457 -0.000561197 -0.00703443 0.999975 0.0083868 -0.09363 0.103465
FixedParameters: 0 0 0

#Transform 92
Transform: AffineTransform_float_3_3
Parameters: 1 -0.00066323 0.000884626 0.000655767 0.999967 0.00814859 -0.000890373 -0.00814742 0.999967 0.0064496 -0.117797 0.0149346
FixedParameters: 0 0 0

#Transform 93
Transform: AffineTransform_float_3_3
Parameters: 0.999998 -0.00177646 0.000626743 0.00177155 0.999962 0.00860213 -0.000641262 -0.00860088 0.999963 0.0191546 -0.122686 -0.0333956
FixedParameters: 0 0 0

#Transform 94
Transform: AffineTransform_float_3_3
Parameters: 0.999999 -0.000645013 0.00106519 0.000636989 0.999971 0.00750568 -0.00106981 -0.00750531 0.999972 -0.00996353 -0.140193 -0.0478296
FixedParameters: 0 0 0

#Transform 95
Transform: AffineTransform_float_3_3
Parameters: 0.999999 -0.00130846 0.000492298 0.00130454 0.999959 0.00895865 -0.000503707 -0.00895835 0.999959 -0.00266355 -0.122124 -0.0583866
FixedParameters: 0 0 0

#Transform 96
Transform: AffineTransform_float_3_3
Parameters: 0.999998 -0.00190823 1.83857e-05 0.00190776 0.999961 0.00870705 -3.56122e-05 -0.00870695 0.999962 -0.0053459 -0.121257 -0.0859587
FixedParameters: 0 0 0

#Transform 97
Transform: AffineTransform_float_3_3
Parameters: 0.999997 -0.00251409 -0.000345832 0.00251691 0.999959 0.00867816 0.000324169 -0.00867885 0.999963 0.011246 -0.0856787 0.00521545
FixedParameters: 0 0 0

#Transform 98
Transform: AffineTransform_float_3_3
Parameters: 0.999997 -0.00227272 0.000184991 0.00227128 0.999958 0.00880744 -0.000205013 -0.00880756 0.999961 0.0192248 -0.0859293 0.0262423
FixedParameters: 0 0 0

#Transform 99
Transform: AffineTransform_float_3_3
Parameters: 0.999997 -0.00237355 0.000168406 0.00237245 0.999959 0.00867942 -0.000188597 -0.00867858 0.999963 0.0251069 -0.108259 -0.0228019
FixedParameters: 0 0 0

#Transform 100
Transform: AffineTransform_float_3_3
Parameters: 0.999995 -0.00288332 0.00045649 0.00287867 0.999954 0.00920135 -0.000483508 -0.00920065 0.999957 0.0239789 -0.110216 0.0393796
FixedParameters: 0 0 0

#Transform 101
Transform: AffineTransform_float_3_3
Parameters: 0.999996 -0.00301834 0.000524121 0.00301266 0.999947 0.00990863 -0.000553877 -0.00990738 0.999951 0.0150311 -0.132674 0.105457
FixedParameters: 0 0 0

#Transform 102
Transform: AffineTransform_float_3_3
Parameters: 0.999997 -0.00248609 -3.15951e-06 0.0024859 0.999945 0.01012 -2.21585e-05 -0.01012 0.999949 0.0119183 -0.123148 0.0773878
FixedParameters: 0 0 0

#Transform 103
Transform: AffineTransform_float_3_3
Parameters: 0.999996 -0.00288613 -1.50514e-06 0.00288686 0.999943 0.010223 -2.85138e-05 -0.010223 0.999947 0.0122829 -0.130761 0.0428939
FixedParameters: 0 0 0

#Transform 104
Transform: AffineTransform_float_3_3
Parameters: 0.999996 -0.00283805 0.000199791 0.00283595 0.99995 0.00959061 -0.000227209 -0.00959039 0.999954 0.00673473 -0.111774 0.0207142
FixedParameters: 0 0 0

#Transform 105
Transform: AffineTransform_float_3_3
Parameters: 0.999997 -0.00271078 0.000164927 0.00270822 0.999947 0.00999049 -0.000192064 -0.00998952 0.99995 0.00067784 -0.133417 0.00090244
FixedParameters: 0 0 0

#Transform 106
Transform: AffineTransform_float_3_3
Parameters: 0.999997 -0.00267327 0.000218879 0.00267073 0.999948 0.00977562 -0.00024512 -0.00977538 0.999952 -0.00309579 -0.144684 0.0117762
FixedParameters: 0 0 0

#Transform 107
Transform: AffineTransform_float_3_3
Parameters: 0.999997 -0.00232968 0.00039696 0.00232632 0.999957 0.00903895 -0.000418044 -0.00903806 0.999959 -0.00390323 -0.149456 0.0423739
FixedParameters: 0 0 0

#Transform 108
Transform: AffineTransform_float_3_3
Parameters: 0.999998 -0.00194378 0.000482132 0.00193922 0.999951 0.00971895 -0.00050087 -0.00971804 0.999952 -0.00068402 -0.155729 0.0393003
FixedParameters: 0 0 0

#Transform 109
Transform: AffineTransform_float_3_3
Parameters: 0.999996 -0.00251153 0.000473602 0.00250747 0.999954 0.00932523 -0.000497402 -0.00932379 0.999957 -0.00579501 -0.168238 0.0271069
FixedParameters: 0 0 0

#Transform 110
Transform: AffineTransform_float_3_3
Parameters: 0.999997 -0.00244247 0.000459884 0.00243754 0.999952 0.00947315 -0.000482111 -0.00947185 0.999955 -0.00211401 -0.172915 -0.385926
FixedParameters: 0 0 0

#Transform 111
Transform: AffineTransform_float_3_3
Parameters: 0.999995 -0.0019791 0.0025035 0.00194891 0.999927 0.0119669 -0.0025265 -0.0119621 0.999926 -0.0172512 -0.184724 -0.302828
FixedParameters: 0 0 0

#Transform 112
Transform: AffineTransform_float_3_3
Parameters: 0.999996 -0.00246936 0.00118869 0.00245764 0.999952 0.00946295 -0.00121231 -0.00946004 0.999954 0.00849514 -0.183768 -0.0550815
FixedParameters: 0 0 0

#Transform 113
Transform: AffineTransform_float_3_3
Parameters: 0.999998 -0.00214774 0.000851731 0.00214026 0.999958 0.00898885 -0.000871272 -0.00898716 0.999959 0.00846878 -0.170918 -0.0665855
FixedParameters: 0 0 0

#Transform 114
Transform: AffineTransform_float_3_3
Parameters: 0.999996 -0.00183696 0.0023641 0.00181404 0.999955 0.00925633 -0.00238089 -0.00925167 0.999955 0.00182353 -0.180419 -0.0547879
FixedParameters: 0 0 0

#Transform 115
Transform: AffineTransform_float_3_3
Parameters: 0.999995 -0.00215982 0.00234105 0.00213818 0.999954 0.00928505 -0.00236095 -0.00927995 0.999954 0.00957693 -0.17685 -0.196192
FixedParameters: 0 0 0

#Transform 116
Transform: AffineTransform_float_3_3
Parameters: 0.999996 -0.00183142 0.0021034 0.00181058 0.999951 0.00966784 -0.0021216 -0.00966415 0.999951 0.0143439 -0.167144 -0.189175
FixedParameters: 0 0 0

#Transform 117
Transform: AffineTransform_float_3_3
Parameters: 0.999995 -0.00156084 0.00251072 0.00153615 0.99995 0.0098669 -0.00252628 -0.0098631 0.999948 0.0168597 -0.141571 -0.0959357
FixedParameters: 0 0 0

#Transform 118
Transform: AffineTransform_float_3_3
Parameters: 0.999994 -0.00139338 0.00293778 0.00136261 0.999946 0.0103191 -0.00295222 -0.0103149 0.999943 0.00434517 -0.165983 0.00416762
FixedParameters: 0 0 0

#Transform 119
Transform: AffineTransform_float_3_3
Parameters: 0.999994 -0.0011842 0.00302559 0.0011528 0.999943 0.0106245 -0.00303742 -0.0106205 0.999939 0.0228342 -0.200998 -0.106332
FixedParameters: 0 0 0

#Transform 120
Transform: AffineTransform_float_3_3
Parameters: 0.999996 -0.00119519 0.00261027 0.00116781 0.999942 0.0107741 -0.00262273 -0.0107709 0.999938 0.0174334 -0.124228 -0.148595
FixedParameters: 0 0 0

#Transform 121
Transform: AffineTransform_float_3_3
Parameters: 0.999996 -0.000801319 0.00289939 0.000776684 0.999964 0.00837928 -0.00290561 -0.0083767 0.99996 0.00910354 -0.181505 -0.196727
FixedParameters: 0 0 0

#Transform 122
Transform: AffineTransform_float_3_3
Parameters: 0.999996 -0.00151713 0.00244017 0.00149288 0.999951 0.00985869 -0.00245484 -0.00985532 0.999949 0.00310115 -0.143233 -0.132685
FixedParameters: 0 0 0

#Transform 123
Transform: AffineTransform_float_3_3
Parameters: 0.999997 -0.00127669 0.0020738 0.0012553 0.999945 0.0104286 -0.0020872 -0.0104264 0.999944 0.000295559 -0.133463 -0.0957323
FixedParameters: 0 0 0

#Transform 124
Transform: AffineTransform_float_3_3
Parameters: 0.999998 -0.000789141 0.00219517 0.000767859 0.999949 0.0100697 -0.00220284 -0.0100673 0.999947 -0.000349432 -0.162722 -0.0873773
FixedParameters: 0 0 0

#Transform 125
Transform: AffineTransform_float_3_3
Parameters: 0.999997 -0.000703326 0.00232465 0.000681669 0.999958 0.00916261 -0.00233134 -0.00916039 0.999956 0.0104964 -0.186249 -0.139762
FixedParameters: 0 0 0

#Transform 126
Transform: AffineTransform_float_3_3
Parameters: 0.999997 -0.000597288 0.00231135 0.000578706 0.999968 0.00790536 -0.00231665 -0.00790364 0.999966 0.00488644 -0.194755 -0.180695
FixedParameters: 0 0 0

#Transform 127
Transform: AffineTransform_float_3_3
Parameters: 0.999998 -0.000948957 0.0020886 0.000928038 0.99995 0.010013 -0.0020984 -0.01001 0.999947 0.0141816 -0.145279 -0.154131
FixedParameters: 0 0 0

#Transform 128
Transform: AffineTransform_float_3_3
Parameters: 0.999998 -0.000876093 0.00214049 0.000854911 0.999952 0.00983586 -0.00214851 -0.00983315 0.99995 0.0181147 -0.169772 -0.163049
FixedParameters: 0 0 0

#Transform 129
Transform: AffineTransform_float_3_3
Parameters: 0.999996 -0.00122122 0.00261319 0.00119977 0.999967 0.00810617 -0.00262381 -0.00810283 0.999963 0.0134373 -0.202568 -0.191073
FixedParameters: 0 0 0

#Transform 130
Transform: AffineTransform_float_3_3
Parameters: 0.999996 -0.00199125 0.00161943 0.00197575 0.999954 0.00936423 -0.00163857 -0.00936177 0.999955 0.0207454 -0.18802 -0.0292405
FixedParameters: 0 0 0

#Transform 131
Transform: AffineTransform_float_3_3
Parameters: 0.999996 -0.000905732 0.0024657 0.000880275 0.999946 0.0104172 -0.0024743 -0.0104148 0.999942 0.00595604 -0.202514 -0.0136054
FixedParameters: 0 0 0

#Transform 132
Transform: AffineTransform_float_3_3
Parameters: 0.999997 -0.000543169 0.00235756 0.000519827 0.999948 0.0102403 -0.00236345 -0.0102387 0.999945 -0.00434412 -0.21015 -0.00796857
FixedParameters: 0 0 0

#Transform 133
Transform: AffineTransform_float_3_3
Parameters: 0.999997 -0.000739187 0.00208461 0.000717818 0.999949 0.0101465 -0.00209139 -0.0101445 0.999947 -0.00158762 -0.230122 -0.0305183
FixedParameters: 0 0 0

#Transform 134
Transform: AffineTransform_float_3_3
Parameters: 0.999997 -0.000639475 0.00203298 0.000619526 0.999954 0.00956528 -0.00203902 -0.00956472 0.999952 -0.00940778 -0.220034 -0.0026164
FixedParameters: 0 0 0

#Transform 135
Transform: AffineTransform_float_3_3
Parameters: 0.999998 -0.000515145 0.00190192 0.000495854 0.99995 0.010053 -0.00190708 -0.010052 0.999947 -0.0126748 -0.206849 -0.00115689
FixedParameters: 0 0 0

#Transform 136
Transform: AffineTransform_float_3_3
Parameters: 0.999998 -0.00087207 0.00210179 0.000851929 0.999954 0.00953082 -0.00211022 -0.00952919 0.999953 -0.0129145 -0.227783 -0.0563406
FixedParameters: 0 0 0

#Transform 137
Transform: AffineTransform_float_3_3
Parameters: 0.999996 -0.00139754 0.00214045 0.00137445 0.999944 0.010498 -0.00215554 -0.010495 0.999942 0.0027153 -0.222772 -0.0166455
FixedParameters: 0 0 0

#Transform 138
Transform: AffineTransform_float_3_3
Parameters: 0.999997 -0.00114833 0.00226131 0.00112468 0.999947 0.0102896 -0.00227269 -0.0102874 0.999945 0.00495194 -0.23902 -0.0477664
FixedParameters: 0 0 0

#Transform 139
Transform: AffineTransform_float_3_3
Parameters: 0.999996 -0.00118443 0.0022855 0.00116056 0.999942 0.0106617 -0.0022985 -0.0106593 0.99994 -0.00308932 -0.219389 -0.0257981
FixedParameters: 0 0 0

#Transform 140
Transform: AffineTransform_float_3_3
Parameters: 0.999996 -0.00145985 0.00251058 0.00143316 0.999942 0.0106616 -0.00252542 -0.0106584 0.99994 0.00721872 -0.2104 -0.0199306
FixedParameters: 0 0 0

#Transform 141
Transform: AffineTransform_float_3_3
Parameters: 0.999995 -0.00181479 0.00252295 0.00178821 0.999943 0.0105796 -0.00254206 -0.0105754 0.999941 0.020892 -0.271172 -0.18105
FixedParameters: 0 0 0

#Transform 142
Transform: AffineTransform_float_3_3
Parameters: 0.999996 -0.00161528 0.00240084 0.00159072 0.999948 0.0100829 -0.00241616 -0.0100791 0.999947 0.0243607 -0.23961 -0.09246
FixedParameters: 0 0 0

#Transform 143
Transform: AffineTransform_float_3_3
Parameters: 0.999996 -0.00166434 0.0022469 0.00164066 0.999945 0.0103507 -0.0022641 -0.0103473 0.999944 0.0369611 -0.24881 -0.0814633
FixedParameters: 0 0 0

#Transform 144
Transform: AffineTransform_float_3_3
Parameters: 0.999993 -0.00185022 0.00302472 0.00181977 0.999948 0.00996556 -0.00304328 -0.00995943 0.999946 0.0341645 -0.232951 -0.133123
FixedParameters: 0 0 0

#Transform 145
Transform: AffineTransform_float_3_3
Parameters: 0.999994 -0.00154098 0.00291434 0.00151103 0.999946 0.0102605 -0.00292965 -0.0102565 0.999943 0.0311511 -0.251275 -0.0922934
FixedParameters: 0 0 0

#Transform 146
Transform: AffineTransform_float_3_3
Parameters: 0.999995 -0.00164705 0.00295948 0.00161695 0.999948 0.0101259 -0.00297652 -0.0101212 0.999945 0.0237611 -0.26517 -0.116204
FixedParameters: 0 0 0

#Transform 147
Transform: AffineTransform_float_3_3
Parameters: 0.999994 -0.0018829 0.00288196 0.0018551 0.999951 0.0096534 -0.00290004 -0.0096476 0.99995 0.0230787 -0.262226 -0.0676556
FixedParameters: 0 0 0

#Transform 148
Transform: AffineTransform_float_3_3
Parameters: 0.999995 -0.00123034 0.00312107 0.00119767 0.999943 0.0106598 -0.00313395 -0.0106562 0.999939 0.0181964 -0.250864 0.0713286
FixedParameters: 0 0 0

#Transform 149
Transform: AffineTransform_float_3_3
Parameters: 0.999994 -0.00153325 0.00332397 0.00149775 0.999943 0.0105811 -0.00334003 -0.010576 0.999939 0.0305382 -0.268351 -0.0028802
FixedParameters: 0 0 0

#Transform 150
Transform: AffineTransform_float_3_3
Parameters: 0.999994 -0.00130761 0.00334932 0.0012724 0.999943 0.0106113 -0.00336269 -0.0106067 0.999938 0.0232749 -0.266111 -0.0386255
FixedParameters: 0 0 0

#Transform 151
Transform: AffineTransform_float_3_3
Parameters: 0.999993 -0.00124535 0.00355784 0.00121266 0.999958 0.00907837 -0.00356915 -0.00907462 0.999952 0.0289869 -0.282306 -0.0485525
FixedParameters: 0 0 0

#Transform 152
Transform: AffineTransform_float_3_3
Parameters: 0.999994 -0.00133756 0.00339689 0.00130944 0.999964 0.0083965 -0.00340811 -0.0083925 0.999959 0.0256206 -0.307379 -0.09819
FixedParameters: 0 0 0

#Transform 153
Transform: AffineTransform_float_3_3
Parameters: 0.999995 -0.0012221 0.00296738 0.0011909 0.999944 0.0104586 -0.00298062 -0.0104554 0.999941 0.0244507 -0.269209 -0.0331538
FixedParameters: 0 0 0

#Transform 154
Transform: AffineTransform_float_3_3
Parameters: 0.999995 -0.00127739 0.00293009 0.00124561 0.999939 0.0110307 -0.00294392 -0.0110273 0.999935 0.0262835 -0.282329 -0.0606062
FixedParameters: 0 0 0

#Transform 155
Transform: AffineTransform_float_3_3
Parameters: 0.999996 -0.00146389 0.00266139 0.00143712 0.999948 0.0100769 -0.00267562 -0.0100731 0.999945 0.0241353 -0.285862 0.0481182
FixedParameters: 0 0 0
