#Insight Transform File V1.0
#Transform 0
Transform: AffineTransform_float_3_3
Parameters: 0.999998 0.00189235 -0.000345092 -0.00189165 0.999997 0.00100865 0.000346907 -0.00100735 1 -0.105755 0.012885 0.0549604
FixedParameters: 0 0 0

#Transform 1
Transform: AffineTransform_float_3_3
Parameters: 0.999999 0.00149805 -0.000192643 -0.00149795 0.999999 0.000238289 0.000192356 -0.000237712 1 -0.0979983 0.00238584 -0.00368683
FixedParameters: 0 0 0

#Transform 2
Transform: AffineTransform_float_3_3
Parameters: 0.999999 0.001842 1.75727e-06 -0.001842 0.999998 0.000953998 -2.42728e-07 -0.000954001 0.999999 -0.10015 0.00466765 0.0627694
FixedParameters: 0 0 0

#Transform 3
Transform: AffineTransform_float_3_3
Parameters: 0.999999 0.00141925 -0.000320908 -0.00141875 0.999998 0.000769456 0.000322092 -0.000769543 0.999999 -0.0919163 -0.0132082 0.00405765
FixedParameters: 0 0 0

#Transform 4
Transform: AffineTransform_float_3_3
Parameters: 0.999999 0.00128314 -0.000328469 -0.00128286 0.999999 0.000414422 0.000328531 -0.000413579 1 -0.0619656 0.0271959 -0.00976323
FixedParameters: 0 0 0

#Transform 5
Transform: AffineTransform_float_3_3
Parameters: 0.999999 0.00136087 -0.000184988 -0.00136113 0.999999 -0.000725749 0.000184012 0.000726251 0.999999 -0.0594676 0.0330448 -0.00550484
FixedParameters: 0 0 0

#Transform 6
Transform: AffineTransform_float_3_3
Parameters: 0.999999 0.00139375 -0.000338037 -0.00139425 0.999999 -0.000743529 0.000336962 0.00074447 0.999999 -0.06687 0.00396158 -0.0729084
FixedParameters: 0 0 0

#Transform 7
Transform: AffineTransform_float_3_3
Parameters: 0.999999 0.00141316 0.000389416 -0.00141284 0.999999 -0.000413551 -0.000390584 0.000413448 1 -0.0592749 0.0264327 -0.0157952
FixedParameters: 0 0 0

#Transform 8
Transform: AffineTransform_float_3_3
Parameters: 0.999999 0.00154367 0.000858593 -0.00154433 0.999998 0.000383674 -0.000858408 -0.000384325 0.999999 -0.0810612 0.0300305 0.0235253
FixedParameters: 0 0 0

#Transform 9
Transform: AffineTransform_float_3_3
Parameters: 1 0.00106499 -0.000234033 -0.00106501 1 -3.07508e-05 0.000233968 3.02492e-05 1 -0.0615193 0.0104525 -0.0339562
FixedParameters: 0 0 0

#Transform 10
Transform: AffineTransform_float_3_3
Parameters: 1 0.000614807 -0.000279424 -0.000615193 0.999999 -0.000689828 0.000279575 0.000690172 0.999999 -0.0333802 0.0220609 -0.00187138
FixedParameters: 0 0 0

#Transform 11
Transform: AffineTransform_float_3_3
Parameters: 1 0.000854707 -0.000514487 -0.000854293 0.999999 -0.00056956 0.000513513 0.000570439 0.999999 -0.0464499 0.0318058 -0.00579735
FixedParameters: 0 0 0

#Transform 12
Transform: AffineTransform_float_3_3
Parameters: 0.999999 0.00119586 -0.000429382 -0.00119614 0.999999 -0.000319487 0.000428617 0.000320513 1 -0.0622428 0.0167162 0.0135677
FixedParameters: 0 0 0

#Transform 13
Transform: AffineTransform_float_3_3
Parameters: 1 0.000882715 -0.000429588 -0.000883286 1 -0.000665621 0.000428412 0.000666379 0.999999 -0.0722278 -0.00408574 -0.0316751
FixedParameters: 0 0 0

#Transform 14
Transform: AffineTransform_float_3_3
Parameters: 0.999999 0.000979957 -0.000150281 -0.000980043 1 -0.000286853 0.000150719 0.000287148 1 -0.0598566 0.00606838 -0.0130646
FixedParameters: 0 0 0

#Transform 15
Transform: AffineTransform_float_3_3
Parameters: 1 0.00103728 0.000361191 -0.00103672 0.999999 -0.000780375 -0.000361809 0.000779625 0.999999 -0.0666553 -0.00787831 -0.0233753
FixedParameters: 0 0 0

#Transform 16
Transform: AffineTransform_float_3_3
Parameters: 0.999999 0.000920733 -0.000382644 -0.000921268 1 -0.000699648 0.000382356 0.000699352 0.999999 -0.0627167 -0.0143121 -0.053797
FixedParameters: 0 0 0

#Transform 17
Transform: AffineTransform_float_3_3
Parameters: 1 0.000974063 -0.000381841 -0.000973938 0.999999 0.000163372 0.00038216 -0.000163628 1 -0.0609584 0.0019835 -0.0123814
FixedParameters: 0 0 0

#Transform 18
Transform: AffineTransform_float_3_3
Parameters: 0.999999 0.000660155 -0.000381731 -0.000659844 0.999999 0.000407252 0.000382268 -0.000406748 1 -0.0481674 -0.0141124 -0.0329809
FixedParameters: 0 0 0

#Transform 19
Transform: AffineTransform_float_3_3
Parameters: 0.999999 0.000428006 -0.000758996 -0.000427994 1 8.32485e-06 0.000759003 -7.67514e-06 0.999999 -0.040098 -0.00281665 -0.0384915
FixedParameters: 0 0 0

#Transform 20
Transform: AffineTransform_float_3_3
Parameters: 1 0.000287081 -0.000207888 -0.000286919 1 0.00039106 0.000208112 -0.00039094 1 -0.0157847 0.0024409 0.00855814
FixedParameters: 0 0 0

#Transform 21
Transform: AffineTransform_float_3_3
Parameters: 0.999999 0.00095984 0.000176869 -0.00096016 0.999999 0.00090583 -0.00017613 -0.000906169 0.999999 -0.0470305 -0.00519847 0.0106122
FixedParameters: 0 0 0

#Transform 22
Transform: AffineTransform_float_3_3
Parameters: 0.999999 0.000789359 0.000982517 -0.000789642 1 0.000653225 -0.000981485 -0.000653776 1 -0.0487852 -0.0204868 -0.00117184
FixedParameters: 0 0 0

#Transform 23
Transform: AffineTransform_float_3_3
Parameters: 1 0.000936781 0.000592347 -0.000937219 0.999999 0.000370445 -0.000591653 -0.000370554 1 -0.0450668 -0.0168723 0.07465
FixedParameters: 0 0 0

#Transform 24
Transform: AffineTransform_float_3_3
Parameters: 0.999999 0.00117595 0.000524109 -0.00117605 1 9.23837e-05 -0.000523891 -9.26162e-05 1 -0.0608025 -0.0453538 0.030456
FixedParameters: 0 0 0

#Transform 25
Transform: AffineTransform_float_3_3
Parameters: 1 0.00095006 0.000523892 -0.00094994 0.999999 -0.000114498 -0.000523108 0.000113503 1 -0.0552291 -0.00809602 0.0292087
FixedParameters: 0 0 0

#Transform 26
Transform: AffineTransform_float_3_3
Parameters: 1 0.00105394 0.000150422 -0.00105406 1 0.000399842 -0.000150578 -0.000400159 1 -0.0620535 -0.0326465 0.02528
FixedParameters: 0 0 0

#Transform 27
Transform: AffineTransform_float_3_3
Parameters: 1 0.00101085 0.000524285 -0.00101115 1 0.00028147 -0.000523716 -0.00028153 1 -0.0569473 -0.0408232 0.0171552
FixedParameters: 0 0 0

#Transform 28
Transform: AffineTransform_float_3_3
Parameters: 1 0.000993054 0.000523899 -0.000992946 0.999999 -0.00010252 -0.000523102 0.000102481 1 -0.0534091 -0.0156612 -0.0579448
FixedParameters: 0 0 0

#Transform 29
Transform: AffineTransform_float_3_3
Parameters: 0.999999 0.000850843 0.000524253 -0.000851155 0.999999 0.000297554 -0.000523747 -0.000297446 1 -0.0594921 -0.0138741 0.0484794
FixedParameters: 0 0 0

#Transform 30
Transform: AffineTransform_float_3_3
Parameters: 1 0.00102587 0.00036537 -0.00102613 1 0.000360625 -0.000365629 -0.000361375 1 -0.0611161 -0.0189434 0.0263687
FixedParameters: 0 0 0

#Transform 31
Transform: AffineTransform_float_3_3
Parameters: 1 0.00105305 0.000301841 -0.00105296 1 -0.000151318 -0.00030216 0.000151682 1 -0.0706041 -0.0201875 -0.0230691
FixedParameters: 0 0 0

#Transform 32
Transform: AffineTransform_float_3_3
Parameters: 0.999999 0.000966636 0.000804438 -0.000967366 1 0.000453222 -0.000804561 -0.000453778 0.999999 -0.0648456 -0.00903444 0.0272454
FixedParameters: 0 0 0

#Transform 33
Transform: AffineTransform_float_3_3
Parameters: 1 0.00097998 0.000618032 -0.00098002 0.999999 3.23943e-05 -0.000617968 -3.26056e-05 1 -0.0583066 -0.00957424 -0.00520831
FixedParameters: 0 0 0

#Transform 34
Transform: AffineTransform_float_3_3
Parameters: 1 0.00104105 0.00011656 -0.00104095 1 -0.000423122 -0.00011744 0.000422878 1 -0.059583 -0.0199882 -0.00627829
FixedParameters: 0 0 0

#Transform 35
Transform: AffineTransform_float_3_3
Parameters: 0.999999 0.000911794 -0.000380492 -0.000912205 0.999999 -0.000539653 0.000380508 0.000539347 1 -0.0596375 -0.0218484 -0.028572
FixedParameters: 0 0 0

#Transform 36
Transform: AffineTransform_float_3_3
Parameters: 0.999999 0.00084598 -0.000302056 -0.000846019 0.999999 -6.57445e-05 0.000301945 6.52554e-05 1 -0.0614336 -0.00494298 0.0605445
FixedParameters: 0 0 0

#Transform 37
Transform: AffineTransform_float_3_3
Parameters: 1 0.00107696 -0.000188244 -0.00107704 1 -0.000226797 0.000187757 0.000226202 1 -0.0647431 -0.0456099 -0.0517686
FixedParameters: 0 0 0

#Transform 38
Transform: AffineTransform_float_3_3
Parameters: 1 0.00109909 0.000373738 -0.00109891 1 -0.000238411 -0.000373263 0.00023859 1 -0.0653782 -0.0148767 -0.0245858
FixedParameters: 0 0 0

#Transform 39
Transform: AffineTransform_float_3_3
Parameters: 0.999999 0.00128574 0.000336988 -0.00128526 0.999999 0.000768567 -0.000336011 -0.000769432 0.999999 -0.0661216 -0.0284928 0.0348973
FixedParameters: 0 0 0

#Transform 40
Transform: AffineTransform_float_3_3
Parameters: 1 0.00115999 0.00020807 -0.00116001 1 5.97587e-05 -0.00020793 -6.02413e-05 1 -0.0607982 -0.0313332 -0.0637568
FixedParameters: 0 0 0

#Transform 41
Transform: AffineTransform_float_3_3
Parameters: 0.999999 0.00129978 0.000480587 -0.00130022 0.999999 0.000451375 -0.000479412 -0.000452623 1 -0.0681581 -0.051154 0.0212817
FixedParameters: 0 0 0

#Transform 42
Transform: AffineTransform_float_3_3
Parameters: 0.999999 0.00128675 0.000517612 -0.00128625 0.999999 0.000475335 -0.000516387 -0.000476665 1 -0.0582233 -0.0610495 -0.012104
FixedParameters: 0 0 0

#Transform 43
Transform: AffineTransform_float_3_3
Parameters: 0.999998 0.00129409 0.000968217 -0.00129491 0.999998 0.000939747 -0.000966782 -0.000941252 0.999999 -0.0589757 -0.0344807 -0.0341317
FixedParameters: 0 0 0

#Transform 44
Transform: AffineTransform_float_3_3
Parameters: 1 0.00105128 0.00055437 -0.00105172 0.999998 0.00130242 -0.000552631 -0.00130258 0.999999 -0.0543686 -0.0426617 -0.0140087
FixedParameters: 0 0 0

#Transform 45
Transform: AffineTransform_float_3_3
Parameters: 0.999999 0.00114647 0.000967623 -0.00114653 0.999999 0.000542892 -0.000967377 -0.00054411 1 -0.0652593 -0.059557 -0.0486253
FixedParameters: 0 0 0

#Transform 46
Transform: AffineTransform_float_3_3
Parameters: 0.999998 0.00129934 0.000967888 -0.00130066 0.999999 0.000682742 -0.000967111 -0.000684258 1 -0.0705791 -0.0378107 0.00225892
FixedParameters: 0 0 0

#Transform 47
Transform: AffineTransform_float_3_3
Parameters: 0.999998 0.00119488 0.00116315 -0.00119612 0.999999 0.00095861 -0.00116285 -0.000959391 0.999999 -0.0657368 -0.0432383 0.0066475
FixedParameters: 0 0 0

#Transform 48
Transform: AffineTransform_float_3_3
Parameters: 0.999998 0.00135911 0.00147298 -0.00135789 0.999999 -0.000753001 -0.00147402 0.000750998 0.999998 -0.0627521 -0.0748127 -0.027042
FixedParameters: 0 0 0

#Transform 49
Transform: AffineTransform_float_3_3
Parameters: 0.999999 0.00127738 0.00125363 -0.00127762 0.999999 0.000492399 -0.00125337 -0.000494602 0.999999 -0.0696578 -0.0626709 0.053541
FixedParameters: 0 0 0

#Transform 50
Transform: AffineTransform_float_3_3
Parameters: 0.999999 0.0010958 0.00113919 -0.0010952 1 0.000173753 -0.00113981 -0.000174249 1 -0.0541004 -0.0791724 -0.0192833
FixedParameters: 0 0 0

#Transform 51
Transform: AffineTransform_float_3_3
Parameters: 0.999999 0.000956537 0.00106642 -0.000957464 1 0.00043398 -0.00106658 -0.000435021 1 -0.0429993 -0.0461016 0.0563125
FixedParameters: 0 0 0

#Transform 52
Transform: AffineTransform_float_3_3
Parameters: 0.999999 0.00117877 0.000671412 -0.00117823 0.999999 0.000349209 -0.000670588 -0.000349791 0.999999 -0.048514 -0.0610729 0.0624793
FixedParameters: 0 0 0

#Transform 53
Transform: AffineTransform_float_3_3
Parameters: 1 0.00097656 0.000670187 -0.000975442 0.999999 -0.000833655 -0.000670814 0.000833346 1 -0.0335144 -0.0489377 0.054822
FixedParameters: 0 0 0

#Transform 54
Transform: AffineTransform_float_3_3
Parameters: 0.999999 0.000730307 0.000264153 -0.000729693 0.999999 -0.00116019 -0.000264847 0.00115981 1 -0.0520534 -0.0151587 0.0772059
FixedParameters: 0 0 0

#Transform 55
Transform: AffineTransform_float_3_3
Parameters: 0.999999 0.000851053 4.08953e-05 -0.000850946 0.999999 -0.00129804 -4.21045e-05 0.00129796 0.999999 -0.0628627 -0.0580509 0.0144148
FixedParameters: 0 0 0

#Transform 56
Transform: AffineTransform_float_3_3
Parameters: 1 0.000790262 -0.000667065 -0.000791739 0.999997 -0.00260947 0.000664936 0.00261053 0.999997 -0.0638199 -0.0487679 0.00461686
FixedParameters: 0 0 0

#Transform 57
Transform: AffineTransform_float_3_3
Parameters: 1 0.000836432 -0.000602185 -0.000838569 0.999996 -0.0026095 0.000599814 0.0026105 0.999997 -0.0675069 -0.0488685 0.0688267
FixedParameters: 0 0 0

#Transform 58
Transform: AffineTransform_float_3_3
Parameters: 1 0.000855267 -0.00064929 -0.000857733 0.999996 -0.00267445 0.000646709 0.00267456 0.999996 -0.0736213 -0.0661145 0.0549135
FixedParameters: 0 0 0

#Transform 59
Transform: AffineTransform_float_3_3
Parameters: 0.999999 0.00114061 -0.000784488 -0.00114339 0.999994 -0.00305411 0.000780511 0.00305489 0.999995 -0.0747296 -0.0411436 0.0270952
FixedParameters: 0 0 0

#Transform 60
Transform: AffineTransform_float_3_3
Parameters: 0.999999 0.00116815 -0.000936572 -0.00117086 0.999994 -0.00305391 0.000933429 0.00305409 0.999995 -0.0728287 -0.0540684 0.0650531
FixedParameters: 0 0 0

#Transform 61
Transform: AffineTransform_float_3_3
Parameters: 0.999999 0.00117455 -0.00133294 -0.00117845 0.999993 -0.00334544 0.00132907 0.00334657 0.999994 -0.085186 -0.0875581 0.0447633
FixedParameters: 0 0 0

#Transform 62
Transform: AffineTransform_float_3_3
Parameters: 0.999999 0.000959155 -0.00125173 -0.000963846 0.999992 -0.0038758 0.00124827 0.0038772 0.999991 -0.0846885 -0.0717672 0.0343688
FixedParameters: 0 0 0

#Transform 63
Transform: AffineTransform_float_3_3
Parameters: 0.999999 0.00123493 -0.00124804 -0.00124007 0.999991 -0.00407346 0.00124296 0.00407554 0.999991 -0.0914218 -0.0517449 0.0439381
FixedParameters: 0 0 0

#Transform 64
Transform: AffineTransform_float_3_3
Parameters: 0.999998 0.00118249 -0.00124729 -0.00118651 0.999992 -0.00362252 0.00124271 0.00362347 0.999992 -0.0900877 -0.0665405 0.0561266
FixedParameters: 0 0 0

#Transform 65
Transform: AffineTransform_float_3_3
Parameters: 0.999998 0.00119264 -0.00174505 -0.00120036 0.999991 -0.00422191 0.00173995 0.00422408 0.999989 -0.0949953 -0.069381 0.0248755
FixedParameters: 0 0 0

#Transform 66
Transform: AffineTransform_float_3_3
Parameters: 0.999998 0.00110666 -0.00167521 -0.00111334 0.999992 -0.00378814 0.00167079 0.00378986 0.999992 -0.101179 -0.0551729 0.0293649
FixedParameters: 0 0 0

#Transform 67
Transform: AffineTransform_float_3_3
Parameters: 0.999998 0.00118307 -0.00188101 -0.00119093 0.999991 -0.00422177 0.00187599 0.00422423 0.99999 -0.0845521 -0.0886522 0.0241426
FixedParameters: 0 0 0

#Transform 68
Transform: AffineTransform_float_3_3
Parameters: 0.999998 0.00101222 -0.00210676 -0.00101978 0.999992 -0.00369586 0.00210325 0.00369714 0.999991 -0.0782386 -0.0961343 0.0645046
FixedParameters: 0 0 0

#Transform 69
Transform: AffineTransform_float_3_3
Parameters: 0.999998 0.00103431 -0.0020469 -0.00104169 0.999993 -0.00375988 0.0020431 0.00376112 0.999991 -0.0784903 -0.0697698 0.0502233
FixedParameters: 0 0 0

#Transform 70
Transform: AffineTransform_float_3_3
Parameters: 0.999998 0.00102329 -0.00184274 -0.00102971 0.999993 -0.00364611 0.00183926 0.00364789 0.999991 -0.0840841 -0.0837809 0.05897
FixedParameters: 0 0 0

#Transform 71
Transform: AffineTransform_float_3_3
Parameters: 0.999998 0.000944263 -0.00207101 -0.000952738 0.99999 -0.00422204 0.002067 0.00422396 0.999989 -0.076933 -0.100704 0.0343663
FixedParameters: 0 0 0

#Transform 72
Transform: AffineTransform_float_3_3
Parameters: 0.999998 0.000976165 -0.00209414 -0.000984834 0.99999 -0.00422195 0.00208986 0.00422405 0.999989 -0.073009 -0.0767503 0.0232974
FixedParameters: 0 0 0

#Transform 73
Transform: AffineTransform_float_3_3
Parameters: 0.999998 0.000966732 -0.00184283 -0.000974267 0.999991 -0.00394621 0.00183917 0.00394878 0.99999 -0.0845725 -0.0747406 0.0753086
FixedParameters: 0 0 0

#Transform 74
Transform: AffineTransform_float_3_3
Parameters: 0.999997 0.000954246 -0.00226513 -0.000964753 0.999991 -0.00430883 0.00226086 0.00431117 0.999988 -0.0749505 -0.118002 0.00457118
FixedParameters: 0 0 0

#Transform 75
Transform: AffineTransform_float_3_3
Parameters: 0.999998 0.000829655 -0.00186029 -0.000837348 0.999992 -0.00395145 0.00185771 0.00395255 0.999991 -0.0747813 -0.0746964 0.0564659
FixedParameters: 0 0 0

#Transform 76
Transform: AffineTransform_float_3_3
Parameters: 0.999998 0.000955035 -0.00209465 -0.000962967 0.999993 -0.00380499 0.00209135 0.00380701 0.99999 -0.0779614 -0.0795539 0.0751413
FixedParameters: 0 0 0

#Transform 77
Transform: AffineTransform_float_3_3
Parameters: 0.999998 0.000892818 -0.00215741 -0.000900182 0.999993 -0.00379507 0.0021536 0.00379694 0.999991 -0.0743292 -0.102205 0.0563153
FixedParameters: 0 0 0

#Transform 78
Transform: AffineTransform_float_3_3
Parameters: 0.999997 0.000874179 -0.00194345 -0.000883823 0.999987 -0.00505829 0.00193955 0.00505971 0.999986 -0.075494 -0.123735 0.0669144
FixedParameters: 0 0 0

#Transform 79
Transform: AffineTransform_float_3_3
Parameters: 0.999997 0.000708888 -0.00236406 -0.000719111 0.99999 -0.00427931 0.00236094 0.00428069 0.999988 -0.0624209 -0.0995637 0.0872553
FixedParameters: 0 0 0

#Transform 80
Transform: AffineTransform_float_3_3
Parameters: 0.999997 0.000805725 -0.00233292 -0.000817273 0.999988 -0.00483511 0.00232907 0.00483789 0.999985 -0.0650961 -0.115923 0.0547014
FixedParameters: 0 0 0

#Transform 81
Transform: AffineTransform_float_3_3
Parameters: 0.999998 0.00115972 -0.00160456 -0.00116628 0.999991 -0.00392013 0.00160044 0.00392186 0.999991 -0.0827177 -0.104781 0.0911588
FixedParameters: 0 0 0

#Transform 82
Transform: AffineTransform_float_3_3
Parameters: 0.999998 0.00089636 -0.00213193 -0.00090864 0.999984 -0.00546507 0.00212707 0.00546692 0.999983 -0.06593 -0.134558 0.0296103
FixedParameters: 0 0 0

#Transform 83
Transform: AffineTransform_float_3_3
Parameters: 0.999998 0.000930771 -0.00190354 -0.000939231 0.999988 -0.00485322 0.00189946 0.00485478 0.999987 -0.0754195 -0.0763126 0.0746041
FixedParameters: 0 0 0

#Transform 84
Transform: AffineTransform_float_3_3
Parameters: 0.999996 0.00116064 -0.0025186 -0.00117736 0.999978 -0.00650406 0.00251039 0.00650694 0.999975 -0.0665931 -0.194547 -0.293262
FixedParameters: 0 0 0

#Transform 85
Transform: AffineTransform_float_3_3
Parameters: 0.999996 0.000246667 -0.00297522 -0.000261335 0.999989 -0.00481725 0.00297478 0.00481876 0.999984 -0.0458818 -0.0790386 0.0154042
FixedParameters: 0 0 0

#Transform 86
Transform: AffineTransform_float_3_3
Parameters: 0.999996 -0.000157313 -0.00276127 0.000143687 0.999989 -0.00482141 0.00276172 0.00482058 0.999984 -0.0370457 -0.108166 -0.0823051
FixedParameters: 0 0 0

#Transform 87
Transform: AffineTransform_float_3_3
Parameters: 0.999998 0.000121511 -0.00233768 -0.000134487 0.999985 -0.0053437 0.00233632 0.0053433 0.999983 -0.0541772 -0.127976 -0.101479
FixedParameters: 0 0 0

#Transform 88
Transform: AffineTransform_float_3_3
Parameters: 0.999997 3.51242e-05 -0.00266218 -4.68792e-05 0.99999 -0.00446089 0.00266282 0.00446111 0.999986 -0.0532985 -0.0896969 -0.0616213
FixedParameters: 0 0 0

#Transform 89
Transform: AffineTransform_float_3_3
Parameters: 0.999998 2.87212e-05 -0.00225616 -3.9278e-05 0.999989 -0.00455592 0.00225585 0.00455608 0.999987 -0.0410361 -0.0860519 -0.0611643
FixedParameters: 0 0 0

#Transform 90
Transform: AffineTransform_float_3_3
Parameters: 0.999995 4.35494e-05 -0.00312924 -5.84522e-05 0.99999 -0.00461884 0.00312877 0.00461816 0.999985 -0.0331872 -0.0856732 -0.0664993
FixedParameters: 0 0 0

#Transform 91
Transform: AffineTransform_float_3_3
Parameters: 0.999995 -0.000315711 -0.00321731 0.00029829 0.999985 -0.00550399 0.00321869 0.00550301 0.999979 -0.0365611 -0.132612 -0.143838
FixedParameters: 0 0 0

#Transform 92
Transform: AffineTransform_float_3_3
Parameters: 0.999995 -0.000433673 -0.00291585 0.000419325 0.999988 -0.00503125 0.00291815 0.00502976 0.999983 -0.0269597 -0.104309 -0.044861
FixedParameters: 0 0 0

#Transform 93
Transform: AffineTransform_float_3_3
Parameters: 0.999998 -0.000353085 -0.00227831 0.000341917 0.999988 -0.00486379 0.00227969 0.00486321 0.999985 -0.0289383 -0.138913 -0.0806976
FixedParameters: 0 0 0

#Transform 94
Transform: AffineTransform_float_3_3
Parameters: 0.999996 -0.000607135 -0.00277473 0.000591865 0.999985 -0.00545167 0.00277827 0.00545034 0.999982 -0.00615442 -0.1324 -0.0535321
FixedParameters: 0 0 0

#Transform 95
Transform: AffineTransform_float_3_3
Parameters: 0.999997 -0.000605388 -0.00265999 0.000591611 0.999987 -0.00503159 0.00266301 0.00502941 0.999984 -0.0109328 -0.120917 -0.0310224
FixedParameters: 0 0 0

#Transform 96
Transform: AffineTransform_float_3_3
Parameters: 0.999996 -0.000605182 -0.00278717 0.000591819 0.999988 -0.00472767 0.00278983 0.00472633 0.999985 -0.0210012 -0.140932 -0.039848
FixedParameters: 0 0 0

#Transform 97
Transform: AffineTransform_float_3_3
Parameters: 0.999996 -0.000605826 -0.00274699 0.000591173 0.999987 -0.00503164 0.00275001 0.00502935 0.999983 -0.0199597 -0.123382 -0.059663
FixedParameters: 0 0 0

#Transform 98
Transform: AffineTransform_float_3_3
Parameters: 0.999996 -0.000605262 -0.00274411 0.00059174 0.999988 -0.00483064 0.00274689 0.00482936 0.999984 -0.0198452 -0.122137 -0.0305797
FixedParameters: 0 0 0

#Transform 99
Transform: AffineTransform_float_3_3
Parameters: 0.999996 -0.000606941 -0.00273873 0.000592056 0.999985 -0.00545364 0.00274227 0.00545136 0.999982 -0.014913 -0.142379 -0.0706127
FixedParameters: 0 0 0

#Transform 100
Transform: AffineTransform_float_3_3
Parameters: 0.999996 -0.000605828 -0.002764 0.000591173 0.999988 -0.00500065 0.00276699 0.00499934 0.999983 -0.0266405 -0.139167 -0.0132342
FixedParameters: 0 0 0

#Transform 101
Transform: AffineTransform_float_3_3
Parameters: 0.999995 -0.000607424 -0.00286678 0.000591576 0.999986 -0.00537772 0.00287022 0.00537628 0.999982 -0.0114425 -0.155186 -0.0321834
FixedParameters: 0 0 0

#Transform 102
Transform: AffineTransform_float_3_3
Parameters: 0.999996 -0.000608473 -0.00295766 0.000591533 0.999985 -0.00556678 0.00296034 0.00556523 0.99998 -0.0131231 -0.13987 -0.0162998
FixedParameters: 0 0 0

#Transform 103
Transform: AffineTransform_float_3_3
Parameters: 0.999996 -0.000358636 -0.00305009 0.000341365 0.999985 -0.00545306 0.00305191 0.00545193 0.99998 -0.0249056 -0.116189 0.00516994
FixedParameters: 0 0 0

#Transform 104
Transform: AffineTransform_float_3_3
Parameters: 0.999995 -0.000442688 -0.0030715 0.000425314 0.999984 -0.00575733 0.0030735 0.00575567 0.999978 -0.0255263 -0.119771 0.00972729
FixedParameters: 0 0 0

#Transform 105
Transform: AffineTransform_float_3_3
Parameters: 0.999995 -0.000359834 -0.00293287 0.000341165 0.999982 -0.00607903 0.00293513 0.00607797 0.999977 -0.0296498 -0.12361 0.0247147
FixedParameters: 0 0 0

#Transform 106
Transform: AffineTransform_float_3_3
Parameters: 0.999994 -0.000615368 -0.0033568 0.00059163 0.999975 -0.00695802 0.0033612 0.00695597 0.99997 -0.0291678 -0.179257 0.0194678
FixedParameters: 0 0 0

#Transform 107
Transform: AffineTransform_float_3_3
Parameters: 0.999997 -0.000136161 -0.00271119 0.000119839 0.99998 -0.00632935 0.00271181 0.00632866 0.999977 -0.0424799 -0.20819 0.0834736
FixedParameters: 0 0 0

#Transform 108
Transform: AffineTransform_float_3_3
Parameters: 0.999996 -0.000372401 -0.00275009 0.0003576 0.999986 -0.005235 0.00275191 0.00523399 0.999982 -0.0393266 -0.146073 0.10712
FixedParameters: 0 0 0

#Transform 109
Transform: AffineTransform_float_3_3
Parameters: 0.999995 -0.000478288 -0.00289957 0.000456708 0.999973 -0.00733835 0.00290343 0.00733664 0.999969 -0.0295887 -0.169968 0.00239072
FixedParameters: 0 0 0

#Transform 110
Transform: AffineTransform_float_3_3
Parameters: 0.999995 -0.000367353 -0.00318139 0.000343642 0.999973 -0.00733813 0.00318461 0.00733687 0.999968 -0.0404833 -0.175523 0.0381746
FixedParameters: 0 0 0

#Transform 111
Transform: AffineTransform_float_3_3
Parameters: 0.999991 -0.000215687 -0.00423977 0.000190308 0.999981 -0.00605886 0.00424123 0.00605714 0.999972 -0.0298499 -0.151412 0.0439872
FixedParameters: 0 0 0

#Transform 112
Transform: AffineTransform_float_3_3
Parameters: 0.999991 -0.000376266 -0.00423225 0.000343726 0.999971 -0.00762252 0.00423574 0.00762047 0.999962 -0.00298079 -0.196907 -0.00275404
FixedParameters: 0 0 0

#Transform 113
Transform: AffineTransform_float_3_3
Parameters: 0.999993 -0.000597518 -0.00387056 0.000568485 0.999971 -0.00762326 0.00387445 0.00762075 0.999964 -0.00164333 -0.15548 -0.0282482
FixedParameters: 0 0 0

#Transform 114
Transform: AffineTransform_float_3_3
Parameters: 0.999992 -0.000546717 -0.00410402 0.000516282 0.999972 -0.00748218 0.00410798 0.00747981 0.999963 0.00277678 -0.171919 -0.00866793
FixedParameters: 0 0 0

#Transform 115
Transform: AffineTransform_float_3_3
Parameters: 0.999992 -0.000673947 -0.0040991 0.000637047 0.999959 -0.00900769 0.00410591 0.00900531 0.999951 0.0097322 -0.202881 -0.0534266
FixedParameters: 0 0 0

#Transform 116
Transform: AffineTransform_float_3_3
Parameters: 0.999992 -0.000590202 -0.00411337 0.000556793 0.999968 -0.00806836 0.00411863 0.00806564 0.999959 0.00255657 -0.140041 -0.00273887
FixedParameters: 0 0 0

#Transform 117
Transform: AffineTransform_float_3_3
Parameters: 0.999989 -0.000373016 -0.00469378 0.000343984 0.999981 -0.00618068 0.00469621 0.00617932 0.99997 -0.00805084 -0.176405 0.177731
FixedParameters: 0 0 0

#Transform 118
Transform: AffineTransform_float_3_3
Parameters: 0.999991 -9.4028e-05 -0.00419629 5.39734e-05 0.999954 -0.0095383 0.00419671 0.00953768 0.999945 -0.00768898 -0.165758 0.0222165
FixedParameters: 0 0 0

#Transform 119
Transform: AffineTransform_float_3_3
Parameters: 0.999992 -0.000378536 -0.00380672 0.000344463 0.999959 -0.00906837 0.00381028 0.00906762 0.999951 -0.0115168 -0.200121 -0.0109164
FixedParameters: 0 0 0

#Transform 120
Transform: AffineTransform_float_3_3
Parameters: 0.999993 -0.000522067 -0.00368173 0.000490931 0.999965 -0.00843387 0.00368627 0.00843213 0.999957 -0.00329433 -0.175839 -0.0154083
FixedParameters: 0 0 0

#Transform 121
Transform: AffineTransform_float_3_3
Parameters: 0.999994 -0.000372468 -0.00358916 0.000343532 0.999968 -0.00792928 0.00359184 0.00792771 0.999962 -0.00838125 -0.200376 0.0386439
FixedParameters: 0 0 0

#Transform 122
Transform: AffineTransform_float_3_3
Parameters: 0.999994 -0.000262407 -0.00339813 0.000236591 0.999972 -0.00747585 0.00339987 0.00747415 0.999967 -0.016708 -0.241048 0.0290974
FixedParameters: 0 0 0

#Transform 123
Transform: AffineTransform_float_3_3
Parameters: 0.999994 -0.000368202 -0.00327037 0.000343799 0.999972 -0.00739816 0.00327263 0.00739683 0.999968 -0.0111793 -0.206161 0.00100193
FixedParameters: 0 0 0

#Transform 124
Transform: AffineTransform_float_3_3
Parameters: 0.999996 -0.000359609 -0.00258688 0.00034439 0.999981 -0.00603191 0.00258912 0.00603109 0.999979 -0.0276903 -0.218254 0.0739108
FixedParameters: 0 0 0

#Transform 125
Transform: AffineTransform_float_3_3
Parameters: 0.999996 -0.000522588 -0.00283811 0.000500411 0.999971 -0.00760245 0.00284189 0.00760055 0.999967 -0.00822547 -0.211353 -0.00550311
FixedParameters: 0 0 0

#Transform 126
Transform: AffineTransform_float_3_3
Parameters: 0.999995 -0.000372431 -0.0031798 0.000343576 0.99996 -0.00893714 0.0031822 0.00893586 0.999955 -0.0112379 -0.1781 -0.000222257
FixedParameters: 0 0 0

#Transform 127
Transform: AffineTransform_float_3_3
Parameters: 0.999994 -0.000372234 -0.00338001 0.000343765 0.999965 -0.00835021 0.00338299 0.00834879 0.99996 -0.0113541 -0.212717 -0.0573161
FixedParameters: 0 0 0

#Transform 128
Transform: AffineTransform_float_3_3
Parameters: 0.999994 -0.000470693 -0.00322563 0.000446306 0.999973 -0.00734148 0.00322936 0.00734052 0.999968 -0.0114209 -0.195793 0.0250593
FixedParameters: 0 0 0

#Transform 129
Transform: AffineTransform_float_3_3
Parameters: 0.999997 5.66592e-05 -0.00267043 -7.33376e-05 0.999979 -0.00649383 0.00266958 0.00649418 0.999976 -0.0444112 -0.206581 0.0743704
FixedParameters: 0 0 0

#Transform 130
Transform: AffineTransform_float_3_3
Parameters: 0.999996 -0.000118938 -0.0028263 0.000101063 0.99998 -0.00634631 0.0028267 0.00634569 0.999976 -0.0296292 -0.225912 0.0730361
FixedParameters: 0 0 0

#Transform 131
Transform: AffineTransform_float_3_3
Parameters: 0.999997 -0.000112666 -0.00266928 9.43379e-05 0.999975 -0.00699127 0.00266973 0.00699172 0.999972 -0.0315078 -0.263422 0.00969869
FixedParameters: 0 0 0

#Transform 132
Transform: AffineTransform_float_3_3
Parameters: 0.999997 -5.67987e-05 -0.0026697 3.91991e-05 0.99998 -0.00629213 0.0026703 0.00629187 0.999976 -0.0371509 -0.203656 0.063578
FixedParameters: 0 0 0

#Transform 133
Transform: AffineTransform_float_3_3
Parameters: 0.999997 -4.39432e-05 -0.00266978 2.70551e-05 0.99998 -0.0063461 0.00267023 0.00634591 0.999977 -0.037427 -0.213005 0.0684466
FixedParameters: 0 0 0

#Transform 134
Transform: AffineTransform_float_3_3
Parameters: 0.999996 -0.000114293 -0.00289327 9.37081e-05 0.999976 -0.0070133 0.00289373 0.0070127 0.999971 -0.0440205 -0.236273 0.00781542
FixedParameters: 0 0 0

#Transform 135
Transform: AffineTransform_float_3_3
Parameters: 0.999996 -0.000112893 -0.0027953 9.41016e-05 0.999977 -0.00675829 0.0027967 0.00675771 0.999974 -0.0328501 -0.209848 0.00270846
FixedParameters: 0 0 0

#Transform 136
Transform: AffineTransform_float_3_3
Parameters: 0.999997 -0.000109288 -0.00244736 9.37135e-05 0.99998 -0.00624624 0.00244763 0.00624574 0.999977 -0.0422678 -0.231579 0.0622368
FixedParameters: 0 0 0

#Transform 137
Transform: AffineTransform_float_3_3
Parameters: 0.999997 -0.00011319 -0.00267526 9.38117e-05 0.999975 -0.00717228 0.00267574 0.00717172 0.99997 -0.0408385 -0.248945 -0.0289172
FixedParameters: 0 0 0

#Transform 138
Transform: AffineTransform_float_3_3
Parameters: 0.999996 7.70873e-05 -0.00260866 -9.69172e-05 0.999971 -0.00763478 0.00260834 0.00763423 0.999968 -0.047293 -0.205516 -0.0137081
FixedParameters: 0 0 0

#Transform 139
Transform: AffineTransform_float_3_3
Parameters: 0.999996 -0.000113561 -0.00289223 9.24394e-05 0.999972 -0.0074543 0.00289277 0.0074537 0.999968 -0.0405074 -0.249702 -0.0446916
FixedParameters: 0 0 0

#Transform 140
Transform: AffineTransform_float_3_3
Parameters: 0.999995 2.84831e-05 -0.00311936 -5.45135e-05 0.999964 -0.00850087 0.00311865 0.00850113 0.999959 -0.0520401 -0.200761 0.00484618
FixedParameters: 0 0 0

#Transform 141
Transform: AffineTransform_float_3_3
Parameters: 0.999996 -3.59993e-05 -0.0029678 1.00075e-05 0.999961 -0.00876007 0.0029672 0.00875993 0.999957 -0.0445283 -0.262494 -0.0620819
FixedParameters: 0 0 0

#Transform 142
Transform: AffineTransform_float_3_3
Parameters: 0.999995 -6.28877e-05 -0.00296762 4.11164e-05 0.999973 -0.00737516 0.00296738 0.00737485 0.999969 -0.0338148 -0.215368 0.0139506
FixedParameters: 0 0 0

#Transform 143
Transform: AffineTransform_float_3_3
Parameters: 0.999995 -0.000118116 -0.00303616 9.38837e-05 0.999968 -0.00794232 0.00303684 0.00794167 0.999964 -0.0463068 -0.256787 -0.0294826
FixedParameters: 0 0 0

#Transform 144
Transform: AffineTransform_float_3_3
Parameters: 0.999996 4.80123e-05 -0.00275445 -6.89915e-05 0.999971 -0.00761984 0.00275456 0.00762016 0.999967 -0.049047 -0.233641 0.0316717
FixedParameters: 0 0 0

#Transform 145
Transform: AffineTransform_float_3_3
Parameters: 0.999997 0.000120382 -0.00268895 -0.000140618 0.999974 -0.00729665 0.00268805 0.00729735 0.99997 -0.0526865 -0.239239 0.0745613
FixedParameters: 0 0 0

#Transform 146
Transform: AffineTransform_float_3_3
Parameters: 0.999996 -2.71208e-06 -0.00306406 -1.87116e-05 0.999975 -0.00708598 0.00306395 0.00708603 0.99997 -0.0416805 -0.254597 0.0558193
FixedParameters: 0 0 0

#Transform 147
Transform: AffineTransform_float_3_3
Parameters: 0.999996 0.000153962 -0.00257614 -0.000172038 0.999975 -0.00700358 0.00257486 0.00700342 0.999972 -0.0495275 -0.24463 0.0509036
FixedParameters: 0 0 0

#Transform 148
Transform: AffineTransform_float_3_3
Parameters: 0.999995 0.00017006 -0.00292123 -0.00018994 0.999976 -0.00682748 0.00291977 0.00682753 0.999973 -0.0511647 -0.245921 0.0821731
FixedParameters: 0 0 0

#Transform 149
Transform: AffineTransform_float_3_3
Parameters: 0.999998 0.000246829 -0.00232689 -0.000264163 0.999972 -0.0073814 0.00232411 0.00738259 0.99997 -0.0609919 -0.269396 0.0513691
FixedParameters: 0 0 0

#Transform 150
Transform: AffineTransform_float_3_3
Parameters: 0.999996 9.96476e-05 -0.00257582 -0.000119348 0.999972 -0.00751472 0.00257418 0.00751428 0.999969 -0.0553496 -0.257374 0.0416608
FixedParameters: 0 0 0

#Transform 151
Transform: AffineTransform_float_3_3
Parameters: 0.999996 0.000100103 -0.0025798 -0.000118898 0.999973 -0.00732572 0.0025792 0.00732628 0.99997 -0.0525048 -0.226668 0.0747377
FixedParameters: 0 0 0

#Transform 152
Transform: AffineTransform_float_3_3
Parameters: 0.999996 9.81672e-05 -0.00276182 -0.000118833 0.999971 -0.0075437 0.00276118 0.00754429 0.999967 -0.0377778 -0.226231 0.0522834
FixedParameters: 0 0 0

#Transform 153
Transform: AffineTransform_float_3_3
Parameters: 0.999996 9.68516e-05 -0.00277686 -0.000119141 0.999968 -0.0079767 0.00277514 0.0079773 0.999965 -0.0425917 -0.226664 0.0294228
FixedParameters: 0 0 0

#Transform 154
Transform: AffineTransform_float_3_3
Parameters: 0.999995 0.000336222 -0.00296192 -0.000360778 0.999965 -0.00836896 0.00295908 0.00837003 0.99996 -0.0551488 -0.247188 0.0373612
FixedParameters: 0 0 0

#Transform 155
Transform: AffineTransform_float_3_3
Parameters: 0.999995 -2.94961e-05 -0.00332787 -4.97369e-07 0.99996 -0.00886305 0.00332813 0.00886295 0.999955 -0.0366239 -0.264598 -0.00442498
FixedParameters: 0 0 0
