# transform file /out/sourcedata/freesurfer/sub-v1s3x0050792_ses-1/mri/transforms/cc_up.lta
# created by oesteban on Tue Mar 10 01:52:35 2026

type      = 0 # LINEAR_VOX_TO_VOX
nxforms   = 1
mean      = 132.0000 131.0000 125.0000
sigma     = 10000.0000
1 4 4
9.973497390747070e-01 -5.524473264813423e-02 4.734351858496666e-02 2.835953533649445e-01 
5.518259480595589e-02 9.984728097915649e-01 2.619480481371284e-03 4.756130695343018e+00 
-4.741593077778816e-02 2.328306158982940e-10 9.988752007484436e-01 1.023692703247070e+01 
0.000000000000000e+00 0.000000000000000e+00 0.000000000000000e+00 1.000000000000000e+00 
src volume info
valid = 1  # volume info valid
filename = /out/sourcedata/freesurfer/sub-v1s3x0050792_ses-1/mri/norm.mgz
volume = 256 256 256
voxelsize = 1.000000000000000e+00 1.000000000000000e+00 1.000000000000000e+00
xras   = -1.000000000000000e+00 0.000000000000000e+00 0.000000000000000e+00
yras   = 0.000000000000000e+00 0.000000000000000e+00 -1.000000000000000e+00
zras   = 0.000000000000000e+00 1.000000000000000e+00 0.000000000000000e+00
cras   = 9.667419433593750e+00 -1.409909057617188e+01 -1.848678588867188e+00
dst volume info
valid = 1  # volume info valid
filename = /out/sourcedata/freesurfer/sub-v1s3x0050792_ses-1/mri/norm.mgz
volume = 256 256 256
voxelsize = 1.000000000000000e+00 1.000000000000000e+00 1.000000000000000e+00
xras   = -1.000000000000000e+00 0.000000000000000e+00 0.000000000000000e+00
yras   = 0.000000000000000e+00 0.000000000000000e+00 -1.000000000000000e+00
zras   = 0.000000000000000e+00 1.000000000000000e+00 0.000000000000000e+00
cras   = 9.667419433593750e+00 -1.409909057617188e+01 -1.848678588867188e+00
