#Insight Transform File V1.0
#Transform 0
Transform: AffineTransform_float_3_3
Parameters: 0.999977 0.00143872 0.00671802 -0.00151628 0.999932 0.0115121 -0.00670099 -0.0115219 0.999911 0.013346 0.0805922 -0.446583
FixedParameters: 0 0 0

#Transform 1
Transform: AffineTransform_float_3_3
Parameters: 0.999979 0.00121259 0.00627917 -0.00127441 0.999952 0.0097852 -0.00626682 -0.00979281 0.999933 0.0225618 0.112453 -0.342801
FixedParameters: 0 0 0

#Transform 2
Transform: AffineTransform_float_3_3
Parameters: 0.999978 0.0015584 0.0064121 -0.0016346 0.999927 0.0119588 -0.0063929 -0.0119692 0.999908 0.00682547 0.132644 -0.338936
FixedParameters: 0 0 0

#Transform 3
Transform: AffineTransform_float_3_3
Parameters: 0.99998 0.00188866 0.00592355 -0.00196634 0.999911 0.0132486 -0.00589745 -0.0132594 0.999894 0.0141662 0.115936 -0.314169
FixedParameters: 0 0 0

#Transform 4
Transform: AffineTransform_float_3_3
Parameters: 0.999982 0.00260887 0.00543179 -0.00267013 0.999933 0.0112787 -0.00540121 -0.0112923 0.999921 0.0416066 0.0360025 -0.39251
FixedParameters: 0 0 0

#Transform 5
Transform: AffineTransform_float_3_3
Parameters: 0.999978 0.00162185 0.0063357 -0.00168216 0.999954 0.00950055 -0.00632029 -0.00951046 0.999935 0.0147282 0.12111 -0.322077
FixedParameters: 0 0 0

#Transform 6
Transform: AffineTransform_float_3_3
Parameters: 0.999976 0.00171695 0.00662753 -0.00179806 0.999924 0.0122434 -0.00660647 -0.0122546 0.999903 -0.0159531 0.17895 -0.38406
FixedParameters: 0 0 0

#Transform 7
Transform: AffineTransform_float_3_3
Parameters: 0.99998 0.00226739 0.0057758 -0.00235861 0.99987 0.0159037 -0.0057392 -0.0159173 0.999857 -0.0560033 0.226282 -0.336744
FixedParameters: 0 0 0

#Transform 8
Transform: AffineTransform_float_3_3
Parameters: 0.999948 0.00180899 0.0100952 -0.00175902 0.999986 -0.00495802 -0.0101038 0.00493998 0.999937 0.0609828 0.0541114 -0.505454
FixedParameters: 0 0 0

#Transform 9
Transform: AffineTransform_float_3_3
Parameters: 0.999948 0.00252627 0.00994378 -0.00254473 0.999995 0.00187079 -0.00993923 -0.00189621 0.999949 0.0246016 0.130813 -0.377172
FixedParameters: 0 0 0

#Transform 10
Transform: AffineTransform_float_3_3
Parameters: 0.999904 0.00478037 0.0130095 -0.00502463 0.99981 0.0188374 -0.0129165 -0.0189006 0.999738 0.0370126 0.280596 -0.365988
FixedParameters: 0 0 0

#Transform 11
Transform: AffineTransform_float_3_3
Parameters: 0.999901 0.00555152 0.0128732 -0.00589446 0.999625 0.0267197 -0.0127198 -0.0267932 0.99956 -0.00741466 0.257774 -0.443988
FixedParameters: 0 0 0

#Transform 12
Transform: AffineTransform_float_3_3
Parameters: 0.999958 0.00478185 0.00773275 -0.00498112 0.999651 0.0259425 -0.00760524 -0.0259804 0.999633 -0.0172458 0.293588 -0.493284
FixedParameters: 0 0 0

#Transform 13
Transform: AffineTransform_float_3_3
Parameters: 0.999952 0.00788436 0.00578157 -0.00810766 0.999184 0.039554 -0.0054654 -0.039599 0.9992 -0.256273 0.246221 -0.532184
FixedParameters: 0 0 0

#Transform 14
Transform: AffineTransform_float_3_3
Parameters: 0.999975 0.00223721 0.00678947 -0.00241378 0.999659 0.0259943 -0.00672851 -0.0260107 0.999639 -0.0886781 0.182043 -0.297479
FixedParameters: 0 0 0

#Transform 15
Transform: AffineTransform_float_3_3
Parameters: 0.999994 0.00218696 0.00269006 -0.00225904 0.999621 0.0274541 -0.00262897 -0.0274599 0.99962 -0.0872013 0.237897 -0.261251
FixedParameters: 0 0 0

#Transform 16
Transform: AffineTransform_float_3_3
Parameters: 0.999978 0.00201373 0.00633209 -0.00211127 0.999877 0.015551 -0.00629992 -0.015564 0.999859 -0.00316783 0.108991 -0.235664
FixedParameters: 0 0 0

#Transform 17
Transform: AffineTransform_float_3_3
Parameters: 0.99998 0.0014333 0.00605045 -0.00149271 0.99995 0.00987416 -0.00603655 -0.00988284 0.999933 -0.00922252 0.106816 -0.123386
FixedParameters: 0 0 0

#Transform 18
Transform: AffineTransform_float_3_3
Parameters: 0.999989 0.00146686 0.00444212 -0.00150614 0.99996 0.00882041 -0.00442888 -0.00882659 0.999951 -0.0120327 0.102955 -0.0804427
FixedParameters: 0 0 0

#Transform 19
Transform: AffineTransform_float_3_3
Parameters: 1 0.000631614 0.00100504 -0.000637386 0.999979 0.00636636 -0.00100096 -0.00636664 0.999979 -0.0416205 0.0816411 0.0119862
FixedParameters: 0 0 0

#Transform 20
Transform: AffineTransform_float_3_3
Parameters: 1 4.10336e-05 -2.89525e-05 -4.09664e-05 1 0.001159 2.90475e-05 -0.001159 1 -0.0227254 0.0558569 -0.0046953
FixedParameters: 0 0 0

#Transform 21
Transform: AffineTransform_float_3_3
Parameters: 0.999999 0.000528237 0.00139491 -0.000519763 0.999983 -0.00589873 -0.00139809 0.00589827 0.999981 -0.0224781 -0.019497 -0.0033823
FixedParameters: 0 0 0

#Transform 22
Transform: AffineTransform_float_3_3
Parameters: 0.999997 0.000259534 0.00252842 -0.000232469 0.999945 -0.0104896 -0.00253058 0.0104884 0.999942 0.00177148 -0.0584621 -0.00282594
FixedParameters: 0 0 0

#Transform 23
Transform: AffineTransform_float_3_3
Parameters: 0.999998 4.22277e-05 0.00158962 -2.37678e-05 0.999935 -0.0114651 -0.00159038 0.011465 0.999933 -0.00172513 -0.0485635 -0.0113112
FixedParameters: 0 0 0

#Transform 24
Transform: AffineTransform_float_3_3
Parameters: 0.999998 -0.000480112 0.0020121 0.000504887 0.999923 -0.012387 -0.0020059 0.012388 0.999922 0.00303978 -0.0557082 -0.0521615
FixedParameters: 0 0 0

#Transform 25
Transform: AffineTransform_float_3_3
Parameters: 0.999995 0.000146638 0.00293121 -0.000104364 0.999899 -0.0142004 -0.00293278 0.0141996 0.999895 0.0100252 -0.115025 -0.0246805
FixedParameters: 0 0 0

#Transform 26
Transform: AffineTransform_float_3_3
Parameters: 0.999987 -0.000145813 0.00506193 0.000247169 0.9998 -0.019995 -0.00505707 0.019996 0.999788 0.0273833 -0.165241 0.00486514
FixedParameters: 0 0 0

#Transform 27
Transform: AffineTransform_float_3_3
Parameters: 0.999984 9.06767e-05 0.00564731 1.96719e-05 0.999808 -0.0195952 -0.0056477 0.0195948 0.999792 0.0346488 -0.134559 0.0290029
FixedParameters: 0 0 0

#Transform 28
Transform: AffineTransform_float_3_3
Parameters: 0.999989 -0.000280026 0.00483137 0.000373989 0.999811 -0.0194614 -0.00482564 0.0194626 0.999799 0.03859 -0.147885 -0.00894809
FixedParameters: 0 0 0

#Transform 29
Transform: AffineTransform_float_3_3
Parameters: 0.999992 -0.000417485 0.00409129 0.000491529 0.999833 -0.0182291 -0.00408372 0.0182309 0.999826 0.035302 -0.162671 0.0125765
FixedParameters: 0 0 0

#Transform 30
Transform: AffineTransform_float_3_3
Parameters: 0.999994 -0.000433727 0.0032144 0.000492285 0.999835 -0.0181505 -0.00320659 0.0181515 0.99983 0.0431844 -0.152775 0.0105949
FixedParameters: 0 0 0

#Transform 31
Transform: AffineTransform_float_3_3
Parameters: 0.999991 -0.000410814 0.00426161 0.000492194 0.999818 -0.0190671 -0.00425339 0.0190689 0.999809 0.0407199 -0.170846 0.00332204
FixedParameters: 0 0 0

#Transform 32
Transform: AffineTransform_float_3_3
Parameters: 0.999991 -0.000413159 0.0042524 0.000491852 0.999827 -0.0185561 -0.0042446 0.0185579 0.999819 0.0404973 -0.160348 -0.0681605
FixedParameters: 0 0 0

#Transform 33
Transform: AffineTransform_float_3_3
Parameters: 0.999988 -0.000913701 0.00477486 0.0010123 0.999787 -0.0206244 -0.00475513 0.0206296 0.999776 0.042449 -0.167099 -0.0474169
FixedParameters: 0 0 0

#Transform 34
Transform: AffineTransform_float_3_3
Parameters: 0.999989 -0.000400994 0.00453097 0.000492006 0.999798 -0.020102 -0.00452202 0.020104 0.999787 0.0401007 -0.174971 -0.00728184
FixedParameters: 0 0 0

#Transform 35
Transform: AffineTransform_float_3_3
Parameters: 0.999989 -0.000294689 0.0045287 0.000383295 0.999805 -0.0197325 -0.00452132 0.0197345 0.999795 0.0394831 -0.179373 -0.0164221
FixedParameters: 0 0 0

#Transform 36
Transform: AffineTransform_float_3_3
Parameters: 0.99999 -0.000384756 0.00459146 0.000475256 0.999807 -0.01967 -0.00458354 0.019672 0.999796 0.0273253 -0.173862 -0.0300107
FixedParameters: 0 0 0

#Transform 37
Transform: AffineTransform_float_3_3
Parameters: 0.999989 -0.000398235 0.00453089 0.000489767 0.999799 -0.020049 -0.00452209 0.020051 0.999788 0.0400046 -0.180764 -0.00705851
FixedParameters: 0 0 0

#Transform 38
Transform: AffineTransform_float_3_3
Parameters: 0.999989 -0.000349629 0.00454096 0.000441372 0.999797 -0.0201362 -0.00453303 0.0201378 0.999787 0.0397138 -0.201936 -0.00370096
FixedParameters: 0 0 0

#Transform 39
Transform: AffineTransform_float_3_3
Parameters: 0.999987 -0.000317121 0.00522524 0.000431874 0.999758 -0.021999 -0.00521676 0.022001 0.999745 0.0428857 -0.199557 -0.0176406
FixedParameters: 0 0 0

#Transform 40
Transform: AffineTransform_float_3_3
Parameters: 0.999986 3.89759e-05 0.00519641 7.69661e-05 0.999755 -0.0221239 -0.00519556 0.0221241 0.999741 0.0420633 -0.226588 -0.0198038
FixedParameters: 0 0 0

#Transform 41
Transform: AffineTransform_float_3_3
Parameters: 0.999968 0.002547 0.007496 -0.002379 0.999747 -0.0223365 -0.007551 0.0223175 0.999723 0.0656064 -0.125553 -0.0272612
FixedParameters: 0 0 0

#Transform 42
Transform: AffineTransform_float_3_3
Parameters: 0.999954 -0.00115466 0.00945928 0.00141434 0.999622 -0.0274569 -0.00942371 0.0274681 0.999578 0.0955742 -0.282862 0.0310097
FixedParameters: 0 0 0

#Transform 43
Transform: AffineTransform_float_3_3
Parameters: 0.999967 -0.00155154 0.00798821 0.00177245 0.999612 -0.0277908 -0.0079418 0.0278042 0.999582 0.0933096 -0.287894 0.0089597
FixedParameters: 0 0 0

#Transform 44
Transform: AffineTransform_float_3_3
Parameters: 0.999967 -0.00128961 0.00794159 0.00152937 0.999543 -0.0302118 -0.00789839 0.0302232 0.999512 0.10906 -0.310303 0.00736629
FixedParameters: 0 0 0

#Transform 45
Transform: AffineTransform_float_3_3
Parameters: 0.999964 -0.00119402 0.00833744 0.00145996 0.999488 -0.031969 -0.00829456 0.03198 0.999454 0.0826379 -0.337019 -0.0943222
FixedParameters: 0 0 0

#Transform 46
Transform: AffineTransform_float_3_3
Parameters: 0.99997 -0.00055866 0.00762865 0.00078235 0.99957 -0.0293049 -0.00760934 0.0293101 0.999542 0.0856272 -0.305914 -0.0300356
FixedParameters: 0 0 0

#Transform 47
Transform: AffineTransform_float_3_3
Parameters: 0.999972 -0.00118091 0.00740117 0.00141511 0.999497 -0.0317034 -0.00736083 0.0317136 0.99947 0.0711211 -0.303243 -0.0372968
FixedParameters: 0 0 0

#Transform 48
Transform: AffineTransform_float_3_3
Parameters: 0.999976 -0.00108376 0.00673496 0.00130324 0.999466 -0.032634 -0.00669603 0.032642 0.999444 0.0847486 -0.32748 -0.00254378
FixedParameters: 0 0 0

#Transform 49
Transform: AffineTransform_float_3_3
Parameters: 0.999978 -0.00116483 0.0066436 0.00138619 0.999441 -0.0333846 -0.0066014 0.0333925 0.999421 0.0871392 -0.364512 -0.198977
FixedParameters: 0 0 0

#Transform 50
Transform: AffineTransform_float_3_3
Parameters: 0.99997 -0.000241167 0.00776256 0.000502849 0.999431 -0.0337461 -0.00775045 0.0337489 0.999401 0.0686472 -0.354388 -0.109139
FixedParameters: 0 0 0

#Transform 51
Transform: AffineTransform_float_3_3
Parameters: 0.999961 -0.000476474 0.00889742 0.000802542 0.999329 -0.0366183 -0.00887456 0.0366247 0.999289 0.118579 -0.375678 0.00239889
FixedParameters: 0 0 0

#Transform 52
Transform: AffineTransform_float_3_3
Parameters: 0.999972 -0.000968791 0.00750337 0.00125319 0.999273 -0.0380997 -0.00746067 0.0381083 0.999246 0.116798 -0.379951 -0.0288679
FixedParameters: 0 0 0

#Transform 53
Transform: AffineTransform_float_3_3
Parameters: 0.999959 -0.000122119 0.00903293 0.000479877 0.999214 -0.0396272 -0.00902107 0.0396307 0.999173 0.100055 -0.413648 0.0135658
FixedParameters: 0 0 0

#Transform 54
Transform: AffineTransform_float_3_3
Parameters: 0.999926 8.17379e-05 0.012118 0.000419737 0.999142 -0.041396 -0.012111 0.0413981 0.99907 0.15006 -0.421395 0.0727349
FixedParameters: 0 0 0

#Transform 55
Transform: AffineTransform_float_3_3
Parameters: 0.999912 0.000175302 0.013214 0.000403308 0.999042 -0.0437495 -0.013209 0.0437505 0.998955 0.129331 -0.422655 0.051111
FixedParameters: 0 0 0

#Transform 56
Transform: AffineTransform_float_3_3
Parameters: 0.999913 0.000281174 0.0131524 0.000298156 0.999031 -0.0440129 -0.0131516 0.0440131 0.998945 0.131148 -0.438489 0.10509
FixedParameters: 0 0 0

#Transform 57
Transform: AffineTransform_float_3_3
Parameters: 0.999919 0.000310292 0.0127683 0.000231284 0.999102 -0.0423705 -0.0127697 0.0423695 0.999021 0.136172 -0.442518 0.0884534
FixedParameters: 0 0 0

#Transform 58
Transform: AffineTransform_float_3_3
Parameters: 0.99992 0.00061551 0.012588 -4.35031e-05 0.998971 -0.0453501 -0.0126029 0.0453468 0.998892 0.126519 -0.454598 0.0802589
FixedParameters: 0 0 0

#Transform 59
Transform: AffineTransform_float_3_3
Parameters: 0.999922 0.000291868 0.0124954 0.00026484 0.999007 -0.0445402 -0.0124956 0.0445408 0.99893 0.142808 -0.429321 0.136034
FixedParameters: 0 0 0

#Transform 60
Transform: AffineTransform_float_3_3
Parameters: 0.999932 0.000497016 0.0115934 3.09949e-05 0.998965 -0.0454997 -0.0116036 0.0454973 0.998897 0.139211 -0.444493 0.0862218
FixedParameters: 0 0 0

#Transform 61
Transform: AffineTransform_float_3_3
Parameters: 0.999921 -0.000701215 0.0125956 0.00123976 0.999082 -0.0428188 -0.0125534 0.0428312 0.999004 0.176496 -0.443522 0.119662
FixedParameters: 0 0 0

#Transform 62
Transform: AffineTransform_float_3_3
Parameters: 0.999945 -0.00240945 0.0102703 0.00285358 0.999054 -0.0433941 -0.0101567 0.0434209 0.999005 0.198698 -0.412573 0.260011
FixedParameters: 0 0 0

#Transform 63
Transform: AffineTransform_float_3_3
Parameters: 0.999921 0.00216764 0.012392 -0.00162236 0.99904 -0.0437936 -0.012475 0.0437694 0.998964 0.0959957 -0.44265 -0.0476688
FixedParameters: 0 0 0

#Transform 64
Transform: AffineTransform_float_3_3
Parameters: 0.999957 0.00271345 0.00889415 -0.00249055 0.999686 -0.0249272 -0.00895883 0.0249038 0.999649 0.0643151 -0.386442 0.186019
FixedParameters: 0 0 0

#Transform 65
Transform: AffineTransform_float_3_3
Parameters: 0.999919 0.00149321 0.0126945 -0.00090378 0.998928 -0.0462933 -0.0127505 0.0462788 0.998847 0.0951907 -0.472067 -0.255547
FixedParameters: 0 0 0

#Transform 66
Transform: AffineTransform_float_3_3
Parameters: 0.999935 0.0025454 0.0110473 -0.00198256 0.998716 -0.0506241 -0.0111626 0.0505988 0.998656 0.100944 -0.514534 -0.35282
FixedParameters: 0 0 0

#Transform 67
Transform: AffineTransform_float_3_3
Parameters: 0.999899 0.00662427 0.0125596 -0.00633473 0.999717 -0.0229329 -0.0127084 0.0228511 0.999658 0.0826056 -0.350745 0.234365
FixedParameters: 0 0 0

#Transform 68
Transform: AffineTransform_float_3_3
Parameters: 0.999874 0.00712593 0.0141918 -0.00650705 0.999045 -0.0431908 -0.0144862 0.0430932 0.998966 0.0582826 -0.46532 -0.352519
FixedParameters: 0 0 0

#Transform 69
Transform: AffineTransform_float_3_3
Parameters: 0.999893 0.00354283 0.0141496 -0.00290615 0.998993 -0.0447769 -0.0142944 0.0447311 0.998897 0.0250361 -0.528608 -0.503595
FixedParameters: 0 0 0

#Transform 70
Transform: AffineTransform_float_3_3
Parameters: 0.999909 0.00268015 0.0132729 -0.00207384 0.998964 -0.0454737 -0.0133811 0.0454413 0.998878 0.0782549 -0.523252 -0.0720381
FixedParameters: 0 0 0

#Transform 71
Transform: AffineTransform_float_3_3
Parameters: 0.999916 0.00221477 0.0127634 -0.00165525 0.999043 -0.0437018 -0.0128476 0.0436772 0.998963 0.0967566 -0.527099 -0.099248
FixedParameters: 0 0 0

#Transform 72
Transform: AffineTransform_float_3_3
Parameters: 0.999906 0.00250446 0.0134359 -0.00189753 0.998983 -0.0450357 -0.0135352 0.0450063 0.998895 0.106079 -0.56233 -0.0894098
FixedParameters: 0 0 0

#Transform 73
Transform: AffineTransform_float_3_3
Parameters: 0.999902 0.00257755 0.0137252 -0.00195245 0.998967 -0.0453972 -0.0138278 0.0453658 0.998874 0.111173 -0.543363 -0.0658519
FixedParameters: 0 0 0

#Transform 74
Transform: AffineTransform_float_3_3
Parameters: 0.999895 0.00255661 0.0142197 -0.00190936 0.998969 -0.0453729 -0.0143213 0.0453401 0.998869 0.112659 -0.516326 -0.0433515
FixedParameters: 0 0 0

#Transform 75
Transform: AffineTransform_float_3_3
Parameters: 0.999906 0.0023441 0.0135057 -0.00172989 0.998972 -0.0453026 -0.0135983 0.0452754 0.998882 0.121626 -0.563099 -0.0222954
FixedParameters: 0 0 0

#Transform 76
Transform: AffineTransform_float_3_3
Parameters: 0.999919 0.00229569 0.0125096 -0.0017683 0.999114 -0.0420315 -0.0125954 0.0420065 0.999038 0.121002 -0.528495 0.0675862
FixedParameters: 0 0 0

#Transform 77
Transform: AffineTransform_float_3_3
Parameters: 0.999906 0.00166536 0.0136143 -0.0010946 0.999125 -0.0417958 -0.0136727 0.0417762 0.999034 0.123426 -0.547884 -0.0449773
FixedParameters: 0 0 0

#Transform 78
Transform: AffineTransform_float_3_3
Parameters: 0.999914 0.00182354 0.0130364 -0.00127843 0.999131 -0.0416583 -0.0131016 0.0416377 0.999047 0.0920114 -0.581966 -0.00281341
FixedParameters: 0 0 0

#Transform 79
Transform: AffineTransform_float_3_3
Parameters: 0.999931 0.00124554 0.0116607 -0.000735455 0.999045 -0.0436846 -0.0117043 0.0436734 0.998978 0.111866 -0.595915 -0.0246339
FixedParameters: 0 0 0

#Transform 80
Transform: AffineTransform_float_3_3
Parameters: 0.999927 0.00183555 0.0118888 -0.00129244 0.998965 -0.0454837 -0.0119601 0.0454644 0.998895 0.116222 -0.587427 -0.0235709
FixedParameters: 0 0 0

#Transform 81
Transform: AffineTransform_float_3_3
Parameters: 0.999926 0.00142526 0.0121016 -0.000872718 0.99896 -0.045601 -0.0121544 0.0455871 0.998887 0.119033 -0.579935 -0.0168812
FixedParameters: 0 0 0

#Transform 82
Transform: AffineTransform_float_3_3
Parameters: 0.999925 0.00143151 0.0121022 -0.000890456 0.999003 -0.0446321 -0.0121548 0.0446179 0.99893 0.127133 -0.586414 0.0107203
FixedParameters: 0 0 0

#Transform 83
Transform: AffineTransform_float_3_3
Parameters: 0.999908 0.00194594 0.0133731 -0.00139307 0.999148 -0.0412324 -0.0134419 0.0412106 0.99906 0.147647 -0.571894 -0.0476294
FixedParameters: 0 0 0

#Transform 84
Transform: AffineTransform_float_3_3
Parameters: 0.999909 0.00193313 0.0133013 -0.00137988 0.999139 -0.0414691 -0.0133697 0.0414469 0.999051 0.127204 -0.600025 -0.0547168
FixedParameters: 0 0 0

#Transform 85
Transform: AffineTransform_float_3_3
Parameters: 0.999916 0.00139166 0.0128312 -0.000841296 0.999083 -0.0428224 -0.0128798 0.0428077 0.999001 0.131922 -0.604237 -0.0131344
FixedParameters: 0 0 0

#Transform 86
Transform: AffineTransform_float_3_3
Parameters: 0.999952 -0.000642266 0.00977027 0.000877756 0.99971 -0.0240406 -0.00975272 0.0240474 0.999663 0.109696 -0.477013 -0.066946
FixedParameters: 0 0 0

#Transform 87
Transform: AffineTransform_float_3_3
Parameters: 0.99991 0.00184151 0.0132958 -0.00122249 0.998919 -0.0464524 -0.0133672 0.0464326 0.998832 0.127749 -0.612232 -0.0931456
FixedParameters: 0 0 0

#Transform 88
Transform: AffineTransform_float_3_3
Parameters: 0.999904 0.000707909 0.0138911 -5.40907e-05 0.998894 -0.0470183 -0.0139089 0.0470127 0.998798 0.0493505 -0.575466 -0.22048
FixedParameters: 0 0 0

#Transform 89
Transform: AffineTransform_float_3_3
Parameters: 0.999868 0.00122698 0.0161611 -0.000464034 0.998888 -0.0471297 -0.0162009 0.0471163 0.998758 0.0654901 -0.58972 -0.375786
FixedParameters: 0 0 0

#Transform 90
Transform: AffineTransform_float_3_3
Parameters: 0.999893 0.00154151 0.014503 -0.000848499 0.998865 -0.0476344 -0.0145599 0.0476176 0.998759 0.0704266 -0.592092 -0.157912
FixedParameters: 0 0 0

#Transform 91
Transform: AffineTransform_float_3_3
Parameters: 0.99989 0.00158699 0.0147486 -0.00087303 0.998833 -0.0482922 -0.0148074 0.0482738 0.998725 0.0750673 -0.622848 -0.216622
FixedParameters: 0 0 0

#Transform 92
Transform: AffineTransform_float_3_3
Parameters: 0.999903 0.00164067 0.0137828 -0.00100033 0.998927 -0.0462892 -0.0138441 0.0462717 0.998833 0.140397 -0.638564 -0.153686
FixedParameters: 0 0 0

#Transform 93
Transform: AffineTransform_float_3_3
Parameters: 0.999913 0.00192342 0.0129928 -0.0014236 0.999264 -0.0383398 -0.0130562 0.0383172 0.999181 0.157121 -0.595862 0.59672
FixedParameters: 0 0 0

#Transform 94
Transform: AffineTransform_float_3_3
Parameters: 0.999841 0.00431674 0.0172944 -0.00356829 0.999067 -0.0430355 -0.0174636 0.0429674 0.998924 0.152843 -0.625934 0.179914
FixedParameters: 0 0 0

#Transform 95
Transform: AffineTransform_float_3_3
Parameters: 0.999869 0.0020852 0.0160886 -0.00137178 0.999021 -0.0442139 -0.0161654 0.0441861 0.998892 0.143223 -0.63761 0.0945388
FixedParameters: 0 0 0

#Transform 96
Transform: AffineTransform_float_3_3
Parameters: 0.999876 0.0021195 0.0155604 -0.00137152 0.998851 -0.0478932 -0.0156436 0.0478657 0.998732 0.149648 -0.632651 0.0162946
FixedParameters: 0 0 0

#Transform 97
Transform: AffineTransform_float_3_3
Parameters: 0.999856 0.00261319 0.0167303 -0.00174482 0.998661 -0.0516996 -0.0168427 0.0516624 0.998522 0.14948 -0.6272 -0.0732649
FixedParameters: 0 0 0

#Transform 98
Transform: AffineTransform_float_3_3
Parameters: 0.999865 0.00122746 0.0164252 -0.000364552 0.998622 -0.0524691 -0.0164668 0.0524559 0.998488 0.128887 -0.694445 -0.488484
FixedParameters: 0 0 0

#Transform 99
Transform: AffineTransform_float_3_3
Parameters: 0.999875 0.00124682 0.0158081 -0.000404134 0.998584 -0.0532071 -0.015853 0.053194 0.998459 0.0907753 -0.721473 -1.17444
FixedParameters: 0 0 0

#Transform 100
Transform: AffineTransform_float_3_3
Parameters: 0.999837 0.00232531 0.0179404 -0.00132266 0.998448 -0.0556798 -0.0180426 0.0556471 0.998287 0.153239 -0.806196 -0.0574273
FixedParameters: 0 0 0

#Transform 101
Transform: AffineTransform_float_3_3
Parameters: 0.999873 0.00198947 0.015768 -0.00114053 0.99856 -0.0536368 -0.015852 0.0536122 0.998436 0.165677 -0.735885 0.233182
FixedParameters: 0 0 0

#Transform 102
Transform: AffineTransform_float_3_3
Parameters: 0.99988 0.00160878 0.0153715 -0.000851175 0.998789 -0.0491789 -0.0154325 0.049159 0.998671 0.122301 -0.648011 0.490749
FixedParameters: 0 0 0

#Transform 103
Transform: AffineTransform_float_3_3
Parameters: 0.999881 0.00192912 0.0152926 -0.00113385 0.998655 -0.0518335 -0.0153724 0.0518095 0.998538 0.139338 -0.673819 0.254086
FixedParameters: 0 0 0

#Transform 104
Transform: AffineTransform_float_3_3
Parameters: 0.999881 0.00286253 0.015202 -0.00210647 0.998772 -0.0494849 -0.015325 0.049447 0.998659 0.155715 -0.66798 0.688946
FixedParameters: 0 0 0

#Transform 105
Transform: AffineTransform_float_3_3
Parameters: 0.999943 0.00855766 0.00629689 -0.00940835 0.988566 0.150496 -0.00493705 -0.150547 0.98859 0.050226 1.05096 3.9895
FixedParameters: 0 0 0

#Transform 106
Transform: AffineTransform_float_3_3
Parameters: 0.99998 0.00547936 -0.00319384 -0.00494162 0.988812 0.149086 0.00397511 -0.149067 0.988819 -0.0742604 1.21978 2.68663
FixedParameters: 0 0 0

#Transform 107
Transform: AffineTransform_float_3_3
Parameters: 0.999989 0.00395813 -0.00261338 -0.00358179 0.991389 0.1309 0.00310959 -0.130889 0.991392 -0.103038 0.909754 2.06935
FixedParameters: 0 0 0

#Transform 108
Transform: AffineTransform_float_3_3
Parameters: 0.999984 0.00476959 -0.00298349 -0.00439047 0.993229 0.116092 0.00351644 -0.116077 0.993234 -0.169624 0.681723 0.323887
FixedParameters: 0 0 0

#Transform 109
Transform: AffineTransform_float_3_3
Parameters: 0.999998 0.00168462 -0.00125509 -0.00153839 0.994058 0.108847 0.00143095 -0.108845 0.994057 -0.137727 0.655605 0.669177
FixedParameters: 0 0 0

#Transform 110
Transform: AffineTransform_float_3_3
Parameters: 0.999998 0.00111086 -0.00171236 -0.000923187 0.994418 0.105502 0.00181955 -0.1055 0.994417 -0.140306 0.633398 0.68015
FixedParameters: 0 0 0

#Transform 111
Transform: AffineTransform_float_3_3
Parameters: 0.99999 -0.000149869 -0.0043455 0.00055918 0.995544 0.0943035 0.00431248 -0.0943046 0.995534 -0.125975 0.57111 0.728641
FixedParameters: 0 0 0

#Transform 112
Transform: AffineTransform_float_3_3
Parameters: 0.999991 -0.00157579 -0.00377568 0.00191424 0.99582 0.0913165 0.0036163 -0.0913225 0.995815 -0.146845 0.558706 0.826082
FixedParameters: 0 0 0

#Transform 113
Transform: AffineTransform_float_3_3
Parameters: 0.999978 -0.00226436 -0.00625278 0.00276267 0.996716 0.0809276 0.00604925 -0.0809425 0.996701 -0.12229 0.468687 0.838815
FixedParameters: 0 0 0

#Transform 114
Transform: AffineTransform_float_3_3
Parameters: 0.999993 -0.00251638 -0.0027437 0.00270456 0.997496 0.0706701 0.00255826 -0.0706769 0.997496 -0.0916976 0.38759 0.90796
FixedParameters: 0 0 0

#Transform 115
Transform: AffineTransform_float_3_3
Parameters: 0.999996 -0.00217856 -0.00177023 0.00230242 0.997282 0.0736352 0.00160481 -0.0736387 0.997283 -0.0852755 0.378862 0.934553
FixedParameters: 0 0 0

#Transform 116
Transform: AffineTransform_float_3_3
Parameters: 0.999989 -0.00359597 -0.00305005 0.00378803 0.997847 0.0654842 0.00280795 -0.0654948 0.997849 -0.0747136 0.344585 1.34994
FixedParameters: 0 0 0

#Transform 117
Transform: AffineTransform_float_3_3
Parameters: 0.999987 -0.00411647 -0.00308317 0.00430351 0.997995 0.0631576 0.00281679 -0.0631704 0.997999 -0.0174762 0.343188 1.1331
FixedParameters: 0 0 0

#Transform 118
Transform: AffineTransform_float_3_3
Parameters: 0.999995 -0.00308346 -0.000785834 0.00313056 0.997652 0.0684259 0.000573128 -0.0684281 0.997656 -0.00114205 0.357836 1.04434
FixedParameters: 0 0 0

#Transform 119
Transform: AffineTransform_float_3_3
Parameters: 0.999992 -0.00299581 -0.00243633 0.00315116 0.997787 0.0664078 0.00223165 -0.0664141 0.997789 -0.0255141 0.343953 1.09206
FixedParameters: 0 0 0

#Transform 120
Transform: AffineTransform_float_3_3
Parameters: 0.999989 -0.00469682 -0.000470005 0.00471617 0.998357 0.0571094 0.000200987 -0.0571106 0.998368 0.00652298 0.236459 1.21768
FixedParameters: 0 0 0

#Transform 121
Transform: AffineTransform_float_3_3
Parameters: 0.999976 -0.00693593 -0.000442289 0.0069491 0.998893 0.0465401 0.000119708 -0.046542 0.998917 0.0394375 0.143596 0.84299
FixedParameters: 0 0 0

#Transform 122
Transform: AffineTransform_float_3_3
Parameters: 0.99995 -0.00646098 0.00766441 0.00614504 0.999159 0.0405571 -0.00791958 -0.0405079 0.999148 0.106176 -0.0111407 0.253283
FixedParameters: 0 0 0

#Transform 123
Transform: AffineTransform_float_3_3
Parameters: 0.999533 -0.0143872 0.0269685 0.0125008 0.997548 0.0688503 -0.0278924 -0.0684807 0.997263 0.344688 0.0247412 -2.13222
FixedParameters: 0 0 0

#Transform 124
Transform: AffineTransform_float_3_3
Parameters: 0.999942 -0.00632733 0.00877638 0.00560362 0.996769 0.0801259 -0.0092556 -0.0800721 0.996746 0.0901074 -0.698266 -3.27585
FixedParameters: 0 0 0

#Transform 125
Transform: AffineTransform_float_3_3
Parameters: 0.99989 -0.00782467 0.0126159 0.00717233 0.998674 0.0509741 -0.0129981 -0.0508779 0.998621 0.342193 -0.308497 -2.07337
FixedParameters: 0 0 0

#Transform 126
Transform: AffineTransform_float_3_3
Parameters: 0.999821 -0.0101041 0.0160408 0.010048 0.999943 0.00357082 -0.0160762 -0.00340918 0.999865 -0.00718754 -0.512839 -1.79842
FixedParameters: 0 0 0

#Transform 127
Transform: AffineTransform_float_3_3
Parameters: 0.999977 0.00299992 0.0060847 -0.00383812 0.989747 0.142776 -0.00559429 -0.142796 0.989737 -0.24075 0.0287211 -3.19694
FixedParameters: 0 0 0

#Transform 128
Transform: AffineTransform_float_3_3
Parameters: 0.999846 -0.00243201 0.0173694 0.00233299 0.999981 0.0057184 -0.0173826 -0.0056766 0.999833 0.068636 -0.678017 -0.314457
FixedParameters: 0 0 0

#Transform 129
Transform: AffineTransform_float_3_3
Parameters: 0.999821 -0.0113613 0.0151681 0.0111977 0.999879 0.0108068 -0.015289 -0.0106352 0.999827 -0.25526 0.0390926 0.925799
FixedParameters: 0 0 0

#Transform 130
Transform: AffineTransform_float_3_3
Parameters: 0.99992 -0.0081985 0.00968927 0.00803851 0.999834 0.0163872 -0.00982173 -0.0163078 0.999819 0.0735862 -0.277257 1.42816
FixedParameters: 0 0 0

#Transform 131
Transform: AffineTransform_float_3_3
Parameters: 0.999895 -0.00674578 0.0128365 0.0064252 0.99967 0.0248691 -0.0130005 -0.0247839 0.999609 0.0760124 -0.320276 1.94672
FixedParameters: 0 0 0

#Transform 132
Transform: AffineTransform_float_3_3
Parameters: 0.999929 -0.00887362 0.00793041 0.0086784 0.999666 0.0243695 -0.00814359 -0.0242985 0.999671 -0.0121354 -0.290028 -0.0422797
FixedParameters: 0 0 0

#Transform 133
Transform: AffineTransform_float_3_3
Parameters: 0.999948 -0.00977388 0.00312522 0.00966913 0.999442 0.0319759 -0.00343579 -0.0319441 0.999484 -0.0139443 -0.294274 0.0478582
FixedParameters: 0 0 0

#Transform 134
Transform: AffineTransform_float_3_3
Parameters: 0.999948 -0.00970541 0.00330686 0.00960861 0.999554 0.0282953 -0.00358017 -0.0282628 0.999594 -0.00428187 -0.305862 0.102588
FixedParameters: 0 0 0

#Transform 135
Transform: AffineTransform_float_3_3
Parameters: 0.999949 -0.00796633 0.00611337 0.00778767 0.999559 0.0286611 -0.00633862 -0.028612 0.999571 -0.00856763 -0.302358 0.197767
FixedParameters: 0 0 0

#Transform 136
Transform: AffineTransform_float_3_3
Parameters: 0.999937 -0.00898348 0.00676077 0.0087715 0.99949 0.0306862 -0.00703321 -0.0306247 0.999506 -0.014009 -0.27067 0.192611
FixedParameters: 0 0 0

#Transform 137
Transform: AffineTransform_float_3_3
Parameters: 0.999929 -0.0100006 0.00650869 0.00983836 0.99965 0.0245568 -0.00675232 -0.0244912 0.999677 -0.00284933 -0.31182 0.239665
FixedParameters: 0 0 0

#Transform 138
Transform: AffineTransform_float_3_3
Parameters: 0.999937 -0.0100096 0.0051761 0.00988443 0.99967 0.0237387 -0.00541291 -0.0236853 0.999705 -0.0708018 -0.26476 -0.0118902
FixedParameters: 0 0 0

#Transform 139
Transform: AffineTransform_float_3_3
Parameters: 0.999945 -0.0094697 0.00453966 0.0093683 0.999715 0.0219257 -0.00474534 -0.0218813 0.99975 -0.0205483 -0.260749 0.224211
FixedParameters: 0 0 0

#Transform 140
Transform: AffineTransform_float_3_3
Parameters: 0.999942 -0.00805869 0.00721821 0.00801231 0.999947 0.00647421 -0.00726979 -0.00641579 0.999953 0.0357969 -0.394611 0.397877
FixedParameters: 0 0 0

#Transform 141
Transform: AffineTransform_float_3_3
Parameters: 0.999941 -0.00705955 0.00831857 0.00695446 0.999896 0.0126496 -0.00840645 -0.0125914 0.999886 0.00535668 -0.332049 0.349079
FixedParameters: 0 0 0

#Transform 142
Transform: AffineTransform_float_3_3
Parameters: 0.999928 -0.00883715 0.0080975 0.00871186 0.999844 0.0153627 -0.00823149 -0.0152904 0.999849 -0.0257354 -0.261217 -0.590874
FixedParameters: 0 0 0

#Transform 143
Transform: AffineTransform_float_3_3
Parameters: 0.999622 -0.0127435 0.0243321 0.0111015 0.997725 0.0664852 -0.0251239 -0.0661898 0.99749 -0.0187436 -0.0917663 -1.55177
FixedParameters: 0 0 0

#Transform 144
Transform: AffineTransform_float_3_3
Parameters: 0.999657 -0.0151786 0.021318 0.0135683 0.997186 0.0737225 -0.022377 -0.0734074 0.997051 0.0729381 -0.076401 -1.30903
FixedParameters: 0 0 0

#Transform 145
Transform: AffineTransform_float_3_3
Parameters: 0.999702 -0.0112658 0.0216506 0.0095672 0.996983 0.0770251 -0.0224535 -0.0767959 0.996794 0.0312321 0.0560275 -0.826875
FixedParameters: 0 0 0

#Transform 146
Transform: AffineTransform_float_3_3
Parameters: 0.999936 -0.00961677 0.00592513 0.00922024 0.997937 0.0635457 -0.00652383 -0.0634864 0.997962 -0.0399191 -0.0670152 -0.688636
FixedParameters: 0 0 0

#Transform 147
Transform: AffineTransform_float_3_3
Parameters: 0.999891 -0.0104546 0.0103661 0.00982841 0.998224 0.0587573 -0.0109619 -0.0586488 0.998219 -0.000928583 0.074388 -0.0782378
FixedParameters: 0 0 0

#Transform 148
Transform: AffineTransform_float_3_3
Parameters: 0.999814 -0.0127262 0.0144849 0.0111008 0.994173 0.107224 -0.0157651 -0.107042 0.99413 0.153896 0.557651 -0.371195
FixedParameters: 0 0 0

#Transform 149
Transform: AffineTransform_float_3_3
Parameters: 0.99985 -0.0117923 0.0126288 0.0107737 0.996905 0.0778727 -0.0135082 -0.0777253 0.996884 0.143026 0.264154 -0.213461
FixedParameters: 0 0 0

#Transform 150
Transform: AffineTransform_float_3_3
Parameters: 0.999682 -0.0114279 0.0225105 0.0107671 0.999513 0.0292667 -0.0228335 -0.0290153 0.999318 0.114555 -0.190567 -0.247768
FixedParameters: 0 0 0

#Transform 151
Transform: AffineTransform_float_3_3
Parameters: 0.999741 -0.00979004 0.0205441 0.00914097 0.999464 0.031452 -0.0208409 -0.0312561 0.999294 0.105675 -0.176446 -0.327812
FixedParameters: 0 0 0

#Transform 152
Transform: AffineTransform_float_3_3
Parameters: 0.999756 -0.00919375 0.0201187 0.00856724 0.999483 0.0309709 -0.0203933 -0.030791 0.999318 0.101769 -0.196166 -0.278518
FixedParameters: 0 0 0

#Transform 153
Transform: AffineTransform_float_3_3
Parameters: 0.99969 -0.00924453 0.0231121 0.00844848 0.999375 0.0343269 -0.0234149 -0.0341211 0.999144 0.130141 -0.209343 -0.726881
FixedParameters: 0 0 0

#Transform 154
Transform: AffineTransform_float_3_3
Parameters: 0.999773 -0.00933869 0.0191817 0.00845135 0.998912 0.0458485 -0.0195883 -0.0456765 0.998764 0.0635621 -0.105243 -0.813417
FixedParameters: 0 0 0

#Transform 155
Transform: AffineTransform_float_3_3
Parameters: 0.999668 -0.00591557 0.025079 0.00468941 0.998803 0.0486888 -0.025337 -0.0485542 0.998499 -0.152166 0.0135778 -0.609091
FixedParameters: 0 0 0
