# transform file /out/sourcedata/freesurfer/sub-v1s3x0050784_ses-1/mri/transforms/cc_up.lta
# created by oesteban on Tue Mar 10 01:22:56 2026

type      = 0 # LINEAR_VOX_TO_VOX
nxforms   = 1
mean      = 131.0000 127.0000 127.0000
sigma     = 10000.0000
1 4 4
9.901753067970276e-01 -6.546999514102936e-02 1.235576122999191e-01 -7.146665096282959e+00 
6.496615707874298e-02 9.978544712066650e-01 8.106708526611328e-03 1.881366729736328e+00 
-1.238232702016830e-01 9.313225746154785e-10 9.923042654991150e-01 2.291208076477051e+01 
0.000000000000000e+00 0.000000000000000e+00 0.000000000000000e+00 1.000000000000000e+00 
src volume info
valid = 1  # volume info valid
filename = /out/sourcedata/freesurfer/sub-v1s3x0050784_ses-1/mri/norm.mgz
volume = 256 256 256
voxelsize = 1.000000000000000e+00 1.000000000000000e+00 1.000000000000000e+00
xras   = -9.999999403953552e-01 0.000000000000000e+00 0.000000000000000e+00
yras   = 0.000000000000000e+00 0.000000000000000e+00 -9.999999403953552e-01
zras   = 0.000000000000000e+00 1.000000000000000e+00 0.000000000000000e+00
cras   = 1.399193572998047e+01 -8.047958374023438e+00 -1.050183868408203e+01
dst volume info
valid = 1  # volume info valid
filename = /out/sourcedata/freesurfer/sub-v1s3x0050784_ses-1/mri/norm.mgz
volume = 256 256 256
voxelsize = 1.000000000000000e+00 1.000000000000000e+00 1.000000000000000e+00
xras   = -9.999999403953552e-01 0.000000000000000e+00 0.000000000000000e+00
yras   = 0.000000000000000e+00 0.000000000000000e+00 -9.999999403953552e-01
zras   = 0.000000000000000e+00 1.000000000000000e+00 0.000000000000000e+00
cras   = 1.399193572998047e+01 -8.047958374023438e+00 -1.050183868408203e+01
