#Insight Transform File V1.0
#Transform 0
Transform: AffineTransform_float_3_3
Parameters: 1 2.78052e-07 0.000204 2.78052e-07 0.999999 -0.001363 -0.000204 0.001363 0.999999 -0.028656 0.0632001 -0.0284511
FixedParameters: 0 0 0

#Transform 1
Transform: AffineTransform_float_3_3
Parameters: 1 0.000195786 -0.000440095 -0.000196214 1 -0.000486914 0.000439904 0.000487086 1 -0.0351466 0.0514705 0.0366817
FixedParameters: 0 0 0

#Transform 2
Transform: AffineTransform_float_3_3
Parameters: 1 3.1836e-08 2.8e-05 3.1836e-08 1 -0.001137 -2.8e-05 0.001137 1 -0.0334395 0.0477254 -0.0386271
FixedParameters: 0 0 0

#Transform 3
Transform: AffineTransform_float_3_3
Parameters: 1 -4.47978e-07 -0.000394 -4.47978e-07 1 -0.001137 0.000394 0.001137 1 -0.02657 0.0306796 -0.0502449
FixedParameters: 0 0 0

#Transform 4
Transform: AffineTransform_float_3_3
Parameters: 1 1.5176e-08 2.8e-05 1.5176e-08 1 -0.000542 -2.8e-05 0.000542 1 -0.0384553 0.0582927 -0.0334124
FixedParameters: 0 0 0

#Transform 5
Transform: AffineTransform_float_3_3
Parameters: 1 0.000143762 -0.000275124 -0.000144238 0.999999 -0.00086496 0.000274875 0.000865039 0.999999 -0.0271105 0.041726 -0.0491501
FixedParameters: 0 0 0

#Transform 6
Transform: AffineTransform_float_3_3
Parameters: 1 -4.16564e-07 -0.000446 -4.16564e-07 0.999999 -0.000934 0.000446 0.000934 1 -0.023923 0.0177902 -0.0632043
FixedParameters: 0 0 0

#Transform 7
Transform: AffineTransform_float_3_3
Parameters: 1 -5.78016e-07 -0.000446 4.21983e-07 0.999999 -0.001296 0.000446001 0.001296 0.999999 -0.0238653 0.0237077 -0.102817
FixedParameters: 0 0 0

#Transform 8
Transform: AffineTransform_float_3_3
Parameters: 1 -7.00392e-07 -0.000616 2.99607e-07 1 -0.001137 0.000616001 0.001137 0.999999 -0.0201684 0.0151641 -0.0694086
FixedParameters: 0 0 0

#Transform 9
Transform: AffineTransform_float_3_3
Parameters: 1 -5.15449e-07 -0.000517 4.8455e-07 0.999999 -0.000997 0.000517001 0.000997 1 -0.0131891 8.26486e-06 -0.0701605
FixedParameters: 0 0 0

#Transform 10
Transform: AffineTransform_float_3_3
Parameters: 1 -3.65848e-07 -0.000376 -3.65848e-07 0.999999 -0.000973 0.000376 0.000973 1 -0.0230341 0.029997 -0.0427363
FixedParameters: 0 0 0

#Transform 11
Transform: AffineTransform_float_3_3
Parameters: 1 -2.68938e-07 -0.000446 -2.68938e-07 1 -0.000603 0.000446 0.000603 0.999999 -0.0254708 0.0281866 -0.00535139
FixedParameters: 0 0 0

#Transform 12
Transform: AffineTransform_float_3_3
Parameters: 1 0.000136747 -0.000450077 -0.000136253 1 -0.000561938 0.000449923 0.000562061 0.999999 -0.0323018 0.0281427 0.0278713
FixedParameters: 0 0 0

#Transform 13
Transform: AffineTransform_float_3_3
Parameters: 1 4.587e-05 -0.000432014 -4.613e-05 1 -0.00030098 0.000431986 0.00030102 1 -0.032634 0.0267876 -0.00216846
FixedParameters: 0 0 0

#Transform 14
Transform: AffineTransform_float_3_3
Parameters: 1 1.30759e-05 -0.000375997 -1.3924e-05 1 0.000202005 0.000376003 -0.000201995 1 -0.0248349 0.032371 0.011962
FixedParameters: 0 0 0

#Transform 15
Transform: AffineTransform_float_3_3
Parameters: 1 -8.39041e-05 -0.000376021 8.40959e-05 1 0.000254968 0.000375978 -0.000255032 1 -0.0244078 0.0241523 0.0135041
FixedParameters: 0 0 0

#Transform 16
Transform: AffineTransform_float_3_3
Parameters: 1 1.3097e-05 -0.000375997 -1.3903e-05 1 0.000258005 0.000376004 -0.000257995 1 -0.0223419 0.0104106 0.00330177
FixedParameters: 0 0 0

#Transform 17
Transform: AffineTransform_float_3_3
Parameters: 1 1.30023e-05 2.69989e-05 -1.29977e-05 1 -8.50004e-05 -2.70011e-05 8.49996e-05 1 -0.0206166 0.025826 -0.0254034
FixedParameters: 0 0 0

#Transform 18
Transform: AffineTransform_float_3_3
Parameters: 1 1.31914e-05 -0.000375993 -1.38086e-05 1 0.000509005 0.000376007 -0.000508995 1 -0.018611 0.0274879 0.00395124
FixedParameters: 0 0 0

#Transform 19
Transform: AffineTransform_float_3_3
Parameters: 1 1.30329e-05 -0.000188998 -1.29671e-05 1 0.000174002 0.000189002 -0.000173998 1 -0.0160317 0.0187221 0.00283849
FixedParameters: 0 0 0

#Transform 20
Transform: AffineTransform_float_3_3
Parameters: 1 9.00109e-05 0.000127992 -8.99891e-05 1 -8.50115e-05 -0.000128008 8.49885e-05 1 -0.00803145 0.00853452 -0.0122727
FixedParameters: 0 0 0

#Transform 21
Transform: AffineTransform_float_3_3
Parameters: 1 1.29405e-05 0.000177004 -1.30595e-05 1 0.000335998 -0.000176996 -0.000336002 1 -0.012547 0.0338522 0.0157165
FixedParameters: 0 0 0

#Transform 22
Transform: AffineTransform_float_3_3
Parameters: 1 1.31247e-05 0.000243993 -1.38753e-05 1 -0.000511003 -0.000244007 0.000510997 1 -0.0194069 0.0209566 -0.00131433
FixedParameters: 0 0 0

#Transform 23
Transform: AffineTransform_float_3_3
Parameters: 1 1.31053e-05 0.000328996 -1.38947e-05 1 -0.000320005 -0.000329004 0.000319996 1 -0.0247743 0.0109338 -0.0111029
FixedParameters: 0 0 0

#Transform 24
Transform: AffineTransform_float_3_3
Parameters: 1 1.31403e-05 0.000323994 -1.38597e-05 1 -0.000433004 -0.000324006 0.000432996 1 -0.0289337 0.0186821 -0.0218896
FixedParameters: 0 0 0

#Transform 25
Transform: AffineTransform_float_3_3
Parameters: 1 1.30562e-05 0.000202996 -1.29438e-05 1 -0.000277003 -0.000203004 0.000276997 1 -0.0284192 0.0267824 -0.0174706
FixedParameters: 0 0 0

#Transform 26
Transform: AffineTransform_float_3_3
Parameters: 1 1.29826e-05 0.000189001 -1.30174e-05 1 9.19975e-05 -0.000188999 -9.20025e-05 1 -0.0317714 0.0249974 0.0214592
FixedParameters: 0 0 0

#Transform 27
Transform: AffineTransform_float_3_3
Parameters: 1 1.29815e-05 0.000280001 -1.30185e-05 1 6.59964e-05 -0.000279999 -6.60036e-05 1 -0.0386203 0.025124 0.0571014
FixedParameters: 0 0 0

#Transform 28
Transform: AffineTransform_float_3_3
Parameters: 1 8.87905e-05 0.000585032 -8.82094e-05 1 0.000357948 -0.000584968 -0.000358052 1 -0.0462082 0.0237381 0.0509432
FixedParameters: 0 0 0

#Transform 29
Transform: AffineTransform_float_3_3
Parameters: 1 1.31234e-05 0.000524997 -1.38766e-05 1 -0.000235007 -0.000525003 0.000234993 1 -0.0373692 0.0264081 0.0820368
FixedParameters: 0 0 0

#Transform 30
Transform: AffineTransform_float_3_3
Parameters: 1 1.29545e-05 0.000140004 -1.30455e-05 1 0.000324998 -0.000139996 -0.000325002 1 -0.0526636 0.0238688 0.112379
FixedParameters: 0 0 0

#Transform 31
Transform: AffineTransform_float_3_3
Parameters: 1 1.2964e-05 7.10066e-05 -1.3036e-05 1 0.000506999 -7.09934e-05 -0.000507001 1 -0.0554188 0.02762 0.130819
FixedParameters: 0 0 0

#Transform 32
Transform: AffineTransform_float_3_3
Parameters: 1 0.000252957 0.000574461 -0.000253043 0.999999 0.00181686 -0.000573541 -0.00181715 0.999998 -0.0628347 0.0570343 0.196412
FixedParameters: 0 0 0

#Transform 33
Transform: AffineTransform_float_3_3
Parameters: 1 0.00018884 0.000284106 -0.00018916 1 0.000563946 -0.000283893 -0.000564053 1 -0.0611892 0.0161157 0.163853
FixedParameters: 0 0 0

#Transform 34
Transform: AffineTransform_float_3_3
Parameters: 1 1.28806e-05 0.000167009 -1.31194e-05 0.999999 0.000714997 -0.000166991 -0.000715002 0.999999 -0.0635306 0.0318796 0.156914
FixedParameters: 0 0 0

#Transform 35
Transform: AffineTransform_float_3_3
Parameters: 1 0.000140821 0.00035707 -0.000140179 1 0.00050095 -0.00035693 -0.00050105 1 -0.0691987 0.0329667 0.142387
FixedParameters: 0 0 0

#Transform 36
Transform: AffineTransform_float_3_3
Parameters: 1 0.000464665 0.000461337 -0.000465334 0.999999 0.000724785 -0.000460662 -0.000725214 0.999999 -0.0710721 0.0212091 0.125816
FixedParameters: 0 0 0

#Transform 37
Transform: AffineTransform_float_3_3
Parameters: 0.999999 0.000464296 0.000567576 -0.000465704 0.999999 0.00123974 -0.000567423 -0.00124026 0.999999 -0.0743194 0.012322 0.145751
FixedParameters: 0 0 0

#Transform 38
Transform: AffineTransform_float_3_3
Parameters: 1 0.000126616 0.000280174 -0.000127384 0.999999 0.00137196 -0.000279825 -0.00137204 0.999999 -0.0718771 0.0287359 0.146882
FixedParameters: 0 0 0

#Transform 39
Transform: AffineTransform_float_3_3
Parameters: 1 0.000358645 0.000319399 -0.000359355 1 0.00111189 -0.000318601 -0.00111212 1 -0.074843 0.00768877 0.148287
FixedParameters: 0 0 0

#Transform 40
Transform: AffineTransform_float_3_3
Parameters: 1 0.000464626 0.000493352 -0.000465374 0.999999 0.00075877 -0.000492647 -0.000758228 0.999999 -0.074183 0.00578945 0.13344
FixedParameters: 0 0 0

#Transform 41
Transform: AffineTransform_float_3_3
Parameters: 1 0.000281735 0.000415179 -0.000282264 1 0.000636883 -0.00041482 -0.000637117 0.999999 -0.0703577 0.00927264 0.134773
FixedParameters: 0 0 0

#Transform 42
Transform: AffineTransform_float_3_3
Parameters: 0.999999 0.000433008 0.00072859 -0.000433993 0.999999 0.00136268 -0.000728409 -0.00136232 0.999999 -0.0823589 -0.00753238 0.156581
FixedParameters: 0 0 0

#Transform 43
Transform: AffineTransform_float_3_3
Parameters: 1 0.000306345 0.000968208 -0.000307655 0.999999 0.000675702 -0.000968793 -0.000676297 1 -0.0881998 -0.0205213 0.128773
FixedParameters: 0 0 0

#Transform 44
Transform: AffineTransform_float_3_3
Parameters: 1 0.000467815 0.000402215 -0.000468185 1 0.000459812 -0.000401784 -0.000460188 1 -0.0828364 -0.0175657 0.136567
FixedParameters: 0 0 0

#Transform 45
Transform: AffineTransform_float_3_3
Parameters: 0.999999 0.000577604 0.00061637 -0.000578395 0.999999 0.000641643 -0.000615629 -0.000641355 0.999999 -0.100855 -0.000355366 0.135507
FixedParameters: 0 0 0

#Transform 46
Transform: AffineTransform_float_3_3
Parameters: 1 0.00039587 0.000546094 -0.000396129 1 0.000236784 -0.000546906 -0.000237216 1 -0.0893241 -0.00637963 0.129524
FixedParameters: 0 0 0

#Transform 47
Transform: AffineTransform_float_3_3
Parameters: 1 0.000484807 0.000300311 -0.000484192 0.999999 0.000641854 -0.000299689 -0.000642145 0.999999 -0.0802591 -0.00344482 0.127472
FixedParameters: 0 0 0

#Transform 48
Transform: AffineTransform_float_3_3
Parameters: 1 0.000479845 0.000241308 -0.000480154 0.999999 0.000641884 -0.000240692 -0.000642115 1 -0.083226 -0.00226593 0.111731
FixedParameters: 0 0 0

#Transform 49
Transform: AffineTransform_float_3_3
Parameters: 1 0.000410732 0.000519211 -0.000410267 1 0.000514787 -0.000518788 -0.000515213 0.999999 -0.0840575 -0.00776894 0.116209
FixedParameters: 0 0 0

#Transform 50
Transform: AffineTransform_float_3_3
Parameters: 0.999999 0.000535382 0.000693478 -0.000535619 1 0.00089163 -0.000693523 -0.000891372 1 -0.0910409 -0.00281628 0.138594
FixedParameters: 0 0 0

#Transform 51
Transform: AffineTransform_float_3_3
Parameters: 0.999999 0.000600667 0.000519385 -0.000601333 0.999999 0.000641687 -0.000519614 -0.000641312 0.999999 -0.0938582 -0.00870442 0.147194
FixedParameters: 0 0 0

#Transform 52
Transform: AffineTransform_float_3_3
Parameters: 0.999997 0.00196296 0.000938171 -0.00196404 0.999998 0.00110516 -0.000935828 -0.00110684 0.999999 -0.190064 -0.00058055 0.130552
FixedParameters: 0 0 0

#Transform 53
Transform: AffineTransform_float_3_3
Parameters: 0.999998 0.00142925 0.00154869 -0.00142975 0.999999 0.000483787 -0.00154831 -0.000486214 0.999998 -0.120802 -0.0398174 0.135852
FixedParameters: 0 0 0

#Transform 54
Transform: AffineTransform_float_3_3
Parameters: 1 0.00105492 0.000292287 -0.00105508 1 0.000271692 -0.000291713 -0.000272308 1 -0.122016 -0.00229028 0.138261
FixedParameters: 0 0 0

#Transform 55
Transform: AffineTransform_float_3_3
Parameters: 0.999984 -0.00455932 0.00335982 0.00456769 0.999986 -0.0025817 -0.00334819 0.00259631 0.999991 0.290123 0.0106065 0.159231
FixedParameters: 0 0 0

#Transform 56
Transform: AffineTransform_float_3_3
Parameters: 0.999997 -0.00226891 0.00104337 0.00227009 0.999997 -0.00104163 -0.00104063 0.00104436 0.999999 0.102037 -0.00391004 0.140243
FixedParameters: 0 0 0

#Transform 57
Transform: AffineTransform_float_3_3
Parameters: 0.999992 -0.00312117 0.00259761 0.00312483 0.999994 -0.00147389 -0.00259239 0.0014811 0.999995 0.173735 -0.0177462 0.0613207
FixedParameters: 0 0 0

#Transform 58
Transform: AffineTransform_float_3_3
Parameters: 0.999993 -0.00315587 0.00172824 0.00315613 0.999995 -7.3546e-05 -0.00172776 7.84531e-05 0.999999 0.149574 -0.0271599 0.1335
FixedParameters: 0 0 0

#Transform 59
Transform: AffineTransform_float_3_3
Parameters: 0.999999 -0.000893587 0.000847437 0.000893414 1 -0.000488243 -0.000846564 0.000488757 0.999999 0.0283312 -0.016044 0.126313
FixedParameters: 0 0 0

#Transform 60
Transform: AffineTransform_float_3_3
Parameters: 0.999999 -0.000728667 0.00150109 0.000734333 0.999991 -0.0042229 -0.00149791 0.0042241 0.99999 -0.00695884 -0.0324854 -0.0324562
FixedParameters: 0 0 0

#Transform 61
Transform: AffineTransform_float_3_3
Parameters: 0.999999 -0.000413269 0.00124691 0.000415731 0.999998 -0.00219048 -0.00124609 0.00219152 0.999997 -0.105871 -0.0172552 -0.0582843
FixedParameters: 0 0 0

#Transform 62
Transform: AffineTransform_float_3_3
Parameters: 1 0.000107083 0.00117572 -0.000103916 0.999996 -0.00262212 -0.00117628 0.00262187 0.999996 -0.177185 -0.0443187 -0.120829
FixedParameters: 0 0 0

#Transform 63
Transform: AffineTransform_float_3_3
Parameters: 1 -0.000462607 0.000973142 0.000464392 0.999997 -0.00245955 -0.000971861 0.00246045 0.999997 -0.112301 -0.0189614 0.00894253
FixedParameters: 0 0 0

#Transform 64
Transform: AffineTransform_float_3_3
Parameters: 0.999999 -0.000485917 0.00131215 0.000489083 0.999997 -0.00235036 -0.00131085 0.00235064 0.999997 -0.113567 -0.0664141 -0.00276724
FixedParameters: 0 0 0

#Transform 65
Transform: AffineTransform_float_3_3
Parameters: 0.999999 -0.000698791 0.00167167 0.000698208 0.999999 0.000474168 -0.00167233 -0.000472832 0.999998 -0.0929973 0.00059299 0.214837
FixedParameters: 0 0 0

#Transform 66
Transform: AffineTransform_float_3_3
Parameters: 0.999998 -0.000649476 0.00152737 0.000647524 1 0.000966991 -0.00152763 -0.00096601 0.999999 -0.0923514 -0.049357 0.226051
FixedParameters: 0 0 0

#Transform 67
Transform: AffineTransform_float_3_3
Parameters: 0.999998 -0.000911937 0.00164259 0.000913065 1 -0.000647502 -0.00164241 0.000648499 0.999999 -0.0603483 -0.0583739 0.166598
FixedParameters: 0 0 0

#Transform 68
Transform: AffineTransform_float_3_3
Parameters: 0.999998 -0.00105132 0.00164971 0.00105368 0.999998 -0.00162627 -0.00164829 0.00162774 0.999998 -0.0598377 -0.0392543 0.241048
FixedParameters: 0 0 0

#Transform 69
Transform: AffineTransform_float_3_3
Parameters: 0.999999 -0.000257097 0.00127218 0.000257903 0.999999 -0.000709672 -0.00127182 0.000710327 0.999999 -0.0958377 -0.0426726 0.246857
FixedParameters: 0 0 0

#Transform 70
Transform: AffineTransform_float_3_3
Parameters: 0.999995 -0.00070836 0.00306524 0.000717642 0.999995 -0.00314482 -0.00306376 0.00314719 0.999991 -0.0542372 -0.0743334 0.168379
FixedParameters: 0 0 0

#Transform 71
Transform: AffineTransform_float_3_3
Parameters: 0.999994 -0.00128182 0.00323046 0.00128718 0.999998 -0.00191285 -0.00322754 0.00191715 0.999993 -0.0358494 -0.0546456 0.291343
FixedParameters: 0 0 0

#Transform 72
Transform: AffineTransform_float_3_3
Parameters: 0.999996 -0.00128576 0.00225828 0.00128724 0.999998 -0.000991096 -0.00225772 0.000993906 0.999997 0.00438819 -0.10057 0.124535
FixedParameters: 0 0 0

#Transform 73
Transform: AffineTransform_float_3_3
Parameters: 0.999995 -0.00163239 0.00296078 0.00163161 0.999998 0.000134832 -0.00296122 -0.000130167 0.999995 0.0114315 -0.100525 0.167442
FixedParameters: 0 0 0

#Transform 74
Transform: AffineTransform_float_3_3
Parameters: 0.999987 -0.00266939 0.00428868 0.00269661 0.999977 -0.00621051 -0.00427232 0.00622148 0.999971 0.0751661 -0.216792 -0.0349228
FixedParameters: 0 0 0

#Transform 75
Transform: AffineTransform_float_3_3
Parameters: 0.999983 -0.000604219 0.00576421 0.000652782 0.999966 -0.00829138 -0.00575879 0.00829462 0.999949 -0.000692435 -0.169074 -0.0820051
FixedParameters: 0 0 0

#Transform 76
Transform: AffineTransform_float_3_3
Parameters: 0.999968 -0.00166316 0.00780603 0.00170484 0.999984 -0.00535586 -0.00779697 0.00536914 0.999955 0.124599 -0.121531 0.0407964
FixedParameters: 0 0 0

#Transform 77
Transform: AffineTransform_float_3_3
Parameters: 0.999058 -0.0431747 0.00441262 0.0432323 0.99897 -0.0138293 -0.00381138 0.0140068 0.999894 2.03979 -0.12037 -0.138989
FixedParameters: 0 0 0

#Transform 78
Transform: AffineTransform_float_3_3
Parameters: 0.999989 0.00369458 0.00262956 -0.00363241 0.999727 -0.0230488 -0.00271443 0.0230392 0.999731 -0.48532 -0.148641 -0.136605
FixedParameters: 0 0 0

#Transform 79
Transform: AffineTransform_float_3_3
Parameters: 0.999397 0.024294 0.0247794 -0.023668 0.999401 -0.0252517 -0.0253786 0.0246503 0.999374 -1.21782 -0.190782 0.128931
FixedParameters: 0 0 0

#Transform 80
Transform: AffineTransform_float_3_3
Parameters: 0.999754 0.00525184 0.0215529 -0.00449216 0.999372 -0.0351524 -0.0217241 0.0350475 0.999149 -0.177957 -0.362417 -0.84348
FixedParameters: 0 0 0

#Transform 81
Transform: AffineTransform_float_3_3
Parameters: 0.999832 0.0140033 0.0118321 -0.0136837 0.999551 -0.0266514 -0.0121999 0.0264846 0.999575 -0.975512 -0.260309 -0.71335
FixedParameters: 0 0 0

#Transform 82
Transform: AffineTransform_float_3_3
Parameters: 0.999919 0.00740661 0.0103651 -0.0072714 0.99989 -0.0129644 -0.0104599 0.0128886 0.999862 -0.377038 -0.20709 -0.787481
FixedParameters: 0 0 0

#Transform 83
Transform: AffineTransform_float_3_3
Parameters: 0.999927 0.00833526 0.00881218 -0.00819776 0.999847 -0.0154984 -0.00893983 0.0154256 0.999841 -0.51139 -0.266686 -0.918236
FixedParameters: 0 0 0

#Transform 84
Transform: AffineTransform_float_3_3
Parameters: 0.99926 0.0363965 0.0123984 -0.0360675 0.999017 -0.0257652 -0.0133236 0.0252988 0.999591 -2.82971 -0.369705 -1.22701
FixedParameters: 0 0 0

#Transform 85
Transform: AffineTransform_float_3_3
Parameters: 0.999058 0.0402339 0.0162928 -0.0399241 0.999023 -0.0189183 -0.0170383 0.0182497 0.999689 -2.91158 -0.230895 -1.13229
FixedParameters: 0 0 0

#Transform 86
Transform: AffineTransform_float_3_3
Parameters: 0.999967 0.000838429 0.00810269 -0.000583595 0.999508 -0.0313518 -0.00812428 0.0313462 0.999475 -0.639943 -0.394652 -1.33708
FixedParameters: 0 0 0

#Transform 87
Transform: AffineTransform_float_3_3
Parameters: 0.998808 -0.0344563 -0.0345751 0.0331167 0.998706 -0.038589 0.0358599 0.037398 0.998657 0.662171 -0.534659 -1.87998
FixedParameters: 0 0 0

#Transform 88
Transform: AffineTransform_float_3_3
Parameters: 0.999595 -0.0182243 -0.0218237 0.0172007 0.998785 -0.0461941 0.0226383 0.0458 0.998694 0.136063 -0.551252 -2.16122
FixedParameters: 0 0 0

#Transform 89
Transform: AffineTransform_float_3_3
Parameters: 0.999725 -0.0144165 -0.0185002 0.0135715 0.998893 -0.0450395 0.0191289 0.0447765 0.998814 0.0616502 -0.497523 -2.01487
FixedParameters: 0 0 0

#Transform 90
Transform: AffineTransform_float_3_3
Parameters: 0.999741 -0.0139981 -0.0179823 0.013101 0.99871 -0.0490704 0.0186457 0.0488217 0.998634 0.0714442 -0.5929 -2.22735
FixedParameters: 0 0 0

#Transform 91
Transform: AffineTransform_float_3_3
Parameters: 0.999752 -0.0135902 -0.0176422 0.0126918 0.998665 -0.0500613 0.0182988 0.0498247 0.998591 0.043086 -0.580223 -2.13987
FixedParameters: 0 0 0

#Transform 92
Transform: AffineTransform_float_3_3
Parameters: 0.999803 -0.0121872 -0.0157052 0.0113318 0.998507 -0.0534385 0.0163328 0.0532494 0.998447 0.0322376 -0.619724 -2.1781
FixedParameters: 0 0 0

#Transform 93
Transform: AffineTransform_float_3_3
Parameters: 0.999845 -0.0107944 -0.0139535 0.0100026 0.998399 -0.0556632 0.0145326 0.0555157 0.998352 -0.0101104 -0.578141 -2.14331
FixedParameters: 0 0 0

#Transform 94
Transform: AffineTransform_float_3_3
Parameters: 0.999835 -0.0104132 -0.0148467 0.00959982 0.998504 -0.0538274 0.0153853 0.0536766 0.99844 -0.0797611 -0.584686 -1.90881
FixedParameters: 0 0 0

#Transform 95
Transform: AffineTransform_float_3_3
Parameters: 0.999824 -0.0103863 -0.0155876 0.00953874 0.998524 -0.0534801 0.0161194 0.053322 0.998448 -0.0847375 -0.564576 -1.80332
FixedParameters: 0 0 0

#Transform 96
Transform: AffineTransform_float_3_3
Parameters: 0.999824 -0.0123266 -0.0141056 0.0116183 0.998721 -0.0491935 0.0146943 0.0490204 0.998689 0.0815381 -0.540225 -1.51643
FixedParameters: 0 0 0

#Transform 97
Transform: AffineTransform_float_3_3
Parameters: 0.998994 -0.0420172 -0.0156852 0.0417038 0.998934 -0.019789 0.0165008 0.0191149 0.999681 1.00455 -0.352938 -0.864987
FixedParameters: 0 0 0

#Transform 98
Transform: AffineTransform_float_3_3
Parameters: 0.999996 -0.0012641 0.00254992 0.0013359 0.999596 -0.0283937 -0.00251308 0.0283973 0.999593 -0.158759 -0.517449 -1.49696
FixedParameters: 0 0 0

#Transform 99
Transform: AffineTransform_float_3_3
Parameters: 0.999953 -0.00812884 -0.00517536 0.00775617 0.997628 -0.0683873 0.00571865 0.0683437 0.997646 0.0521276 -0.702519 -2.5332
FixedParameters: 0 0 0

#Transform 100
Transform: AffineTransform_float_3_3
Parameters: 0.999958 -0.00786837 -0.00479679 0.00751569 0.997553 -0.069512 0.00533118 0.069473 0.997569 0.0121842 -0.695636 -2.48724
FixedParameters: 0 0 0

#Transform 101
Transform: AffineTransform_float_3_3
Parameters: 0.999973 -0.00610433 -0.00405368 0.00580164 0.997457 -0.0710374 0.00447737 0.0710116 0.997466 -0.058454 -0.619261 -2.5106
FixedParameters: 0 0 0

#Transform 102
Transform: AffineTransform_float_3_3
Parameters: 0.99984 -0.0170257 -0.00537393 0.0172362 0.998965 0.0420761 0.0046521 -0.0421619 0.9991 0.19882 0.140375 1.68286
FixedParameters: 0 0 0

#Transform 103
Transform: AffineTransform_float_3_3
Parameters: 0.999833 -0.0176463 -0.00462061 0.0178026 0.999188 0.0361467 0.00397838 -0.0362222 0.999336 0.269051 -0.0580008 1.36201
FixedParameters: 0 0 0

#Transform 104
Transform: AffineTransform_float_3_3
Parameters: 0.999953 -0.0086108 -0.004455 0.00827021 0.997416 -0.0713652 0.00505795 0.0713258 0.997441 -0.00186245 -0.658399 -2.51575
FixedParameters: 0 0 0

#Transform 105
Transform: AffineTransform_float_3_3
Parameters: 0.999955 -0.00847253 -0.00410054 0.00821649 0.998225 -0.0589833 0.00459248 0.0589467 0.99825 0.00863057 -0.588676 -2.53153
FixedParameters: 0 0 0

#Transform 106
Transform: AffineTransform_float_3_3
Parameters: 0.999974 -0.00716148 0.000699996 0.00719353 0.997064 -0.0762329 -0.00015204 0.0762361 0.99709 -0.0874151 -0.708872 -2.87469
FixedParameters: 0 0 0

#Transform 107
Transform: AffineTransform_float_3_3
Parameters: 0.999966 -0.00820622 -0.000942014 0.00811278 0.997177 -0.0746562 0.00155197 0.0746458 0.997209 -0.01026 -0.748391 -2.80686
FixedParameters: 0 0 0

#Transform 108
Transform: AffineTransform_float_3_3
Parameters: 0.999969 -0.00761375 -0.00168118 0.00749225 0.997964 -0.0633385 0.00215984 0.0633245 0.99799 -0.0462659 -0.700699 -2.29567
FixedParameters: 0 0 0

#Transform 109
Transform: AffineTransform_float_3_3
Parameters: 0.999909 -0.0134314 0.00135556 0.0134926 0.99123 -0.131459 0.000422509 0.131465 0.99132 0.256099 -1.03826 -4.31717
FixedParameters: 0 0 0

#Transform 110
Transform: AffineTransform_float_3_3
Parameters: 0.999944 -0.0104822 0.00179664 0.0106148 0.994084 -0.108089 -0.000653382 0.108102 0.994139 0.179169 -0.899819 -4.06553
FixedParameters: 0 0 0

#Transform 111
Transform: AffineTransform_float_3_3
Parameters: 0.999951 -0.00978483 -0.00109299 0.00964715 0.995905 -0.0898828 0.00196803 0.089868 0.995951 0.143558 -0.779567 -3.1038
FixedParameters: 0 0 0

#Transform 112
Transform: AffineTransform_float_3_3
Parameters: 0.999956 -0.00930595 -0.00107212 0.00917306 0.99596 -0.0893208 0.00189889 0.0893072 0.996003 0.12317 -0.775537 -3.06573
FixedParameters: 0 0 0

#Transform 113
Transform: AffineTransform_float_3_3
Parameters: 0.999956 -0.00926777 -0.00106015 0.00913725 0.996007 -0.0888116 0.00187888 0.0887985 0.996048 0.129161 -0.785555 -3.05859
FixedParameters: 0 0 0

#Transform 114
Transform: AffineTransform_float_3_3
Parameters: 0.999956 -0.00931212 -0.00158305 0.00913588 0.996052 -0.0882934 0.00239894 0.0882746 0.996094 0.13342 -0.757623 -2.91428
FixedParameters: 0 0 0

#Transform 115
Transform: AffineTransform_float_3_3
Parameters: 0.999949 -0.00985692 -0.00189611 0.00965707 0.996236 -0.0861346 0.0027379 0.0861123 0.996281 0.170857 -0.783461 -2.91638
FixedParameters: 0 0 0

#Transform 116
Transform: AffineTransform_float_3_3
Parameters: 0.999952 -0.00966251 -0.00155335 0.00949043 0.996136 -0.0873119 0.00239169 0.087293 0.99618 0.139428 -0.786581 -3.02259
FixedParameters: 0 0 0

#Transform 117
Transform: AffineTransform_float_3_3
Parameters: 0.999951 -0.00942989 -0.00322872 0.00914317 0.996784 -0.0796045 0.0039683 0.0795715 0.996822 0.114502 -0.754451 -2.47928
FixedParameters: 0 0 0

#Transform 118
Transform: AffineTransform_float_3_3
Parameters: 0.999895 -0.0123575 -0.00746913 0.0125295 0.999645 0.0235069 0.00717687 -0.0235981 0.999696 0.243867 -0.173017 0.52612
FixedParameters: 0 0 0

#Transform 119
Transform: AffineTransform_float_3_3
Parameters: 0.999968 -0.00713735 -0.00368172 0.00691762 0.998378 -0.0564983 0.00407926 0.0564707 0.998396 0.0468838 -0.592068 -2.003
FixedParameters: 0 0 0

#Transform 120
Transform: AffineTransform_float_3_3
Parameters: 0.999969 -0.00702163 -0.00355259 0.00680541 0.998326 -0.057446 0.00394938 0.0574201 0.998343 0.0276741 -0.544803 -1.85546
FixedParameters: 0 0 0

#Transform 121
Transform: AffineTransform_float_3_3
Parameters: 0.999968 -0.00674665 -0.00424603 0.00649236 0.998332 -0.0573704 0.004626 0.0573416 0.998344 -0.0159825 -0.550599 -1.8489
FixedParameters: 0 0 0

#Transform 122
Transform: AffineTransform_float_3_3
Parameters: 0.999964 -0.00736802 -0.00415672 0.00712096 0.998371 -0.0566026 0.00456727 0.0565703 0.998388 0.0463821 -0.55273 -1.80569
FixedParameters: 0 0 0

#Transform 123
Transform: AffineTransform_float_3_3
Parameters: 0.999968 -0.00684766 -0.00408753 0.00660337 0.998344 -0.0571338 0.00447148 0.0571042 0.998358 0.0190826 -0.556459 -1.83978
FixedParameters: 0 0 0

#Transform 124
Transform: AffineTransform_float_3_3
Parameters: 0.999971 -0.00644242 -0.00400028 0.0061986 0.998289 -0.0581395 0.00436769 0.0581125 0.9983 0.00289441 -0.571146 -1.88152
FixedParameters: 0 0 0

#Transform 125
Transform: AffineTransform_float_3_3
Parameters: 0.99997 -0.00656697 -0.00404632 0.00631799 0.998253 -0.0587413 0.00442569 0.0587147 0.998265 0.00319699 -0.587172 -1.92127
FixedParameters: 0 0 0

#Transform 126
Transform: AffineTransform_float_3_3
Parameters: 0.99997 -0.00656129 -0.00425123 0.00629872 0.998237 -0.0590225 0.00463075 0.0589934 0.998247 0.00523026 -0.589637 -1.93161
FixedParameters: 0 0 0

#Transform 127
Transform: AffineTransform_float_3_3
Parameters: 0.999969 -0.00651172 -0.00456546 0.00622532 0.998178 -0.0600254 0.00494751 0.0599947 0.998187 0.00635471 -0.595507 -1.97151
FixedParameters: 0 0 0

#Transform 128
Transform: AffineTransform_float_3_3
Parameters: 0.999971 -0.00648857 -0.00414667 0.00622641 0.998164 -0.0602506 0.00453029 0.0602224 0.998174 0.00616547 -0.590268 -1.97231
FixedParameters: 0 0 0

#Transform 129
Transform: AffineTransform_float_3_3
Parameters: 0.999972 -0.00635907 -0.00408382 0.00609593 0.99809 -0.0614847 0.00446718 0.0614584 0.998099 -8.08995e-05 -0.601475 -2.02281
FixedParameters: 0 0 0

#Transform 130
Transform: AffineTransform_float_3_3
Parameters: 0.99997 -0.00652688 -0.00418616 0.00625814 0.998113 -0.0610931 0.00457679 0.061065 0.998124 -0.00138076 -0.600059 -2.00454
FixedParameters: 0 0 0

#Transform 131
Transform: AffineTransform_float_3_3
Parameters: 0.999972 -0.00645836 -0.00396206 0.00620264 0.998094 -0.0613913 0.00435091 0.0613646 0.998106 0.00108099 -0.608777 -1.9969
FixedParameters: 0 0 0

#Transform 132
Transform: AffineTransform_float_3_3
Parameters: 0.999972 -0.00668091 -0.00336798 0.00646209 0.998099 -0.0612814 0.00377102 0.0612575 0.998115 0.00975038 -0.633064 -1.9895
FixedParameters: 0 0 0

#Transform 133
Transform: AffineTransform_float_3_3
Parameters: 0.99997 -0.00698617 -0.00331483 0.00676183 0.997966 -0.0633983 0.00375115 0.0633737 0.997983 0.0254918 -0.655855 -2.04967
FixedParameters: 0 0 0

#Transform 134
Transform: AffineTransform_float_3_3
Parameters: 0.999971 -0.00679487 -0.00329728 0.00656914 0.997912 -0.0642555 0.00372673 0.0642325 0.997928 0.0223026 -0.654872 -2.09633
FixedParameters: 0 0 0

#Transform 135
Transform: AffineTransform_float_3_3
Parameters: 0.999972 -0.00675805 -0.00314396 0.00654295 0.997928 -0.0640063 0.00357004 0.0639836 0.997944 0.0313506 -0.666211 -2.08026
FixedParameters: 0 0 0

#Transform 136
Transform: AffineTransform_float_3_3
Parameters: 0.99997 -0.00716864 -0.00274034 0.00698238 0.997993 -0.062935 0.00318568 0.062914 0.998014 0.0465703 -0.661048 -1.98398
FixedParameters: 0 0 0

#Transform 137
Transform: AffineTransform_float_3_3
Parameters: 0.999973 -0.00707005 -0.00233919 0.00690691 0.997952 -0.0635929 0.00278481 0.0635751 0.997973 0.0503302 -0.681538 -2.06591
FixedParameters: 0 0 0

#Transform 138
Transform: AffineTransform_float_3_3
Parameters: 0.999971 -0.00717768 -0.00257716 0.00699927 0.997946 -0.0636889 0.00302986 0.0636692 0.997967 0.067252 -0.676745 -2.07839
FixedParameters: 0 0 0

#Transform 139
Transform: AffineTransform_float_3_3
Parameters: 0.999968 -0.00760695 -0.00240856 0.00743702 0.997917 -0.0640799 0.00289144 0.06406 0.997942 0.0826182 -0.678064 -2.08516
FixedParameters: 0 0 0

#Transform 140
Transform: AffineTransform_float_3_3
Parameters: 0.999969 -0.00740204 -0.00244182 0.00723095 0.99791 -0.0642096 0.00291224 0.0641904 0.997934 0.0617162 -0.68048 -2.09661
FixedParameters: 0 0 0

#Transform 141
Transform: AffineTransform_float_3_3
Parameters: 0.999972 -0.00719647 -0.00202673 0.00705058 0.997898 -0.0644111 0.00248524 0.0643949 0.997922 0.0568595 -0.696701 -2.09936
FixedParameters: 0 0 0

#Transform 142
Transform: AffineTransform_float_3_3
Parameters: 0.999972 -0.00708104 -0.00211779 0.00692894 0.997875 -0.0647794 0.00257221 0.0647635 0.997898 0.0581429 -0.693542 -2.12071
FixedParameters: 0 0 0

#Transform 143
Transform: AffineTransform_float_3_3
Parameters: 0.999975 -0.0068839 -0.0015618 0.00676914 0.997899 -0.0644232 0.00200121 0.0644108 0.997922 0.0514819 -0.677965 -2.14264
FixedParameters: 0 0 0

#Transform 144
Transform: AffineTransform_float_3_3
Parameters: 0.999975 -0.00691648 -0.00157102 0.00680052 0.997903 -0.0643793 0.00201295 0.0643667 0.997925 0.0595462 -0.706413 -2.13848
FixedParameters: 0 0 0

#Transform 145
Transform: AffineTransform_float_3_3
Parameters: 0.999976 -0.00678481 -0.00152689 0.00667218 0.997888 -0.0646047 0.00196212 0.0645932 0.99791 0.0655356 -0.723872 -2.12046
FixedParameters: 0 0 0

#Transform 146
Transform: AffineTransform_float_3_3
Parameters: 0.999974 -0.00708649 -0.00141916 0.00698053 0.997887 -0.0646076 0.00187387 0.0645954 0.99791 0.067472 -0.700021 -2.115
FixedParameters: 0 0 0

#Transform 147
Transform: AffineTransform_float_3_3
Parameters: 0.999975 -0.00692475 -0.00130961 0.00682622 0.997899 -0.0644265 0.0017534 0.0644154 0.997921 0.0513207 -0.704241 -2.12636
FixedParameters: 0 0 0

#Transform 148
Transform: AffineTransform_float_3_3
Parameters: 0.99998 -0.00629508 -0.00135997 0.00619593 0.997962 -0.0635108 0.00175703 0.0635013 0.99798 0.0224288 -0.684194 -2.0545
FixedParameters: 0 0 0

#Transform 149
Transform: AffineTransform_float_3_3
Parameters: 0.999973 -0.00719208 -0.0014483 0.00708488 0.997903 -0.06434 0.00190876 0.064328 0.997927 0.0624044 -0.728185 -2.10785
FixedParameters: 0 0 0

#Transform 150
Transform: AffineTransform_float_3_3
Parameters: 0.999974 -0.00710372 -0.00110594 0.00701828 0.997909 -0.0642434 0.00156007 0.0642335 0.997933 0.0624538 -0.71284 -2.09959
FixedParameters: 0 0 0

#Transform 151
Transform: AffineTransform_float_3_3
Parameters: 0.999974 -0.00712921 -0.00105484 0.00704578 0.997878 -0.0647191 0.00151415 0.0647109 0.997903 0.0706126 -0.716341 -2.11268
FixedParameters: 0 0 0

#Transform 152
Transform: AffineTransform_float_3_3
Parameters: 0.999975 -0.00700237 -0.000768778 0.00693768 0.997882 -0.0646709 0.0012192 0.0646641 0.997907 0.0706551 -0.704543 -2.11541
FixedParameters: 0 0 0

#Transform 153
Transform: AffineTransform_float_3_3
Parameters: 0.999976 -0.00690112 -0.000830666 0.00683286 0.997885 -0.0646403 0.00127532 0.0646328 0.997909 0.0593087 -0.705516 -2.12783
FixedParameters: 0 0 0

#Transform 154
Transform: AffineTransform_float_3_3
Parameters: 0.999973 -0.00737809 -0.000969017 0.00729992 0.997881 -0.0646559 0.00144398 0.0646471 0.997907 0.0772384 -0.72046 -2.15016
FixedParameters: 0 0 0

#Transform 155
Transform: AffineTransform_float_3_3
Parameters: 0.999975 -0.00699924 -0.000814554 0.00693173 0.997887 -0.0646022 0.00126543 0.0645947 0.997911 0.0623107 -0.711789 -2.13071
FixedParameters: 0 0 0
