#Insight Transform File V1.0
#Transform 0
Transform: AffineTransform_float_3_3
Parameters: 0.999997 0.00060551 0.00265257 -0.000607492 1 0.000938392 -0.00265243 -0.00093961 0.999996 -0.0178867 0.165613 0.254527
FixedParameters: 0 0 0

#Transform 1
Transform: AffineTransform_float_3_3
Parameters: 0.999997 0.000924227 0.00257064 -0.000925773 1 0.000688623 -0.00256936 -0.000691378 0.999997 -0.0214331 0.162442 0.287642
FixedParameters: 0 0 0

#Transform 2
Transform: AffineTransform_float_3_3
Parameters: 0.999996 0.000901791 0.00242745 -0.000903209 1 0.000496809 -0.00242755 -0.000499191 0.999997 -0.0170698 0.14824 0.262026
FixedParameters: 0 0 0

#Transform 3
Transform: AffineTransform_float_3_3
Parameters: 0.999996 0.000803915 0.00242703 -0.000804085 0.999999 3.40486e-05 -0.00242697 -3.59512e-05 0.999997 -0.00751437 0.140508 0.26185
FixedParameters: 0 0 0

#Transform 4
Transform: AffineTransform_float_3_3
Parameters: 0.999997 0.00074455 0.00234983 -0.00074445 0.999999 -0.00023475 -0.00234917 0.000233252 0.999997 -0.00721918 0.115632 0.259633
FixedParameters: 0 0 0

#Transform 5
Transform: AffineTransform_float_3_3
Parameters: 0.999997 0.000482792 0.00242704 -0.00048321 1 8.58275e-05 -0.00242696 -8.6172e-05 0.999997 -0.00735211 0.130641 0.230248
FixedParameters: 0 0 0

#Transform 6
Transform: AffineTransform_float_3_3
Parameters: 0.999997 0.000450419 0.00233173 -0.000449581 0.999999 -0.00060905 -0.00233227 0.000607951 0.999997 -0.00704916 0.124242 0.243151
FixedParameters: 0 0 0

#Transform 7
Transform: AffineTransform_float_3_3
Parameters: 0.999998 0.000393531 0.0020207 -0.000391469 0.999999 -0.000757792 -0.0020213 0.000757206 0.999997 -0.0185794 0.104994 0.20297
FixedParameters: 0 0 0

#Transform 8
Transform: AffineTransform_float_3_3
Parameters: 0.999998 0.000381067 0.00169053 -0.000378933 0.999999 -0.00122264 -0.00169146 0.00122236 0.999998 -0.0213285 0.0837963 0.176572
FixedParameters: 0 0 0

#Transform 9
Transform: AffineTransform_float_3_3
Parameters: 0.999999 0.000257544 0.00126369 -0.000256456 0.999999 -0.00122233 -0.00126332 0.00122168 0.999999 -0.00412494 0.0882914 0.138321
FixedParameters: 0 0 0

#Transform 10
Transform: AffineTransform_float_3_3
Parameters: 0.999999 0.000364829 0.00126376 -0.000364171 0.999999 -0.000656461 -0.00126324 0.00065554 0.999999 -0.00427391 0.0840593 0.111532
FixedParameters: 0 0 0

#Transform 11
Transform: AffineTransform_float_3_3
Parameters: 1 0.000199201 0.00113497 -0.0001988 1 -0.000176226 -0.00113504 0.000176774 1 -0.0017163 0.0575238 0.0701338
FixedParameters: 0 0 0

#Transform 12
Transform: AffineTransform_float_3_3
Parameters: 0.999999 0.000394186 0.000840912 -0.000393813 1 -0.000222331 -0.000841087 0.000221668 0.999999 -0.00336331 0.0406062 0.0769879
FixedParameters: 0 0 0

#Transform 13
Transform: AffineTransform_float_3_3
Parameters: 0.999999 0.000364117 0.000746942 -0.000363882 1 -0.000157272 -0.000747057 0.000156728 0.999999 -0.00300495 0.0364885 0.0589972
FixedParameters: 0 0 0

#Transform 14
Transform: AffineTransform_float_3_3
Parameters: 0.999999 0.000121298 0.00093596 -0.000121701 1 -0.000319114 -0.000936038 0.000318886 0.999999 0.00115655 0.0406425 0.0774075
FixedParameters: 0 0 0

#Transform 15
Transform: AffineTransform_float_3_3
Parameters: 0.999999 0.000302155 0.000746937 -0.000301844 1 -0.000208225 -0.000747062 0.000207774 0.999999 -0.0029628 0.0492036 0.0823176
FixedParameters: 0 0 0

#Transform 16
Transform: AffineTransform_float_3_3
Parameters: 0.999999 0.00030595 0.00074702 -0.00030605 1 6.67714e-05 -0.000746979 -6.72285e-05 0.999999 -0.00308985 0.0443946 0.0616003
FixedParameters: 0 0 0

#Transform 17
Transform: AffineTransform_float_3_3
Parameters: 0.999999 0.000143419 0.000746919 -0.000143581 1 -0.000561107 -0.00074708 0.000560893 0.999999 -0.0029578 0.0133056 0.0552466
FixedParameters: 0 0 0

#Transform 18
Transform: AffineTransform_float_3_3
Parameters: 1 0.000114159 0.000542966 -0.000113841 1 -0.000293062 -0.000543033 0.000292938 1 -0.00238698 0.0180086 0.0295049
FixedParameters: 0 0 0

#Transform 19
Transform: AffineTransform_float_3_3
Parameters: 0.999999 0.000224014 0.000747296 -0.000224987 0.999999 0.00131983 -0.000747704 -0.00131917 0.999999 -0.00900817 0.0276828 0.0404603
FixedParameters: 0 0 0

#Transform 20
Transform: AffineTransform_float_3_3
Parameters: 1 0.000136929 0.000127076 -0.000137071 1 0.000557982 -0.000126924 -0.000558017 1 -0.0135992 0.0147321 0.0220421
FixedParameters: 0 0 0

#Transform 21
Transform: AffineTransform_float_3_3
Parameters: 1 0.000346049 -0.000253933 -0.000345951 1 0.000193088 0.000254067 -0.000192912 1 -0.0149766 -0.00371173 -0.0438303
FixedParameters: 0 0 0

#Transform 22
Transform: AffineTransform_float_3_3
Parameters: 1 0.000303044 -0.000535975 -0.000302955 1 8.31624e-05 0.000536025 -8.28376e-05 1 -0.0080011 -0.0463394 -0.119242
FixedParameters: 0 0 0

#Transform 23
Transform: AffineTransform_float_3_3
Parameters: 0.999999 0.000251418 -0.000802868 -0.000250581 1 0.000521201 0.00080313 -0.000520798 0.999999 -0.00866181 -0.0459714 -0.118065
FixedParameters: 0 0 0

#Transform 24
Transform: AffineTransform_float_3_3
Parameters: 1 0.00031254 -0.000980829 -0.00031246 1 0.000551307 0.000980173 -0.000550694 1 -0.00548411 -0.0440362 -0.117444
FixedParameters: 0 0 0

#Transform 25
Transform: AffineTransform_float_3_3
Parameters: 0.999999 4.82442e-05 -0.000980988 -4.77557e-05 1 0.000249047 0.000981012 -0.000248953 1 -0.00750696 -0.0543095 -0.117477
FixedParameters: 0 0 0

#Transform 26
Transform: AffineTransform_float_3_3
Parameters: 0.999999 4.22913e-05 -0.000980987 -4.17086e-05 1 0.000297041 0.000981012 -0.000296959 1 -0.00326312 -0.0802674 -0.147704
FixedParameters: 0 0 0

#Transform 27
Transform: AffineTransform_float_3_3
Parameters: 0.999999 3.8572e-05 -0.00144098 -3.84279e-05 1 0.000397056 0.00144102 -0.000396945 0.999999 -0.00955589 -0.119971 -0.13477
FixedParameters: 0 0 0

#Transform 28
Transform: AffineTransform_float_3_3
Parameters: 0.999998 0.000424894 -0.00157276 -0.000424105 0.999999 0.000569667 0.00157224 -0.000568332 0.999998 -0.0173402 -0.121859 -0.185931
FixedParameters: 0 0 0

#Transform 29
Transform: AffineTransform_float_3_3
Parameters: 0.999998 0.000438043 -0.00188653 -0.000435959 1 0.00108282 0.00188647 -0.00108218 0.999997 -0.0220115 -0.123356 -0.228589
FixedParameters: 0 0 0

#Transform 30
Transform: AffineTransform_float_3_3
Parameters: 0.999998 0.000487809 -0.00181151 -0.000486191 1 0.000998883 0.00181249 -0.000998118 0.999998 -0.0227793 -0.135067 -0.228833
FixedParameters: 0 0 0

#Transform 31
Transform: AffineTransform_float_3_3
Parameters: 0.999998 0.000639003 -0.002157 -0.000638999 1 1.37832e-06 0.002157 -6.21671e-07 0.999997 -0.02068 -0.184093 -0.276965
FixedParameters: 0 0 0

#Transform 32
Transform: AffineTransform_float_3_3
Parameters: 0.999996 0.00099405 -0.00244398 -0.000993947 0.999999 2.24293e-05 0.00244402 -1.95706e-05 0.999997 -0.0378879 -0.17815 -0.283088
FixedParameters: 0 0 0

#Transform 33
Transform: AffineTransform_float_3_3
Parameters: 0.999996 0.00127767 -0.00244469 -0.00127933 0.999999 -0.000541874 0.00244431 0.000545125 0.999997 -0.0380934 -0.200586 -0.311027
FixedParameters: 0 0 0

#Transform 34
Transform: AffineTransform_float_3_3
Parameters: 0.999995 0.000947146 -0.00276261 -0.000945853 1 0.000416615 0.00276339 -0.000413385 0.999996 -0.0368971 -0.177967 -0.251364
FixedParameters: 0 0 0

#Transform 35
Transform: AffineTransform_float_3_3
Parameters: 0.999996 0.000766496 -0.00295687 -0.000766503 0.999999 0.000169267 0.00295713 -0.000166734 0.999995 -0.03604 -0.175516 -0.282544
FixedParameters: 0 0 0

#Transform 36
Transform: AffineTransform_float_3_3
Parameters: 0.999995 0.000771092 -0.00286224 -0.000771906 0.999999 -0.000315792 0.00286175 0.000318208 0.999996 -0.0364112 -0.198908 -0.290389
FixedParameters: 0 0 0

#Transform 37
Transform: AffineTransform_float_3_3
Parameters: 0.999995 0.000754989 -0.00286227 -0.000756009 0.999999 -0.000351837 0.00286173 0.000354162 0.999996 -0.0292696 -0.198311 -0.280174
FixedParameters: 0 0 0

#Transform 38
Transform: AffineTransform_float_3_3
Parameters: 0.999995 0.000580191 -0.00286237 -0.000582806 0.999999 -0.000630334 0.00286163 0.000632663 0.999995 -0.0255573 -0.172135 -0.290641
FixedParameters: 0 0 0

#Transform 39
Transform: AffineTransform_float_3_3
Parameters: 0.999996 0.000381349 -0.00286209 -0.000381651 1 -0.000226909 0.00286191 0.000228092 0.999996 -0.0262316 -0.185571 -0.282401
FixedParameters: 0 0 0

#Transform 40
Transform: AffineTransform_float_3_3
Parameters: 0.999996 0.000481968 -0.00298417 -0.00048303 1 -0.00034456 0.00298384 0.00034644 0.999996 -0.0228185 -0.202397 -0.276045
FixedParameters: 0 0 0

#Transform 41
Transform: AffineTransform_float_3_3
Parameters: 0.999996 0.000526804 -0.00286222 -0.000528194 1 -0.00041649 0.00286178 0.000418509 0.999996 -0.0235969 -0.198949 -0.276557
FixedParameters: 0 0 0

#Transform 42
Transform: AffineTransform_float_3_3
Parameters: 0.999996 0.000437046 -0.0028623 -0.000438953 0.999999 -0.000681746 0.0028617 0.000683253 0.999995 -0.0272322 -0.207882 -0.269405
FixedParameters: 0 0 0

#Transform 43
Transform: AffineTransform_float_3_3
Parameters: 0.999995 0.000560709 -0.00305361 -0.000564291 1 -0.00107728 0.00305239 0.00107872 0.999995 -0.0313866 -0.27418 -0.290642
FixedParameters: 0 0 0

#Transform 44
Transform: AffineTransform_float_3_3
Parameters: 0.999996 0.000329415 -0.00256385 -0.000267582 0.999714 0.0239178 0.00257113 -0.0239172 0.99971 0.115525 0.395375 2.2134
FixedParameters: 0 0 0

#Transform 45
Transform: AffineTransform_float_3_3
Parameters: 0.999999 3.18991e-05 0.00151129 -8.90899e-05 0.999286 0.0377979 -0.00150871 -0.0377981 0.999285 0.260992 0.793872 2.60753
FixedParameters: 0 0 0

#Transform 46
Transform: AffineTransform_float_3_3
Parameters: 0.999997 0.00261321 -0.000319366 -0.00260378 0.999587 0.0286109 0.000394657 -0.0286101 0.99959 0.12662 0.519857 1.52618
FixedParameters: 0 0 0

#Transform 47
Transform: AffineTransform_float_3_3
Parameters: 0.999999 0.00150262 -0.00104604 -0.00147338 0.999638 0.0268446 0.00108594 -0.0268434 0.999639 0.132353 0.49438 1.44563
FixedParameters: 0 0 0

#Transform 48
Transform: AffineTransform_float_3_3
Parameters: 0.999996 0.00212537 -0.00160126 -0.00208364 0.999659 0.0260124 0.00165576 -0.0260086 0.999661 0.120359 0.473559 1.34981
FixedParameters: 0 0 0

#Transform 49
Transform: AffineTransform_float_3_3
Parameters: 0.999996 0.001687 -0.00195764 -0.00163902 0.999704 0.0242653 0.00199735 -0.0242617 0.999703 0.130927 0.422529 1.32336
FixedParameters: 0 0 0

#Transform 50
Transform: AffineTransform_float_3_3
Parameters: 0.999993 0.000940709 -0.00341203 -0.00086529 0.999755 0.0221231 0.00343198 -0.0221199 0.99975 0.124518 0.351012 1.26191
FixedParameters: 0 0 0

#Transform 51
Transform: AffineTransform_float_3_3
Parameters: 0.999995 0.00120791 -0.00313448 -0.0011451 0.9998 0.0199947 0.00315753 -0.0199913 0.999795 0.119387 0.30432 1.22237
FixedParameters: 0 0 0

#Transform 52
Transform: AffineTransform_float_3_3
Parameters: 0.999985 -0.00135017 -0.00519131 0.00144384 0.999835 0.0181128 0.00516669 -0.0181202 0.999823 0.151897 0.173709 1.14718
FixedParameters: 0 0 0

#Transform 53
Transform: AffineTransform_float_3_3
Parameters: 0.999986 0.0010821 -0.00517885 -0.000985895 0.999828 0.0185234 0.00519815 -0.0185176 0.999815 0.100982 0.271689 1.14777
FixedParameters: 0 0 0

#Transform 54
Transform: AffineTransform_float_3_3
Parameters: 0.999983 0.00108188 -0.00570268 -0.000992117 0.999875 0.0157399 0.00571932 -0.0157341 0.99986 0.0935366 0.245066 1.11815
FixedParameters: 0 0 0

#Transform 55
Transform: AffineTransform_float_3_3
Parameters: 0.999979 0.00140782 -0.00630541 -0.00131717 0.999895 0.0143846 0.00632559 -0.0143754 0.999876 0.0946163 0.208841 1.06175
FixedParameters: 0 0 0

#Transform 56
Transform: AffineTransform_float_3_3
Parameters: 0.99998 0.00182516 -0.00609174 -0.00176984 0.999957 0.00904796 0.00610825 -0.00903703 0.99994 0.0786807 0.13998 0.937936
FixedParameters: 0 0 0

#Transform 57
Transform: AffineTransform_float_3_3
Parameters: 0.999979 0.00190565 -0.00616249 -0.00183736 0.999938 0.0109646 0.00618251 -0.0109524 0.999921 0.0944032 0.169197 0.987344
FixedParameters: 0 0 0

#Transform 58
Transform: AffineTransform_float_3_3
Parameters: 0.999978 0.00187202 -0.00635161 -0.00181898 0.999963 0.00834273 0.00636739 -0.00833126 0.999945 0.0890583 0.165452 0.962163
FixedParameters: 0 0 0

#Transform 59
Transform: AffineTransform_float_3_3
Parameters: 0.999961 0.00171237 -0.00860159 -0.00168464 0.999994 0.00318761 0.0086064 -0.00317339 0.999958 0.100901 0.0843322 0.896478
FixedParameters: 0 0 0

#Transform 60
Transform: AffineTransform_float_3_3
Parameters: 0.999972 0.00162361 -0.00728856 -0.0015764 0.999978 0.00653268 0.00729845 -0.00652134 0.999952 0.089366 0.150862 0.989329
FixedParameters: 0 0 0

#Transform 61
Transform: AffineTransform_float_3_3
Parameters: 0.999963 0.00151564 -0.00846511 -0.00150536 0.999998 0.00126279 0.0084669 -0.00125021 0.999964 0.102209 0.0830723 0.904351
FixedParameters: 0 0 0

#Transform 62
Transform: AffineTransform_float_3_3
Parameters: 0.999959 0.00138376 -0.00893534 -0.00137224 0.999999 0.00121031 0.00893666 -0.00119768 0.99996 0.113381 0.0727858 0.86987
FixedParameters: 0 0 0

#Transform 63
Transform: AffineTransform_float_3_3
Parameters: 0.999956 0.00111698 -0.00938324 -0.00111903 1 -0.000210509 0.00938276 0.00022049 0.999956 0.0999743 0.0833694 0.971487
FixedParameters: 0 0 0

#Transform 64
Transform: AffineTransform_float_3_3
Parameters: 0.999968 0.000711874 -0.00794925 -0.000632126 0.99995 0.0100463 0.00795575 -0.0100407 0.999918 0.103229 0.237695 1.50927
FixedParameters: 0 0 0

#Transform 65
Transform: AffineTransform_float_3_3
Parameters: 0.99996 0.00169024 -0.00871967 -0.00165176 0.999989 0.00439058 0.00872632 -0.00437642 0.999953 0.0630386 0.109397 1.01476
FixedParameters: 0 0 0

#Transform 66
Transform: AffineTransform_float_3_3
Parameters: 0.999957 0.00149631 -0.00912973 -0.00146968 0.999994 0.00288854 0.00913428 -0.00287446 0.999954 0.0645725 0.0933746 0.996195
FixedParameters: 0 0 0

#Transform 67
Transform: AffineTransform_float_3_3
Parameters: 0.999952 0.0014664 -0.00967673 -0.0014576 0.999998 0.000875146 0.00967827 -0.000860848 0.999953 0.063103 0.0584907 0.963325
FixedParameters: 0 0 0

#Transform 68
Transform: AffineTransform_float_3_3
Parameters: 0.999959 0.00169887 -0.00888171 -0.00167113 0.999993 0.00314397 0.00888728 -0.00312903 0.999955 0.040961 0.0193836 0.693404
FixedParameters: 0 0 0

#Transform 69
Transform: AffineTransform_float_3_3
Parameters: 0.99997 0.00121082 -0.00764595 -0.00117218 0.999987 0.00508012 0.00765205 -0.00507089 0.999958 0.0454579 -0.0452147 0.52369
FixedParameters: 0 0 0

#Transform 70
Transform: AffineTransform_float_3_3
Parameters: 0.999968 0.000883405 -0.00793346 -0.000850599 0.999992 0.00408688 0.00793654 -0.00408012 0.99996 0.0564996 -0.0215506 0.553763
FixedParameters: 0 0 0

#Transform 71
Transform: AffineTransform_float_3_3
Parameters: 0.999974 0.00144363 -0.00705902 -0.00142338 0.999995 0.00278412 0.00706299 -0.00277488 0.999971 0.0636029 -0.0563865 0.536475
FixedParameters: 0 0 0

#Transform 72
Transform: AffineTransform_float_3_3
Parameters: 0.999975 0.00136519 -0.00686658 -0.0013528 0.999997 0.00178033 0.00686841 -0.00177067 0.999975 0.0627747 -0.0828849 0.518742
FixedParameters: 0 0 0

#Transform 73
Transform: AffineTransform_float_3_3
Parameters: 0.999975 0.00126969 -0.00686022 -0.00126032 0.999998 0.00141568 0.00686179 -0.00140732 0.999976 0.0541755 -0.102867 0.480102
FixedParameters: 0 0 0

#Transform 74
Transform: AffineTransform_float_3_3
Parameters: 0.999976 0.00118862 -0.00682116 -0.00117838 0.999998 0.00156007 0.00682284 -0.00155193 0.999975 0.0580858 -0.0922318 0.507086
FixedParameters: 0 0 0

#Transform 75
Transform: AffineTransform_float_3_3
Parameters: 0.999975 0.00123906 -0.00697705 -0.00122894 0.999998 0.00158961 0.00697896 -0.00158039 0.999975 0.0721652 -0.0997844 0.500302
FixedParameters: 0 0 0

#Transform 76
Transform: AffineTransform_float_3_3
Parameters: 0.999973 0.00145813 -0.00729159 -0.00144686 0.999997 0.0016696 0.00729342 -0.00165841 0.999972 0.0788049 -0.127874 0.476763
FixedParameters: 0 0 0

#Transform 77
Transform: AffineTransform_float_3_3
Parameters: 0.999971 0.00150163 -0.00743648 -0.00150337 0.999999 -0.000312829 0.00743553 0.000324175 0.999973 0.082238 -0.192389 0.448107
FixedParameters: 0 0 0

#Transform 78
Transform: AffineTransform_float_3_3
Parameters: 0.999971 0.00150198 -0.00753241 -0.00150902 0.999999 -0.000925661 0.0075306 0.000937339 0.999971 0.0706309 -0.176992 0.467928
FixedParameters: 0 0 0

#Transform 79
Transform: AffineTransform_float_3_3
Parameters: 0.999968 0.00170383 -0.0077248 -0.00171217 0.999998 -0.00105081 0.00772319 0.00106419 0.999969 0.0802663 -0.179215 0.4868
FixedParameters: 0 0 0

#Transform 80
Transform: AffineTransform_float_3_3
Parameters: 0.999965 0.00194647 -0.00813429 -0.00195653 0.999998 -0.00116413 0.00813271 0.00117987 0.999966 0.0812717 -0.22805 0.488222
FixedParameters: 0 0 0

#Transform 81
Transform: AffineTransform_float_3_3
Parameters: 0.999965 0.0016587 -0.00813472 -0.0016723 0.999998 -0.00162845 0.00813227 0.00164155 0.999965 0.0870581 -0.225735 0.451933
FixedParameters: 0 0 0

#Transform 82
Transform: AffineTransform_float_3_3
Parameters: 0.99996 0.00158379 -0.00881974 -0.0016102 0.999995 -0.00296492 0.00881425 0.00297908 0.999956 0.0760512 -0.266532 0.453252
FixedParameters: 0 0 0

#Transform 83
Transform: AffineTransform_float_3_3
Parameters: 0.999957 0.00137909 -0.00914787 -0.00141092 0.999993 -0.00348324 0.00914314 0.00349576 0.999952 0.0781128 -0.259575 0.437679
FixedParameters: 0 0 0

#Transform 84
Transform: AffineTransform_float_3_3
Parameters: 0.999958 0.00143109 -0.00913039 -0.00146491 0.999992 -0.00370879 0.00912463 0.00372122 0.999952 0.0783899 -0.28513 0.438096
FixedParameters: 0 0 0

#Transform 85
Transform: AffineTransform_float_3_3
Parameters: 0.99996 0.00157884 -0.00887678 -0.00161116 0.999992 -0.00361685 0.00887122 0.00363115 0.999954 0.0918939 -0.307147 0.400952
FixedParameters: 0 0 0

#Transform 86
Transform: AffineTransform_float_3_3
Parameters: 0.999957 0.00142042 -0.00908707 -0.00146458 0.999987 -0.0049009 0.00907992 0.0049141 0.999946 0.0927443 -0.34203 0.359312
FixedParameters: 0 0 0

#Transform 87
Transform: AffineTransform_float_3_3
Parameters: 0.999958 0.0013147 -0.00908727 -0.0013643 0.999985 -0.00542083 0.00907973 0.00543317 0.999944 0.0901109 -0.339523 0.35772
FixedParameters: 0 0 0

#Transform 88
Transform: AffineTransform_float_3_3
Parameters: 0.999959 0.00170583 -0.00896633 -0.00174917 0.999987 -0.00480852 0.00895868 0.00482448 0.999948 0.0917316 -0.330509 0.342703
FixedParameters: 0 0 0

#Transform 89
Transform: AffineTransform_float_3_3
Parameters: 0.99996 0.00179882 -0.00875677 -0.00184118 0.999986 -0.00481107 0.00874823 0.00482693 0.99995 0.084988 -0.348063 0.331019
FixedParameters: 0 0 0

#Transform 90
Transform: AffineTransform_float_3_3
Parameters: 0.999957 0.0019339 -0.00908928 -0.0019771 0.999987 -0.00473524 0.00907973 0.00475277 0.999948 0.066879 -0.367838 0.338557
FixedParameters: 0 0 0

#Transform 91
Transform: AffineTransform_float_3_3
Parameters: 0.999958 0.001602 -0.00908823 -0.001648 0.999986 -0.00505624 0.00907977 0.00507076 0.999946 0.0758459 -0.38532 0.326567
FixedParameters: 0 0 0

#Transform 92
Transform: AffineTransform_float_3_3
Parameters: 0.999955 0.00169858 -0.00925758 -0.00174942 0.999983 -0.00554905 0.00924742 0.00556495 0.999942 0.0761811 -0.39769 0.320592
FixedParameters: 0 0 0

#Transform 93
Transform: AffineTransform_float_3_3
Parameters: 0.999959 0.00162496 -0.00883802 -0.00166804 0.999987 -0.00486445 0.00882998 0.00487954 0.999949 0.0751865 -0.404975 0.317991
FixedParameters: 0 0 0

#Transform 94
Transform: AffineTransform_float_3_3
Parameters: 0.999958 0.00166482 -0.00908727 -0.00170419 0.99999 -0.0043057 0.00908074 0.00432131 0.99995 0.0720841 -0.397209 0.363309
FixedParameters: 0 0 0

#Transform 95
Transform: AffineTransform_float_3_3
Parameters: 0.999957 0.00177844 -0.00917636 -0.00182157 0.999987 -0.00463249 0.00916865 0.00464851 0.999947 0.0647854 -0.419771 0.333117
FixedParameters: 0 0 0

#Transform 96
Transform: AffineTransform_float_3_3
Parameters: 0.999954 0.00195481 -0.00931602 -0.00200219 0.999985 -0.00505858 0.00930597 0.00507742 0.999944 0.0618048 -0.428669 0.33304
FixedParameters: 0 0 0

#Transform 97
Transform: AffineTransform_float_3_3
Parameters: 0.999954 0.0019205 -0.00947452 -0.00196151 0.999988 -0.00437362 0.0094665 0.00439139 0.999946 0.0688961 -0.436765 0.323827
FixedParameters: 0 0 0

#Transform 98
Transform: AffineTransform_float_3_3
Parameters: 0.999954 0.00167403 -0.00942165 -0.00172197 0.999985 -0.00508601 0.00941335 0.00510199 0.999942 0.0669715 -0.454697 0.343241
FixedParameters: 0 0 0

#Transform 99
Transform: AffineTransform_float_3_3
Parameters: 0.999952 0.00178255 -0.00962967 -0.00183346 0.999984 -0.0053376 0.00962034 0.00535441 0.99994 0.0601975 -0.457562 0.331578
FixedParameters: 0 0 0

#Transform 100
Transform: AffineTransform_float_3_3
Parameters: 0.999952 0.00176365 -0.00966114 -0.00181336 0.999986 -0.00510273 0.00965186 0.00511927 0.999941 0.0702651 -0.485343 0.351766
FixedParameters: 0 0 0

#Transform 101
Transform: AffineTransform_float_3_3
Parameters: 0.999954 0.00147109 -0.00940761 -0.00151891 0.999986 -0.00508794 0.00939938 0.00510206 0.999943 0.0762675 -0.482459 0.333299
FixedParameters: 0 0 0

#Transform 102
Transform: AffineTransform_float_3_3
Parameters: 0.999958 0.00172648 -0.0090646 -0.00177053 0.999987 -0.00490616 0.00905641 0.00492185 0.999947 0.0833772 -0.473727 0.314793
FixedParameters: 0 0 0

#Transform 103
Transform: AffineTransform_float_3_3
Parameters: 0.999955 0.00172506 -0.00938918 -0.00176894 0.999987 -0.0046736 0.00938082 0.00469039 0.999945 0.0817604 -0.491779 0.31872
FixedParameters: 0 0 0

#Transform 104
Transform: AffineTransform_float_3_3
Parameters: 0.999955 0.00158532 -0.00941216 -0.00163268 0.999986 -0.00505986 0.00940385 0.00507514 0.999943 0.0850301 -0.532658 0.311218
FixedParameters: 0 0 0

#Transform 105
Transform: AffineTransform_float_3_3
Parameters: 0.999958 0.00137147 -0.00898075 -0.00141553 0.999988 -0.00484249 0.00897424 0.00485451 0.999948 0.0890982 -0.540079 0.280548
FixedParameters: 0 0 0

#Transform 106
Transform: AffineTransform_float_3_3
Parameters: 0.999959 0.00127251 -0.00897984 -0.0013135 0.999989 -0.00450539 0.00897417 0.00451661 0.99995 0.0850133 -0.542001 0.261436
FixedParameters: 0 0 0

#Transform 107
Transform: AffineTransform_float_3_3
Parameters: 0.99996 0.00148488 -0.00882932 -0.00152212 0.99999 -0.00419873 0.00882368 0.00421227 0.999952 0.0869637 -0.537861 0.261084
FixedParameters: 0 0 0

#Transform 108
Transform: AffineTransform_float_3_3
Parameters: 0.999953 0.00149467 -0.00950327 -0.00153433 0.999991 -0.00413261 0.00949773 0.00414739 0.999947 0.0709008 -0.561386 0.28837
FixedParameters: 0 0 0

#Transform 109
Transform: AffineTransform_float_3_3
Parameters: 0.999954 0.00129847 -0.0095119 -0.00134153 0.999989 -0.00446644 0.00950609 0.00447855 0.999945 0.0859954 -0.563672 0.296471
FixedParameters: 0 0 0

#Transform 110
Transform: AffineTransform_float_3_3
Parameters: 0.999955 0.00105613 -0.00936082 -0.00109787 0.99999 -0.00446892 0.00935618 0.00447908 0.999946 0.088196 -0.583908 0.295872
FixedParameters: 0 0 0

#Transform 111
Transform: AffineTransform_float_3_3
Parameters: 0.999955 0.00140445 -0.00944474 -0.00144956 0.999988 -0.00471252 0.00943827 0.00472547 0.999945 0.0837784 -0.608354 0.26239
FixedParameters: 0 0 0

#Transform 112
Transform: AffineTransform_float_3_3
Parameters: 0.999955 0.00131768 -0.00937033 -0.00135433 0.999991 -0.00397849 0.00936468 0.00399052 0.999948 0.0828838 -0.596055 0.243733
FixedParameters: 0 0 0

#Transform 113
Transform: AffineTransform_float_3_3
Parameters: 0.999956 0.00136981 -0.00934843 -0.00141319 0.999989 -0.00461499 0.00934157 0.004628 0.999945 0.0855799 -0.609837 0.240162
FixedParameters: 0 0 0

#Transform 114
Transform: AffineTransform_float_3_3
Parameters: 0.999956 0.00125743 -0.00936596 -0.00130157 0.999989 -0.00464702 0.00936005 0.00465898 0.999946 0.0885557 -0.62733 0.246146
FixedParameters: 0 0 0

#Transform 115
Transform: AffineTransform_float_3_3
Parameters: 0.999956 0.00119413 -0.00936071 -0.00123788 0.999989 -0.00468262 0.00935531 0.00469338 0.999945 0.0930221 -0.636012 0.246016
FixedParameters: 0 0 0

#Transform 116
Transform: AffineTransform_float_3_3
Parameters: 0.999954 0.00120606 -0.0094445 -0.00125694 0.999986 -0.00528337 0.00943847 0.00529562 0.999941 0.0887763 -0.656714 0.245681
FixedParameters: 0 0 0

#Transform 117
Transform: AffineTransform_float_3_3
Parameters: 0.999955 0.00134216 -0.00945377 -0.00138884 0.999987 -0.0049501 0.00944724 0.00496291 0.999943 0.0808095 -0.662137 0.222882
FixedParameters: 0 0 0

#Transform 118
Transform: AffineTransform_float_3_3
Parameters: 0.999955 0.00123417 -0.00933903 -0.00127883 0.999987 -0.00479627 0.00933296 0.00480773 0.999945 0.088537 -0.654354 0.238845
FixedParameters: 0 0 0

#Transform 119
Transform: AffineTransform_float_3_3
Parameters: 0.999956 0.00133758 -0.00922155 -0.00138142 0.999988 -0.00481247 0.00921445 0.00482454 0.999946 0.101165 -0.654021 0.245434
FixedParameters: 0 0 0

#Transform 120
Transform: AffineTransform_float_3_3
Parameters: 0.999955 0.00147182 -0.00929708 -0.00152218 0.999985 -0.00539309 0.00928891 0.00540691 0.999942 0.104719 -0.679648 0.221829
FixedParameters: 0 0 0

#Transform 121
Transform: AffineTransform_float_3_3
Parameters: 0.999951 0.00127028 -0.00975379 -0.00131471 0.999989 -0.0044764 0.0097482 0.0044896 0.999943 0.100054 -0.68298 0.247296
FixedParameters: 0 0 0

#Transform 122
Transform: AffineTransform_float_3_3
Parameters: 0.999949 0.00029234 -0.0101592 -0.000331658 0.999992 -0.00380383 0.0101578 0.00380717 0.999941 0.096327 -0.648192 0.264448
FixedParameters: 0 0 0

#Transform 123
Transform: AffineTransform_float_3_3
Parameters: 0.999955 0.00152452 -0.00938617 -0.00156849 0.999988 -0.00462749 0.00937883 0.00464151 0.999945 0.0905651 -0.717154 0.261648
FixedParameters: 0 0 0

#Transform 124
Transform: AffineTransform_float_3_3
Parameters: 0.999951 0.000608457 -0.00995436 -0.000660554 0.999986 -0.00527669 0.00995166 0.00528232 0.999937 0.0975224 -0.74175 0.225418
FixedParameters: 0 0 0

#Transform 125
Transform: AffineTransform_float_3_3
Parameters: 0.999956 0.00122719 -0.00935354 -0.00127581 0.999985 -0.00521429 0.00934647 0.0052257 0.999942 0.0919019 -0.711661 0.242814
FixedParameters: 0 0 0

#Transform 126
Transform: AffineTransform_float_3_3
Parameters: 0.999954 0.00116192 -0.00950126 -0.00121208 0.999986 -0.00526673 0.00949474 0.00527828 0.999941 0.0960933 -0.731899 0.239185
FixedParameters: 0 0 0

#Transform 127
Transform: AffineTransform_float_3_3
Parameters: 0.999952 0.00163506 -0.00959329 -0.00168294 0.999986 -0.00499109 0.0095847 0.00500691 0.999941 0.0973883 -0.747027 0.228198
FixedParameters: 0 0 0

#Transform 128
Transform: AffineTransform_float_3_3
Parameters: 0.999954 0.0012506 -0.00945084 -0.0012944 0.999988 -0.00458697 0.00944515 0.00459902 0.999945 0.0912696 -0.7506 0.227926
FixedParameters: 0 0 0

#Transform 129
Transform: AffineTransform_float_3_3
Parameters: 0.999953 0.0011136 -0.00956836 -0.0011674 0.999984 -0.00557709 0.00956162 0.0055879 0.999938 0.0977031 -0.778438 0.246825
FixedParameters: 0 0 0

#Transform 130
Transform: AffineTransform_float_3_3
Parameters: 0.999954 0.00127198 -0.00949553 -0.00132702 0.999983 -0.00578967 0.00948847 0.00580234 0.999938 0.10077 -0.793207 0.224665
FixedParameters: 0 0 0

#Transform 131
Transform: AffineTransform_float_3_3
Parameters: 0.999952 0.00106363 -0.00966983 -0.00112438 0.99998 -0.00624042 0.00966316 0.00625057 0.999934 0.0940868 -0.807422 0.209617
FixedParameters: 0 0 0

#Transform 132
Transform: AffineTransform_float_3_3
Parameters: 0.999952 0.00109792 -0.00967604 -0.00115007 0.999985 -0.00537712 0.00966994 0.00538887 0.999938 0.0931167 -0.79919 0.21878
FixedParameters: 0 0 0

#Transform 133
Transform: AffineTransform_float_3_3
Parameters: 0.999952 0.00103378 -0.00976511 -0.00108121 0.999987 -0.00483067 0.00975988 0.00484132 0.99994 0.0938455 -0.817601 0.231038
FixedParameters: 0 0 0

#Transform 134
Transform: AffineTransform_float_3_3
Parameters: 0.999952 0.00137454 -0.00963248 -0.00142546 0.999984 -0.00533752 0.00962552 0.00535048 0.99994 0.0909926 -0.835148 0.209982
FixedParameters: 0 0 0

#Transform 135
Transform: AffineTransform_float_3_3
Parameters: 0.999949 0.00150658 -0.00992472 -0.00156342 0.999982 -0.00567977 0.00991626 0.00569422 0.999934 0.0837803 -0.864436 0.177948
FixedParameters: 0 0 0

#Transform 136
Transform: AffineTransform_float_3_3
Parameters: 0.999955 0.00130556 -0.00940143 -0.00135844 0.999983 -0.00557348 0.00939357 0.00558651 0.999941 0.082983 -0.85916 0.145488
FixedParameters: 0 0 0

#Transform 137
Transform: AffineTransform_float_3_3
Parameters: 0.999953 0.00129643 -0.00959155 -0.00134358 0.999987 -0.00495534 0.00958545 0.00496766 0.999941 0.0891285 -0.8698 0.143728
FixedParameters: 0 0 0

#Transform 138
Transform: AffineTransform_float_3_3
Parameters: 0.99995 0.00142833 -0.0098215 -0.00147967 0.999985 -0.00515372 0.0098145 0.00516827 0.999939 0.0838374 -0.884072 0.158796
FixedParameters: 0 0 0

#Transform 139
Transform: AffineTransform_float_3_3
Parameters: 0.999951 0.00158866 -0.00983859 -0.00164034 0.999985 -0.00531413 0.00983041 0.00532988 0.999937 0.0648281 -0.912526 0.0885143
FixedParameters: 0 0 0

#Transform 140
Transform: AffineTransform_float_3_3
Parameters: 0.999955 0.00156104 -0.00933997 -0.00160796 0.999986 -0.00502221 0.00933203 0.00503679 0.999944 0.0471353 -0.943198 0.0281484
FixedParameters: 0 0 0

#Transform 141
Transform: AffineTransform_float_3_3
Parameters: 0.999953 0.00177883 -0.00953796 -0.00182116 0.999988 -0.00441383 0.00953004 0.00443116 0.999945 0.0401433 -0.942773 0.00852228
FixedParameters: 0 0 0

#Transform 142
Transform: AffineTransform_float_3_3
Parameters: 0.999957 0.00166193 -0.00904708 -0.00170007 0.999989 -0.0042018 0.00904092 0.0042172 0.99995 0.0441502 -0.953863 0.0098658
FixedParameters: 0 0 0

#Transform 143
Transform: AffineTransform_float_3_3
Parameters: 0.999958 0.00176144 -0.00892909 -0.00180156 0.999988 -0.0045361 0.0089209 0.0045519 0.99995 0.0290701 -0.971413 -0.00137559
FixedParameters: 0 0 0

#Transform 144
Transform: AffineTransform_float_3_3
Parameters: 0.999955 0.00210879 -0.00925342 -0.00215421 0.999986 -0.00487829 0.00924258 0.00489771 0.999946 0.0300525 -0.994478 -0.0394008
FixedParameters: 0 0 0

#Transform 145
Transform: AffineTransform_float_3_3
Parameters: 0.999955 0.00199148 -0.00929555 -0.00203052 0.999989 -0.00424432 0.00928644 0.00426269 0.999948 0.0177553 -1.02106 -0.0356071
FixedParameters: 0 0 0

#Transform 146
Transform: AffineTransform_float_3_3
Parameters: 0.999953 0.00215902 -0.00937406 -0.00219798 0.999989 -0.00414959 0.00936494 0.00417041 0.999948 0.0177133 -1.00655 -0.0364392
FixedParameters: 0 0 0

#Transform 147
Transform: AffineTransform_float_3_3
Parameters: 0.999949 0.00244245 -0.00981469 -0.00248554 0.999987 -0.00432483 0.00980332 0.00434917 0.999943 0.0140692 -1.02362 -0.00196574
FixedParameters: 0 0 0

#Transform 148
Transform: AffineTransform_float_3_3
Parameters: 0.999949 0.0023942 -0.0098063 -0.0024408 0.999986 -0.0046613 0.0097947 0.00468469 0.999941 0.00749275 -1.04498 -0.0166465
FixedParameters: 0 0 0

#Transform 149
Transform: AffineTransform_float_3_3
Parameters: 0.999946 0.00296359 -0.0100195 -0.00300841 0.999986 -0.0045201 0.0100055 0.0045499 0.999939 0.00116444 -1.06308 -0.0386011
FixedParameters: 0 0 0

#Transform 150
Transform: AffineTransform_float_3_3
Parameters: 0.999947 0.00255096 -0.0100385 -0.00259205 0.999989 -0.0040782 0.0100285 0.0041038 0.999942 0.000837122 -1.0574 -0.0156288
FixedParameters: 0 0 0

#Transform 151
Transform: AffineTransform_float_3_3
Parameters: 0.999943 0.00263139 -0.0103552 -0.00267462 0.999987 -0.00420054 0.0103448 0.00422746 0.999938 -0.0069918 -1.06794 -0.00553039
FixedParameters: 0 0 0

#Transform 152
Transform: AffineTransform_float_3_3
Parameters: 0.99994 0.00290754 -0.0105736 -0.00296046 0.999984 -0.004949 0.0105594 0.00498 0.999932 -0.00612863 -1.10592 -0.0603994
FixedParameters: 0 0 0

#Transform 153
Transform: AffineTransform_float_3_3
Parameters: 0.999944 0.00254548 -0.0102649 -0.00259253 0.999986 -0.00461964 0.0102531 0.00464536 0.999936 -0.00670703 -1.09944 -0.0584439
FixedParameters: 0 0 0

#Transform 154
Transform: AffineTransform_float_3_3
Parameters: 0.999947 0.00268519 -0.0100083 -0.00271681 0.999991 -0.00306597 0.00999969 0.00309302 0.999945 -0.0237983 -1.10311 0.0552829
FixedParameters: 0 0 0

#Transform 155
Transform: AffineTransform_float_3_3
Parameters: 0.999943 0.00280651 -0.0102923 -0.00285549 0.999985 -0.00469988 0.0102787 0.00472912 0.999936 -0.0215374 -1.11071 -0.0366079
FixedParameters: 0 0 0
