#Insight Transform File V1.0
#Transform 0
Transform: AffineTransform_float_3_3
Parameters: 1 -0.00113663 0.00023677 0.00113737 0.999998 -0.00155673 -0.000234229 0.00155727 0.999999 0.000950759 0.0330979 -0.146659
FixedParameters: 0 0 0

#Transform 1
Transform: AffineTransform_float_3_3
Parameters: 0.999999 -0.001327 2.43107e-06 0.001327 0.999998 -0.001832 4.3107e-07 0.001832 0.999999 -0.0014977 0.0296221 -0.129718
FixedParameters: 0 0 0

#Transform 2
Transform: AffineTransform_float_3_3
Parameters: 1 -0.001094 1.48456e-06 0.001094 0.999998 -0.001357 4.84559e-07 0.001357 0.999999 0.0113709 0.0232771 -0.134815
FixedParameters: 0 0 0

#Transform 3
Transform: AffineTransform_float_3_3
Parameters: 0.999999 -0.00134753 -0.000236975 0.00134646 0.999996 -0.00224532 0.000240023 0.00224468 0.999998 0.0148214 0.00664505 -0.155129
FixedParameters: 0 0 0

#Transform 4
Transform: AffineTransform_float_3_3
Parameters: 0.999999 -0.0018017 -0.000444155 0.0018013 0.999997 -0.0015798 0.000446846 0.0015792 0.999998 0.0201842 -0.0044948 -0.137844
FixedParameters: 0 0 0

#Transform 5
Transform: AffineTransform_float_3_3
Parameters: 0.999997 -0.00189117 -0.0010068 0.00189083 0.999998 -0.00116491 0.0010092 0.00116309 0.999999 0.023016 -0.0248262 -0.0962332
FixedParameters: 0 0 0

#Transform 6
Transform: AffineTransform_float_3_3
Parameters: 0.999999 -0.0012842 -0.000906297 0.0012828 0.999999 -0.00132716 0.000907702 0.00132584 0.999998 -0.00393194 -0.00179259 -0.0797953
FixedParameters: 0 0 0

#Transform 7
Transform: AffineTransform_float_3_3
Parameters: 1 -0.000942628 -0.000673522 0.000942374 1 0.000553366 0.000673479 -0.000553635 0.999999 -0.00890375 0.0191619 0.0631167
FixedParameters: 0 0 0

#Transform 8
Transform: AffineTransform_float_3_3
Parameters: 1 -0.00113311 -0.000313615 0.00113289 1 -0.000340356 0.000314386 0.000340644 1 0.0049317 -0.0106306 0.0442816
FixedParameters: 0 0 0

#Transform 9
Transform: AffineTransform_float_3_3
Parameters: 0.999999 -0.00124585 -0.000600311 0.00124615 0.999999 0.000249252 0.000599688 -0.000250747 1 0.00668968 0.00484017 0.0668001
FixedParameters: 0 0 0

#Transform 10
Transform: AffineTransform_float_3_3
Parameters: 0.999998 -0.00147054 -0.000658021 0.00147046 0.999998 0.000694033 0.000656978 -0.000694966 0.999999 0.010451 0.00310525 0.0546051
FixedParameters: 0 0 0

#Transform 11
Transform: AffineTransform_float_3_3
Parameters: 0.999998 -0.00189528 -0.000674022 0.00189572 0.999997 0.00106572 0.000671978 -0.00106728 0.999999 0.0290483 -0.022655 0.0751973
FixedParameters: 0 0 0

#Transform 12
Transform: AffineTransform_float_3_3
Parameters: 0.999997 -0.00236044 -0.000326064 0.00236156 0.999995 0.00172124 0.000321936 -0.00172177 0.999999 0.0451265 -0.0235545 0.132127
FixedParameters: 0 0 0

#Transform 13
Transform: AffineTransform_float_3_3
Parameters: 0.999998 -0.0014067 -0.00084716 0.0014083 0.999998 0.00153381 0.00084484 -0.00153519 0.999999 0.0186685 -0.0257512 0.135142
FixedParameters: 0 0 0

#Transform 14
Transform: AffineTransform_float_3_3
Parameters: 0.999998 -0.0013035 -0.00112458 0.0013045 0.999999 0.000445534 0.00112442 -0.000447466 1 0.00923237 -0.0147435 0.101867
FixedParameters: 0 0 0

#Transform 15
Transform: AffineTransform_float_3_3
Parameters: 0.999999 -0.00114068 -0.000503721 0.00114132 0.999999 0.000631425 0.000503278 -0.000632574 0.999999 0.0183134 -0.0152737 0.0679171
FixedParameters: 0 0 0

#Transform 16
Transform: AffineTransform_float_3_3
Parameters: 0.999999 -0.000698382 -0.000451956 0.000698617 0.999999 0.00136768 0.000451045 -0.00136732 0.999999 0.000776239 -0.0253247 0.0912217
FixedParameters: 0 0 0

#Transform 17
Transform: AffineTransform_float_3_3
Parameters: 1 -0.000925757 -0.000559064 0.000927243 0.999997 0.00222748 0.000556936 -0.00222852 0.999998 0.0106947 -0.0155891 0.131773
FixedParameters: 0 0 0

#Transform 18
Transform: AffineTransform_float_3_3
Parameters: 0.999999 0.000123856 0.00167909 -0.000125143 1 0.000680791 -0.00167892 -0.000681209 0.999999 0.00195382 -0.014624 -0.100586
FixedParameters: 0 0 0

#Transform 19
Transform: AffineTransform_float_3_3
Parameters: 0.999999 -0.000189964 0.000789008 0.000190036 1 -4.58501e-05 -0.000788991 4.61499e-05 0.999999 0.00529623 0.00238892 -0.0469789
FixedParameters: 0 0 0

#Transform 20
Transform: AffineTransform_float_3_3
Parameters: 1 -0.000101972 9.30312e-05 0.000102028 1 -0.00030599 -9.29688e-05 0.000306009 1 -0.00711879 0.00985807 -0.0315315
FixedParameters: 0 0 0

#Transform 21
Transform: AffineTransform_float_3_3
Parameters: 1 0.000172016 9.29711e-05 -0.000171984 1 -0.000168016 -9.30289e-05 0.000167984 1 -0.0199197 0.00335045 -0.0471699
FixedParameters: 0 0 0

#Transform 22
Transform: AffineTransform_float_3_3
Parameters: 0.999999 0.000690829 -0.000588026 -0.00069017 0.999999 0.00141041 0.000588973 -0.00140959 0.999999 -0.0302633 -0.00572571 0.0562347
FixedParameters: 0 0 0

#Transform 23
Transform: AffineTransform_float_3_3
Parameters: 0.999999 0.000630694 -0.000398904 -0.000629306 0.999999 0.00173825 0.000400094 -0.00173775 0.999999 -0.0261843 -0.0157116 0.071525
FixedParameters: 0 0 0

#Transform 24
Transform: AffineTransform_float_3_3
Parameters: 1 0.00062986 8.10941e-05 -0.00062914 0.999999 0.00173695 -7.99072e-05 -0.00173705 0.999998 -0.0147036 0.00783514 -0.00952422
FixedParameters: 0 0 0

#Transform 25
Transform: AffineTransform_float_3_3
Parameters: 1 0.000615996 3.06814e-06 -0.000616004 0.999999 0.001734 -1.93185e-06 -0.001734 0.999998 -0.00622501 0.0279043 0.00302972
FixedParameters: 0 0 0

#Transform 26
Transform: AffineTransform_float_3_3
Parameters: 0.999999 0.000754605 0.000529992 -0.000756395 0.999996 0.0026366 -0.000528008 -0.0026364 0.999997 -0.0197907 0.0836844 0.13586
FixedParameters: 0 0 0

#Transform 27
Transform: AffineTransform_float_3_3
Parameters: 0.999999 0.000796852 -0.00114903 -0.000793147 0.999996 0.00248091 0.00115097 -0.00248008 0.999997 -0.0220201 0.0441739 0.0816332
FixedParameters: 0 0 0

#Transform 28
Transform: AffineTransform_float_3_3
Parameters: 1 0.000968234 -0.000557138 -0.000965769 0.999992 0.00399354 0.000560862 -0.00399346 0.999992 -0.00468431 0.106076 0.188309
FixedParameters: 0 0 0

#Transform 29
Transform: AffineTransform_float_3_3
Parameters: 0.999999 0.000970842 0.000113351 -0.000971157 0.999998 0.00139189 -0.000112648 -0.00139211 0.999999 0.00374507 0.116153 0.565749
FixedParameters: 0 0 0

#Transform 30
Transform: AffineTransform_float_3_3
Parameters: 0.999998 0.00127856 -0.00154306 -0.00127544 0.999996 0.00230397 0.00154594 -0.00230203 0.999996 -0.0339621 0.0736456 0.382107
FixedParameters: 0 0 0

#Transform 31
Transform: AffineTransform_float_3_3
Parameters: 0.999998 0.00125791 -0.00165227 -0.00125209 0.999995 0.00296908 0.00165572 -0.00296692 0.999994 -0.0137201 0.119833 0.439715
FixedParameters: 0 0 0

#Transform 32
Transform: AffineTransform_float_3_3
Parameters: 0.999999 0.00118387 -0.000532672 -0.00118113 0.999985 0.00535163 0.000539329 -0.00535136 0.999985 0.00459578 0.0819069 0.390453
FixedParameters: 0 0 0

#Transform 33
Transform: AffineTransform_float_3_3
Parameters: 0.999999 0.0016065 -0.000903045 -0.0016015 0.999987 0.00495946 0.000910952 -0.00495755 0.999988 -0.0108434 0.0984749 0.473296
FixedParameters: 0 0 0

#Transform 34
Transform: AffineTransform_float_3_3
Parameters: 0.999998 0.00225636 9.55664e-05 -0.00225665 0.999971 0.00734081 -7.94359e-05 -0.0073412 0.999973 -0.00899868 0.109351 0.76078
FixedParameters: 0 0 0

#Transform 35
Transform: AffineTransform_float_3_3
Parameters: 0.999999 0.00166266 0.000727692 -0.00166535 0.999988 0.0046208 -0.000720311 -0.00462221 0.999989 -0.0051598 0.0658036 0.599145
FixedParameters: 0 0 0

#Transform 36
Transform: AffineTransform_float_3_3
Parameters: 0.999999 0.000651647 -0.000684489 -0.00064935 0.999993 0.00386145 0.000687512 -0.00386056 0.999993 0.0176738 0.139134 0.662421
FixedParameters: 0 0 0

#Transform 37
Transform: AffineTransform_float_3_3
Parameters: 0.999999 0.00140676 -0.000447491 -0.00140524 0.999992 0.00391864 0.00045251 -0.00391837 0.999992 0.00190649 0.106546 0.620093
FixedParameters: 0 0 0

#Transform 38
Transform: AffineTransform_float_3_3
Parameters: 0.999984 0.0050927 -0.0023746 -0.0050763 0.999965 0.00657416 0.00240739 -0.00656184 0.999976 -0.0969424 0.0842639 0.624712
FixedParameters: 0 0 0

#Transform 39
Transform: AffineTransform_float_3_3
Parameters: 0.999983 0.00576664 -0.00134054 -0.00575836 0.999967 0.00563682 0.00137246 -0.00562918 0.999983 -0.11813 0.113288 0.608063
FixedParameters: 0 0 0

#Transform 40
Transform: AffineTransform_float_3_3
Parameters: 0.999986 0.00501108 -0.00136263 -0.00500392 0.999971 0.0058689 0.00139137 -0.00586211 0.999982 -0.0945183 0.0962562 0.58108
FixedParameters: 0 0 0

#Transform 41
Transform: AffineTransform_float_3_3
Parameters: 0.999991 0.00400475 -0.000717351 -0.00400124 0.999978 0.00515991 0.000738651 -0.00515709 0.999987 -0.0560614 0.10037 0.526146
FixedParameters: 0 0 0

#Transform 42
Transform: AffineTransform_float_3_3
Parameters: 0.999991 0.00405584 -0.00102414 -0.00405016 0.999976 0.00564119 0.00104785 -0.0056368 0.999983 -0.0670603 0.0934509 0.544735
FixedParameters: 0 0 0

#Transform 43
Transform: AffineTransform_float_3_3
Parameters: 0.99999 0.00439205 -0.000774397 -0.00438796 0.999977 0.00515045 0.000796601 -0.00514656 0.999987 -0.0528436 0.0676176 0.501717
FixedParameters: 0 0 0

#Transform 44
Transform: AffineTransform_float_3_3
Parameters: 0.999993 0.0038449 -0.000694754 -0.0038411 0.999978 0.00552971 0.000716247 -0.00552729 0.999984 -0.0433112 0.0753712 0.535018
FixedParameters: 0 0 0

#Transform 45
Transform: AffineTransform_float_3_3
Parameters: 0.999992 0.00377826 -0.00114659 -0.00377275 0.999979 0.00540837 0.00116641 -0.00540364 0.999984 -0.0783204 0.0728635 0.525493
FixedParameters: 0 0 0

#Transform 46
Transform: AffineTransform_float_3_3
Parameters: 0.999991 0.00405391 -0.00173937 -0.00404509 0.999979 0.00509808 0.00175963 -0.00509091 0.999985 -0.0968741 0.0472894 0.459945
FixedParameters: 0 0 0

#Transform 47
Transform: AffineTransform_float_3_3
Parameters: 0.99999 0.00418432 -0.00157367 -0.00417767 0.99998 0.00462762 0.00159333 -0.00462038 0.999988 -0.0791559 0.0195427 0.432454
FixedParameters: 0 0 0

#Transform 48
Transform: AffineTransform_float_3_3
Parameters: 0.999991 0.00412842 -0.000729924 -0.00412558 0.999981 0.00462405 0.000749079 -0.00462095 0.999989 -0.0812761 0.0402311 0.403993
FixedParameters: 0 0 0

#Transform 49
Transform: AffineTransform_float_3_3
Parameters: 0.999993 0.00366802 -0.000940449 -0.00366398 0.999985 0.00424348 0.000955552 -0.00424052 0.99999 -0.101669 0.0259239 0.461537
FixedParameters: 0 0 0

#Transform 50
Transform: AffineTransform_float_3_3
Parameters: 0.999992 0.00367835 -0.00110332 -0.00367265 0.999981 0.00481309 0.00112068 -0.00480891 0.999988 -0.0852323 0.0424158 0.482593
FixedParameters: 0 0 0

#Transform 51
Transform: AffineTransform_float_3_3
Parameters: 0.999993 0.00352978 -0.00126119 -0.00352322 0.999979 0.00533648 0.00128081 -0.00533251 0.999985 -0.0888102 0.0592557 0.506713
FixedParameters: 0 0 0

#Transform 52
Transform: AffineTransform_float_3_3
Parameters: 0.99999 0.00413863 -0.0013783 -0.00413037 0.999977 0.00549375 0.0014007 -0.00548726 0.999984 -0.0857524 0.0488951 0.491032
FixedParameters: 0 0 0

#Transform 53
Transform: AffineTransform_float_3_3
Parameters: 0.999993 0.00361217 -0.00141889 -0.00360584 0.999981 0.00502016 0.00143711 -0.00501485 0.999987 -0.0871999 0.0610407 0.52102
FixedParameters: 0 0 0

#Transform 54
Transform: AffineTransform_float_3_3
Parameters: 0.999989 0.00437025 -0.00136357 -0.00436075 0.999963 0.00743203 0.00139543 -0.00742598 0.999972 -0.0853454 0.0472946 0.611024
FixedParameters: 0 0 0

#Transform 55
Transform: AffineTransform_float_3_3
Parameters: 0.999991 0.00420363 5.81142e-05 -0.00420337 0.999944 0.00977985 -1.68914e-05 -0.00978016 0.999952 -0.0482517 0.141134 0.604666
FixedParameters: 0 0 0

#Transform 56
Transform: AffineTransform_float_3_3
Parameters: 0.999991 0.00398216 0.00095336 -0.00399083 0.999957 0.00836726 -0.000919633 -0.00837073 0.999964 -0.0648677 0.139962 0.577724
FixedParameters: 0 0 0

#Transform 57
Transform: AffineTransform_float_3_3
Parameters: 0.999991 0.00435697 0.000541018 -0.00436004 0.999974 0.0057387 -0.000515986 -0.00574031 0.999984 -0.0510473 0.0729088 0.525425
FixedParameters: 0 0 0

#Transform 58
Transform: AffineTransform_float_3_3
Parameters: 0.99999 0.0043593 0.000108408 -0.0043607 0.999961 0.0076626 -7.45894e-05 -0.0076624 0.99997 -0.0499257 0.0884222 0.544867
FixedParameters: 0 0 0

#Transform 59
Transform: AffineTransform_float_3_3
Parameters: 0.99999 0.00463239 0.000106085 -0.00463361 0.999967 0.00670958 -7.49137e-05 -0.00670942 0.999978 -0.0474286 0.0715529 0.461594
FixedParameters: 0 0 0

#Transform 60
Transform: AffineTransform_float_3_3
Parameters: 0.999992 0.004124 0.000700317 -0.00413 0.999953 0.00879818 -0.00066368 -0.00880181 0.999961 -0.0402676 0.0721806 0.542917
FixedParameters: 0 0 0

#Transform 61
Transform: AffineTransform_float_3_3
Parameters: 0.999992 0.00380932 0.000405936 -0.00381267 0.999969 0.0068055 -0.000380057 -0.00680749 0.999977 -0.0258405 0.1184 0.44345
FixedParameters: 0 0 0

#Transform 62
Transform: AffineTransform_float_3_3
Parameters: 0.999993 0.00356078 0.00112465 -0.00356522 0.999982 0.00467102 -0.00110835 -0.00467498 0.999989 -0.0460357 0.12692 0.545362
FixedParameters: 0 0 0

#Transform 63
Transform: AffineTransform_float_3_3
Parameters: 0.999994 0.00332538 0.00115506 -0.00333561 0.999959 0.0084242 -0.00112693 -0.0084278 0.999964 -0.0357561 0.113514 0.581151
FixedParameters: 0 0 0

#Transform 64
Transform: AffineTransform_float_3_3
Parameters: 0.999992 0.00383838 0.00111426 -0.00384962 0.999945 0.00969079 -0.00107674 -0.00969421 0.999953 -0.0415795 0.183735 0.589088
FixedParameters: 0 0 0

#Transform 65
Transform: AffineTransform_float_3_3
Parameters: 0.999986 0.00464985 0.00274914 -0.00465715 0.999986 0.00260123 -0.00273687 -0.00261376 0.999993 -0.0432226 0.037337 0.305006
FixedParameters: 0 0 0

#Transform 66
Transform: AffineTransform_float_3_3
Parameters: 0.999993 0.00348019 0.0013481 -0.00348581 0.999985 0.00433333 -0.0013329 -0.00433767 0.999989 -0.0307158 0.0930312 0.424855
FixedParameters: 0 0 0

#Transform 67
Transform: AffineTransform_float_3_3
Parameters: 0.999995 0.00319949 0.00104009 -0.00320551 0.99998 0.0053357 -0.00102391 -0.00533831 0.999985 -0.0246297 0.0852724 0.402061
FixedParameters: 0 0 0

#Transform 68
Transform: AffineTransform_float_3_3
Parameters: 0.999995 0.00304124 0.000797497 -0.00304577 0.999984 0.0047626 -0.000783502 -0.00476441 0.999989 -0.0208127 0.0837593 0.347849
FixedParameters: 0 0 0

#Transform 69
Transform: AffineTransform_float_3_3
Parameters: 0.999993 0.00344973 0.000851366 -0.00345227 0.999986 0.00387108 -0.000837637 -0.00387391 0.999992 -0.0481493 0.0559653 0.366975
FixedParameters: 0 0 0

#Transform 70
Transform: AffineTransform_float_3_3
Parameters: 0.999991 0.00353805 0.00201595 -0.00354195 0.999992 0.00195988 -0.00200905 -0.00196712 0.999996 -0.0570398 0.147813 0.399024
FixedParameters: 0 0 0

#Transform 71
Transform: AffineTransform_float_3_3
Parameters: 0.99999 0.00375561 0.00219153 -0.00376038 0.999991 0.00200078 -0.00218346 -0.00200922 0.999995 -0.0546979 0.0884201 0.489779
FixedParameters: 0 0 0

#Transform 72
Transform: AffineTransform_float_3_3
Parameters: 0.999985 0.00433778 0.00326861 -0.00434523 0.999988 0.00220583 -0.0032594 -0.00221917 0.999992 -0.0352467 0.0603839 0.491471
FixedParameters: 0 0 0

#Transform 73
Transform: AffineTransform_float_3_3
Parameters: 0.999984 0.004675 0.00316635 -0.00468199 0.999986 0.00220521 -0.00315565 -0.00221979 0.999993 -0.0265827 0.0594571 0.498033
FixedParameters: 0 0 0

#Transform 74
Transform: AffineTransform_float_3_3
Parameters: 0.999986 0.0044546 0.0027851 -0.0044634 0.999985 0.00337862 -0.00276991 -0.00339039 0.999991 -0.0613461 0.0710929 0.482538
FixedParameters: 0 0 0

#Transform 75
Transform: AffineTransform_float_3_3
Parameters: 0.999987 0.00451872 0.00226263 -0.00452828 0.999982 0.00411381 -0.00224337 -0.00412419 0.999989 -0.0645744 0.0444303 0.527272
FixedParameters: 0 0 0

#Transform 76
Transform: AffineTransform_float_3_3
Parameters: 0.999987 0.00473737 0.00155344 -0.00474461 0.999976 0.00493969 -0.00152956 -0.0049473 0.999986 -0.0638631 0.0309799 0.578072
FixedParameters: 0 0 0

#Transform 77
Transform: AffineTransform_float_3_3
Parameters: 0.999993 0.00379928 0.000798069 -0.00380172 0.999987 0.00343699 -0.000784933 -0.00344001 0.999994 -0.0660083 0.0539789 0.546619
FixedParameters: 0 0 0

#Transform 78
Transform: AffineTransform_float_3_3
Parameters: 0.999993 0.00357369 0.000374686 -0.0035743 0.999988 0.00354868 -0.000361314 -0.00355031 0.999993 -0.0677182 0.0476241 0.50393
FixedParameters: 0 0 0

#Transform 79
Transform: AffineTransform_float_3_3
Parameters: 0.999995 0.00314739 0.000560143 -0.00314861 0.999991 0.00290325 -0.000550859 -0.00290475 0.999995 -0.0809492 0.057172 0.564348
FixedParameters: 0 0 0

#Transform 80
Transform: AffineTransform_float_3_3
Parameters: 0.999993 0.00383181 0.000454168 -0.00383319 0.999989 0.00265228 -0.000443833 -0.00265372 0.999997 -0.0834272 -0.00040431 0.535227
FixedParameters: 0 0 0

#Transform 81
Transform: AffineTransform_float_3_3
Parameters: 0.999993 0.00385501 0.000389894 -0.00385599 0.99999 0.00256552 -0.000380104 -0.00256748 0.999996 -0.0852273 0.00870663 0.56426
FixedParameters: 0 0 0

#Transform 82
Transform: AffineTransform_float_3_3
Parameters: 0.999992 0.00381811 0.000733615 -0.00381888 0.999992 0.00120721 -0.000729385 -0.00120979 0.999999 -0.0922663 0.0151014 0.450773
FixedParameters: 0 0 0

#Transform 83
Transform: AffineTransform_float_3_3
Parameters: 0.999992 0.0038009 0.00123459 -0.0038041 0.999989 0.00251932 -0.00122441 -0.00252467 0.999996 -0.0686016 0.0661283 0.522557
FixedParameters: 0 0 0

#Transform 84
Transform: AffineTransform_float_3_3
Parameters: 0.999992 0.00381946 0.00100964 -0.00382153 0.999989 0.00252016 -0.00100037 -0.00252384 0.999997 -0.0783762 0.0617894 0.550867
FixedParameters: 0 0 0

#Transform 85
Transform: AffineTransform_float_3_3
Parameters: 0.999991 0.00393656 0.001071 -0.00393844 0.999989 0.0022838 -0.001062 -0.0022882 0.999997 -0.0792364 0.0271215 0.492918
FixedParameters: 0 0 0

#Transform 86
Transform: AffineTransform_float_3_3
Parameters: 0.999991 0.00376764 0.00163775 -0.00377136 0.999991 0.00205384 -0.00163024 -0.00206016 0.999996 -0.0698382 0.0458917 0.517078
FixedParameters: 0 0 0

#Transform 87
Transform: AffineTransform_float_3_3
Parameters: 0.999991 0.00422098 0.00115608 -0.00422402 0.999987 0.00262214 -0.00114592 -0.00262686 0.999996 -0.0727845 0.0261072 0.560296
FixedParameters: 0 0 0

#Transform 88
Transform: AffineTransform_float_3_3
Parameters: 0.999991 0.00393836 0.00120427 -0.00394263 0.999984 0.00387228 -0.00118873 -0.00387671 0.999992 -0.0752629 0.0483977 0.590623
FixedParameters: 0 0 0

#Transform 89
Transform: AffineTransform_float_3_3
Parameters: 0.999991 0.00395301 0.000996967 -0.00395699 0.999984 0.00403509 -0.000981034 -0.00403891 0.999992 -0.0882719 0.0442803 0.627404
FixedParameters: 0 0 0

#Transform 90
Transform: AffineTransform_float_3_3
Parameters: 0.99999 0.00426562 0.000584625 -0.00426838 0.999983 0.00412955 -0.000567371 -0.00413246 0.999992 -0.0925219 0.0457833 0.635299
FixedParameters: 0 0 0

#Transform 91
Transform: AffineTransform_float_3_3
Parameters: 0.999991 0.00436277 0.000330643 -0.00436423 0.999983 0.00381359 -0.000314354 -0.00381541 0.999992 -0.0870626 0.038709 0.641422
FixedParameters: 0 0 0

#Transform 92
Transform: AffineTransform_float_3_3
Parameters: 0.999992 0.00414306 0.000258536 -0.00414394 0.999985 0.00374896 -0.000242464 -0.00375004 0.999993 -0.0827889 0.0321303 0.588788
FixedParameters: 0 0 0

#Transform 93
Transform: AffineTransform_float_3_3
Parameters: 0.999992 0.00407706 0.000580808 -0.00407895 0.999986 0.00338466 -0.000567192 -0.00338734 0.999994 -0.0899811 0.0495076 0.535312
FixedParameters: 0 0 0

#Transform 94
Transform: AffineTransform_float_3_3
Parameters: 0.999992 0.00412249 0.000171709 -0.00412251 0.999987 0.00308232 -0.000159294 -0.00308268 0.999995 -0.086105 0.0172273 0.552251
FixedParameters: 0 0 0

#Transform 95
Transform: AffineTransform_float_3_3
Parameters: 0.999992 0.00385647 0.000171402 -0.00385753 0.999988 0.00321536 -0.000158597 -0.00321564 0.999995 -0.100368 0.030557 0.588711
FixedParameters: 0 0 0

#Transform 96
Transform: AffineTransform_float_3_3
Parameters: 0.999995 0.00291522 -8.37031e-05 -0.00291478 0.999992 0.00250325 9.02985e-05 -0.00250375 0.999997 -0.0994387 0.106598 0.609848
FixedParameters: 0 0 0

#Transform 97
Transform: AffineTransform_float_3_3
Parameters: 0.999993 0.00392007 -3.14301e-05 -0.00391994 0.999991 0.00193114 3.85692e-05 -0.00193086 0.999998 -0.0813639 0.023282 0.567089
FixedParameters: 0 0 0

#Transform 98
Transform: AffineTransform_float_3_3
Parameters: 0.999994 0.0034511 -4.70078e-05 -0.0034509 0.999992 0.00202617 5.39913e-05 -0.00202583 0.999998 -0.0604155 0.0105529 0.563186
FixedParameters: 0 0 0

#Transform 99
Transform: AffineTransform_float_3_3
Parameters: 0.999994 0.00343427 -0.000240211 -0.00343373 0.999993 0.00110383 0.00024479 -0.00110317 1 -0.059652 0.0157757 0.519299
FixedParameters: 0 0 0

#Transform 100
Transform: AffineTransform_float_3_3
Parameters: 0.999995 0.00333055 0.000385915 -0.00333145 0.999994 0.00117472 -0.000382087 -0.00117528 0.999999 -0.0606897 0.025265 0.561827
FixedParameters: 0 0 0

#Transform 101
Transform: AffineTransform_float_3_3
Parameters: 0.999993 0.0038652 0.000588334 -0.00386581 0.999992 0.00137874 -0.000583665 -0.00138127 0.999999 -0.084011 0.0303968 0.506047
FixedParameters: 0 0 0

#Transform 102
Transform: AffineTransform_float_3_3
Parameters: 0.99999 0.00413003 0.00120676 -0.00413197 0.99999 0.00163303 -0.00120024 -0.00163797 0.999998 -0.0870711 0.0402879 0.506385
FixedParameters: 0 0 0

#Transform 103
Transform: AffineTransform_float_3_3
Parameters: 0.999994 0.00314879 0.000957309 -0.00315121 0.999993 0.002319 -0.00094969 -0.002322 0.999997 -0.0907627 0.123312 0.599682
FixedParameters: 0 0 0

#Transform 104
Transform: AffineTransform_float_3_3
Parameters: 0.99999 0.00395937 0.00201732 -0.00395763 0.999992 -0.00068199 -0.00201968 0.00067401 0.999997 -0.0885983 0.0270222 0.544433
FixedParameters: 0 0 0

#Transform 105
Transform: AffineTransform_float_3_3
Parameters: 0.999988 0.00391632 0.00276004 -0.00390967 0.999989 -0.00229382 -0.00276895 0.00228318 0.999993 -0.0751474 0.0325433 0.620392
FixedParameters: 0 0 0

#Transform 106
Transform: AffineTransform_float_3_3
Parameters: 0.999986 0.00448423 0.00260902 -0.00447876 0.999988 -0.00200871 -0.00261797 0.00199729 0.999994 -0.0807522 0.0155896 0.554059
FixedParameters: 0 0 0

#Transform 107
Transform: AffineTransform_float_3_3
Parameters: 0.999989 0.00410684 0.001939 -0.00410316 0.99999 -0.00146597 -0.001945 0.00145803 0.999997 -0.0747575 -0.00849962 0.523732
FixedParameters: 0 0 0

#Transform 108
Transform: AffineTransform_float_3_3
Parameters: 0.99999 0.00411141 0.00162092 -0.0041086 0.999991 -0.00148267 -0.00162708 0.00147632 0.999997 -0.0736564 -0.025738 0.530285
FixedParameters: 0 0 0

#Transform 109
Transform: AffineTransform_float_3_3
Parameters: 0.99999 0.00424971 0.00173427 -0.0042483 0.999991 -0.000410372 -0.00173573 0.000403628 0.999999 -0.085098 0.00666501 0.547791
FixedParameters: 0 0 0

#Transform 110
Transform: AffineTransform_float_3_3
Parameters: 0.999989 0.00412854 0.00189482 -0.00412746 0.999992 -0.000290824 -0.00189618 0.000283175 0.999998 -0.0993945 0.0105045 0.582524
FixedParameters: 0 0 0

#Transform 111
Transform: AffineTransform_float_3_3
Parameters: 0.999993 0.00360519 0.00110912 -0.0036038 0.999993 -0.001078 -0.00111288 0.001074 0.999999 -0.109514 0.0102808 0.5681
FixedParameters: 0 0 0

#Transform 112
Transform: AffineTransform_float_3_3
Parameters: 0.999992 0.00378294 0.0012231 -0.00378206 0.999993 -0.000768632 -0.0012259 0.000763369 0.999999 -0.0940743 -0.00119666 0.557519
FixedParameters: 0 0 0

#Transform 113
Transform: AffineTransform_float_3_3
Parameters: 0.999992 0.00359008 0.00137879 -0.00358992 0.999993 -6.09502e-05 -0.00137921 5.60489e-05 0.999999 -0.0985009 0.0507108 0.63218
FixedParameters: 0 0 0

#Transform 114
Transform: AffineTransform_float_3_3
Parameters: 0.999987 0.0046572 0.00202814 -0.0046588 0.999989 0.000883562 -0.00202386 -0.000892436 0.999997 -0.0996303 0.0302386 0.719428
FixedParameters: 0 0 0

#Transform 115
Transform: AffineTransform_float_3_3
Parameters: 0.999988 0.00450717 0.00195852 -0.00451083 0.999989 0.00144218 -0.00195248 -0.00145082 0.999997 -0.107495 0.0351756 0.728356
FixedParameters: 0 0 0

#Transform 116
Transform: AffineTransform_float_3_3
Parameters: 0.999992 0.00396774 0.000764463 -0.00397226 0.999976 0.00565701 -0.000741534 -0.00565999 0.999983 -0.112588 0.0489268 0.913312
FixedParameters: 0 0 0

#Transform 117
Transform: AffineTransform_float_3_3
Parameters: 0.999991 0.00407928 0.00050737 -0.00408171 0.999976 0.00548097 -0.000484631 -0.00548302 0.999985 -0.11209 0.0225491 0.915473
FixedParameters: 0 0 0

#Transform 118
Transform: AffineTransform_float_3_3
Parameters: 0.999993 0.00372407 0.000653821 -0.00372794 0.999975 0.00612361 -0.000631177 -0.0061264 0.999981 -0.104483 0.0437951 0.930068
FixedParameters: 0 0 0

#Transform 119
Transform: AffineTransform_float_3_3
Parameters: 0.999992 0.00413041 0.000638668 -0.00413359 0.999975 0.00572641 -0.000615331 -0.00572959 0.999983 -0.118736 0.0229983 0.962157
FixedParameters: 0 0 0

#Transform 120
Transform: AffineTransform_float_3_3
Parameters: 0.999993 0.00384312 0.000345567 -0.00384488 0.999977 0.00560971 -0.000324437 -0.00561029 0.999984 -0.113343 0.0407316 0.959289
FixedParameters: 0 0 0

#Transform 121
Transform: AffineTransform_float_3_3
Parameters: 0.999993 0.00386783 0.000213382 -0.00386917 0.999976 0.00578522 -0.000191619 -0.00578578 0.999983 -0.129456 0.0348203 0.956037
FixedParameters: 0 0 0

#Transform 122
Transform: AffineTransform_float_3_3
Parameters: 0.999994 0.00363937 0.000120008 -0.00364063 0.999976 0.0057716 -9.89872e-05 -0.0057724 0.999984 -0.118839 0.0453501 0.952096
FixedParameters: 0 0 0

#Transform 123
Transform: AffineTransform_float_3_3
Parameters: 0.99999 0.00389534 0.00194362 -0.00390866 0.999968 0.00707547 -0.00191637 -0.00708353 0.999973 -0.0948077 0.0793329 0.973692
FixedParameters: 0 0 0

#Transform 124
Transform: AffineTransform_float_3_3
Parameters: 0.999989 0.00425274 0.00186718 -0.00426527 0.999969 0.0066131 -0.00183982 -0.00662089 0.999976 -0.114859 0.0472856 0.958611
FixedParameters: 0 0 0

#Transform 125
Transform: AffineTransform_float_3_3
Parameters: 0.999991 0.00394126 0.00114252 -0.00394874 0.999975 0.00596054 -0.00111847 -0.00596546 0.999981 -0.109202 0.0316172 0.957344
FixedParameters: 0 0 0

#Transform 126
Transform: AffineTransform_float_3_3
Parameters: 0.999992 0.00383855 0.00115491 -0.00384846 0.999958 0.00829962 -0.00112309 -0.00830338 0.999965 -0.0753929 0.121986 0.985142
FixedParameters: 0 0 0

#Transform 127
Transform: AffineTransform_float_3_3
Parameters: 0.999989 0.00382926 0.00244739 -0.00384573 0.999969 0.00687066 -0.00242062 -0.00688034 0.999974 -0.0950278 0.124173 0.937354
FixedParameters: 0 0 0

#Transform 128
Transform: AffineTransform_float_3_3
Parameters: 0.999987 0.00433878 0.00239048 -0.00435022 0.99998 0.00470866 -0.00236952 -0.00471934 0.999986 -0.0942476 0.0650672 0.944047
FixedParameters: 0 0 0

#Transform 129
Transform: AffineTransform_float_3_3
Parameters: 0.999984 0.00446646 0.00340392 -0.00447454 0.999987 0.0022108 -0.00339408 -0.00222619 0.999992 -0.0939145 0.0466551 0.823548
FixedParameters: 0 0 0

#Transform 130
Transform: AffineTransform_float_3_3
Parameters: 0.999986 0.00442565 0.00292436 -0.00444035 0.999977 0.00526309 -0.00290164 -0.00527592 0.999982 -0.103255 0.164861 0.996621
FixedParameters: 0 0 0

#Transform 131
Transform: AffineTransform_float_3_3
Parameters: 0.999989 0.0045391 0.0016908 -0.0045419 0.999988 0.00171334 -0.0016832 -0.00172166 0.999997 -0.0855143 0.0182899 0.716527
FixedParameters: 0 0 0

#Transform 132
Transform: AffineTransform_float_3_3
Parameters: 0.999986 0.0049625 0.00192843 -0.00496449 0.999987 0.00129144 -0.00192257 -0.00130056 0.999998 -0.113787 0.0256782 0.677637
FixedParameters: 0 0 0

#Transform 133
Transform: AffineTransform_float_3_3
Parameters: 0.999987 0.00447863 0.00217111 -0.00448437 0.999987 0.00247429 -0.00216089 -0.00248371 0.999994 -0.121821 0.0249562 0.719877
FixedParameters: 0 0 0

#Transform 134
Transform: AffineTransform_float_3_3
Parameters: 0.999989 0.00449408 0.00162532 -0.00449592 0.999989 0.00118071 -0.00161968 -0.00118829 0.999998 -0.121976 0.0525159 0.709424
FixedParameters: 0 0 0

#Transform 135
Transform: AffineTransform_float_3_3
Parameters: 0.99999 0.00434562 0.00124582 -0.00434738 0.99999 0.00110759 -0.00124118 -0.0011124 0.999998 -0.0916885 -0.03122 0.684273
FixedParameters: 0 0 0

#Transform 136
Transform: AffineTransform_float_3_3
Parameters: 0.999989 0.00458461 0.000694273 -0.0045864 0.999988 0.00202084 -0.000684725 -0.00202416 0.999997 -0.0948583 0.0037966 0.717885
FixedParameters: 0 0 0

#Transform 137
Transform: AffineTransform_float_3_3
Parameters: 0.99999 0.00462961 0.000152272 -0.00463039 0.999986 0.00265032 -0.000140728 -0.00265068 0.999997 -0.100953 0.00320032 0.751485
FixedParameters: 0 0 0

#Transform 138
Transform: AffineTransform_float_3_3
Parameters: 0.999989 0.00455626 0.000324527 -0.00455673 0.999987 0.00230955 -0.000313476 -0.00231045 0.999998 -0.0998441 -0.00403276 0.724727
FixedParameters: 0 0 0

#Transform 139
Transform: AffineTransform_float_3_3
Parameters: 0.999989 0.00475375 0.000693612 -0.00475525 0.999987 0.00180972 -0.000684387 -0.00181327 0.999998 -0.10795 -0.00162905 0.682062
FixedParameters: 0 0 0

#Transform 140
Transform: AffineTransform_float_3_3
Parameters: 0.999992 0.00394703 -0.000406103 -0.00394597 0.999989 0.00250862 0.000415895 -0.00250638 0.999997 -0.121256 -0.0107795 0.758842
FixedParameters: 0 0 0

#Transform 141
Transform: AffineTransform_float_3_3
Parameters: 0.999993 0.00385947 -0.000189775 -0.00385854 0.999989 0.00239075 0.000199221 -0.00238925 0.999997 -0.112417 -0.00104826 0.753925
FixedParameters: 0 0 0

#Transform 142
Transform: AffineTransform_float_3_3
Parameters: 0.99999 0.00447405 -2.79531e-05 -0.00447395 0.999989 0.00157514 3.40462e-05 -0.00157486 0.999999 -0.119644 -0.0432184 0.65266
FixedParameters: 0 0 0

#Transform 143
Transform: AffineTransform_float_3_3
Parameters: 0.99999 0.00431163 -0.000503597 -0.00431136 0.99999 0.00125418 0.000509402 -0.00125182 0.999999 -0.116265 -0.0297516 0.705288
FixedParameters: 0 0 0

#Transform 144
Transform: AffineTransform_float_3_3
Parameters: 0.99999 0.00446667 -0.000503113 -0.00446633 0.999989 0.00131926 0.000508886 -0.00131674 0.999999 -0.0900951 -0.0555904 0.738138
FixedParameters: 0 0 0

#Transform 145
Transform: AffineTransform_float_3_3
Parameters: 0.99999 0.00435007 -7.62233e-05 -0.00434993 0.99999 0.00086834 7.9775e-05 -0.000867661 0.999999 -0.0900537 0.0392435 0.70317
FixedParameters: 0 0 0

#Transform 146
Transform: AffineTransform_float_3_3
Parameters: 0.999993 0.00387126 0.000532821 -0.00387375 0.999987 0.00330996 -0.000520177 -0.00331204 0.999995 -0.0866875 0.0433808 0.941942
FixedParameters: 0 0 0

#Transform 147
Transform: AffineTransform_float_3_3
Parameters: 0.999988 0.00488376 0.000199966 -0.00488424 0.999988 0.00122104 -0.000194034 -0.00122196 0.999999 -0.101898 -0.0176552 0.765504
FixedParameters: 0 0 0

#Transform 148
Transform: AffineTransform_float_3_3
Parameters: 0.999987 0.00504758 0.000337351 -0.00504842 0.999987 0.00125731 -0.00033165 -0.00125869 0.999999 -0.119942 -0.0243469 0.752312
FixedParameters: 0 0 0

#Transform 149
Transform: AffineTransform_float_3_3
Parameters: 0.999985 0.00527483 0.000858048 -0.00527517 0.999986 0.000196476 -0.000856954 -0.000200523 0.999999 -0.114828 -0.0519502 0.697737
FixedParameters: 0 0 0

#Transform 150
Transform: AffineTransform_float_3_3
Parameters: 0.999986 0.00507764 0.00110004 -0.00507736 0.999987 -0.000585593 -0.00110296 0.000579408 0.999999 -0.117033 -0.0517836 0.648456
FixedParameters: 0 0 0

#Transform 151
Transform: AffineTransform_float_3_3
Parameters: 0.999986 0.00499637 0.00159673 -0.00499463 0.999987 -0.000858987 -0.00160127 0.000851012 0.999999 -0.132834 -0.0473946 0.660614
FixedParameters: 0 0 0

#Transform 152
Transform: AffineTransform_float_3_3
Parameters: 0.999987 0.00510617 0.00112322 -0.00510583 0.999987 -0.000156737 -0.00112379 0.000151264 1 -0.124059 -0.075009 0.72337
FixedParameters: 0 0 0

#Transform 153
Transform: AffineTransform_float_3_3
Parameters: 0.999985 0.00507875 0.00175161 -0.00508024 0.999987 0.000706112 -0.00174739 -0.000714885 0.999998 -0.147563 -0.0483839 0.790455
FixedParameters: 0 0 0

#Transform 154
Transform: AffineTransform_float_3_3
Parameters: 0.999986 0.00504835 0.00193247 -0.00505465 0.999982 0.00345228 -0.00191453 -0.00346272 0.999992 -0.123341 -0.0404309 0.871624
FixedParameters: 0 0 0

#Transform 155
Transform: AffineTransform_float_3_3
Parameters: 0.999988 0.00467883 0.000846485 -0.00468017 0.999988 0.00138405 -0.000839514 -0.00138794 0.999998 -0.112619 -0.0309076 0.785968
FixedParameters: 0 0 0
