# transform file /out/sourcedata/freesurfer/sub-v1s3x0050772_ses-1/mri/transforms/cc_up.lta
# created by oesteban on Tue Mar 10 00:24:28 2026

type      = 0 # LINEAR_VOX_TO_VOX
nxforms   = 1
mean      = 131.0000 132.0000 124.0000
sigma     = 10000.0000
1 4 4
9.969368577003479e-01 -6.940563023090363e-02 3.605390712618828e-02 3.050331592559814e+00 
6.936028599739075e-02 9.975885748863220e-01 2.508392790332437e-03 4.028836727142334e+00 
-3.614106029272079e-02 0.000000000000000e+00 9.993467330932617e-01 1.274059867858887e+01 
0.000000000000000e+00 0.000000000000000e+00 0.000000000000000e+00 1.000000000000000e+00 
src volume info
valid = 1  # volume info valid
filename = /out/sourcedata/freesurfer/sub-v1s3x0050772_ses-1/mri/norm.mgz
volume = 256 256 256
voxelsize = 1.000000000000000e+00 1.000000000000000e+00 1.000000000000000e+00
xras   = -1.000000000000000e+00 0.000000000000000e+00 0.000000000000000e+00
yras   = 0.000000000000000e+00 0.000000000000000e+00 -1.000000000000000e+00
zras   = 0.000000000000000e+00 1.000000000000000e+00 0.000000000000000e+00
cras   = 1.212347412109375e+01 1.135557556152344e+01 -1.167121887207031e+01
dst volume info
valid = 1  # volume info valid
filename = /out/sourcedata/freesurfer/sub-v1s3x0050772_ses-1/mri/norm.mgz
volume = 256 256 256
voxelsize = 1.000000000000000e+00 1.000000000000000e+00 1.000000000000000e+00
xras   = -1.000000000000000e+00 0.000000000000000e+00 0.000000000000000e+00
yras   = 0.000000000000000e+00 0.000000000000000e+00 -1.000000000000000e+00
zras   = 0.000000000000000e+00 1.000000000000000e+00 0.000000000000000e+00
cras   = 1.212347412109375e+01 1.135557556152344e+01 -1.167121887207031e+01
