#Insight Transform File V1.0
#Transform 0
Transform: AffineTransform_float_3_3
Parameters: 0.999997 -0.00050401 0.00211895 0.00050799 0.999998 -0.00188293 -0.00211805 0.00188407 0.999996 -0.051098 0.0645822 -0.103307
FixedParameters: 0 0 0

#Transform 1
Transform: AffineTransform_float_3_3
Parameters: 0.999999 -0.000356798 0.00136405 0.000357202 1 -0.000147513 -0.00136395 0.000148487 0.999999 -0.0479062 0.129098 -0.137406
FixedParameters: 0 0 0

#Transform 2
Transform: AffineTransform_float_3_3
Parameters: 0.999999 -0.000347764 0.00168764 0.000346237 1 0.00104459 -0.00168836 -0.00104441 0.999998 -0.0597069 0.122551 0.0364493
FixedParameters: 0 0 0

#Transform 3
Transform: AffineTransform_float_3_3
Parameters: 0.999998 -0.000596396 0.00154223 0.000596604 0.999999 -0.00039108 -0.00154277 0.00039192 0.999998 -0.0510622 0.0719113 -0.140448
FixedParameters: 0 0 0

#Transform 4
Transform: AffineTransform_float_3_3
Parameters: 1 -8.5003e-05 0.00115293 8.39968e-05 0.999999 0.000870097 -0.00115307 -0.000869902 0.999999 -0.0412663 0.162896 0.0488644
FixedParameters: 0 0 0

#Transform 5
Transform: AffineTransform_float_3_3
Parameters: 0.999999 -0.000779656 0.00159566 0.000781344 1 -0.000841755 -0.00159434 0.000843245 0.999999 -0.0273476 0.0855814 0.161356
FixedParameters: 0 0 0

#Transform 6
Transform: AffineTransform_float_3_3
Parameters: 1 -0.000420259 0.000562554 0.000420741 0.999999 -0.00131676 -0.000562446 0.00131724 0.999999 0.000528591 0.129715 0.0335836
FixedParameters: 0 0 0

#Transform 7
Transform: AffineTransform_float_3_3
Parameters: 1 -0.000590949 0.000140215 0.000591051 1 -0.000363917 -0.000139785 0.000364083 1 0.00190175 0.135234 0.24355
FixedParameters: 0 0 0

#Transform 8
Transform: AffineTransform_float_3_3
Parameters: 1 -0.000595048 -0.000160821 0.000594951 1 -0.000300096 0.000161178 0.000299904 1 -0.00125633 0.114387 -0.0549956
FixedParameters: 0 0 0

#Transform 9
Transform: AffineTransform_float_3_3
Parameters: 1 -0.000149471 -0.000244713 0.00014953 0.999998 -0.00192404 0.000244288 0.00192396 0.999998 -0.00837279 0.123235 -0.145513
FixedParameters: 0 0 0

#Transform 10
Transform: AffineTransform_float_3_3
Parameters: 0.999999 0.000493763 0.00058251 -0.000491236 0.999996 -0.00302229 -0.000584487 0.00302171 0.999996 -0.0201594 0.0732326 -0.0129411
FixedParameters: 0 0 0

#Transform 11
Transform: AffineTransform_float_3_3
Parameters: 1 -6.52065e-05 0.000589088 6.57933e-05 0.999999 -0.00134696 -0.000588912 0.00134704 0.999999 -0.0116991 0.0921014 0.0161138
FixedParameters: 0 0 0

#Transform 12
Transform: AffineTransform_float_3_3
Parameters: 1 0.000567817 0.0010269 -0.000563184 0.999993 -0.00371258 -0.0010291 0.00371242 0.999992 -0.0068234 0.0138045 -0.0414975
FixedParameters: 0 0 0

#Transform 13
Transform: AffineTransform_float_3_3
Parameters: 1 0.000236081 0.000402953 -0.000235919 1 -0.000200095 -0.000403047 0.000199905 1 0.00433916 0.0898587 0.143055
FixedParameters: 0 0 0

#Transform 14
Transform: AffineTransform_float_3_3
Parameters: 0.999999 0.000273999 0.000786653 -0.000273001 0.999999 -0.00126922 -0.000787347 0.00126978 0.999999 -0.00557761 0.0775015 0.0348858
FixedParameters: 0 0 0

#Transform 15
Transform: AffineTransform_float_3_3
Parameters: 0.999999 0.000362346 0.000835417 -0.000360652 0.999998 -0.0016113 -0.000836582 0.0016107 0.999999 -0.0108016 0.0373424 0.0403865
FixedParameters: 0 0 0

#Transform 16
Transform: AffineTransform_float_3_3
Parameters: 1 6.626e-05 0.000608971 -6.67399e-05 1 -0.000427041 -0.000609028 0.00042696 0.999999 -0.00250176 0.0436568 0.135983
FixedParameters: 0 0 0

#Transform 17
Transform: AffineTransform_float_3_3
Parameters: 1 8.07803e-05 0.000332812 -8.02216e-05 0.999997 -0.00234403 -0.000332189 0.00234397 0.999997 -0.00361812 0.0599527 -0.00875701
FixedParameters: 0 0 0

#Transform 18
Transform: AffineTransform_float_3_3
Parameters: 1 0.00028102 4.28682e-05 -0.00028098 1 -0.000469012 -4.31318e-05 0.000468988 1 0.00268093 0.0605509 0.156857
FixedParameters: 0 0 0

#Transform 19
Transform: AffineTransform_float_3_3
Parameters: 1 0.000113912 4.32328e-05 -0.00011409 0.999998 0.00204299 -4.3767e-05 -0.002043 0.999998 -0.00265559 0.076318 0.203724
FixedParameters: 0 0 0

#Transform 20
Transform: AffineTransform_float_3_3
Parameters: 1 0.000199956 4.32048e-05 -0.000200044 1 0.00102399 -4.27952e-05 -0.00102401 1 -0.0217162 0.0292791 0.0679193
FixedParameters: 0 0 0

#Transform 21
Transform: AffineTransform_float_3_3
Parameters: 1 0.000598806 0.000263439 -0.000599193 0.999999 0.000733842 -0.00026356 -0.000734157 0.999999 -0.0141734 0.0120149 0.13163
FixedParameters: 0 0 0

#Transform 22
Transform: AffineTransform_float_3_3
Parameters: 1 -0.000224335 0.000123393 0.000224664 0.999997 0.00270703 -0.000124609 -0.00270697 0.999997 0.0118807 0.0807214 0.306261
FixedParameters: 0 0 0

#Transform 23
Transform: AffineTransform_float_3_3
Parameters: 1 0.000205669 0.000576836 -0.000208331 0.999992 0.00404288 -0.000576162 -0.00404312 0.999991 0.00194199 0.137658 0.430482
FixedParameters: 0 0 0

#Transform 24
Transform: AffineTransform_float_3_3
Parameters: 1 0.000769962 -0.000611569 -0.000764035 0.999953 0.00968847 0.000619432 -0.00968852 0.999953 -0.0261688 0.144267 0.722995
FixedParameters: 0 0 0

#Transform 25
Transform: AffineTransform_float_3_3
Parameters: 0.999996 -0.00085711 -0.00294023 0.000897899 0.999902 0.0139334 0.00292877 -0.0139366 0.999898 0.0115146 0.051059 0.394674
FixedParameters: 0 0 0

#Transform 26
Transform: AffineTransform_float_3_3
Parameters: 0.999998 -0.000586261 -0.00178007 0.000615754 0.999859 0.0167519 0.00177093 -0.0167531 0.999858 -0.000932227 0.107324 0.363258
FixedParameters: 0 0 0

#Transform 27
Transform: AffineTransform_float_3_3
Parameters: 0.999996 -0.0013361 -0.00218823 0.0013749 0.99984 0.0178751 0.00216377 -0.017878 0.999838 0.00751873 0.152707 0.196477
FixedParameters: 0 0 0

#Transform 28
Transform: AffineTransform_float_3_3
Parameters: 0.999998 -0.000392782 -0.00200024 0.000428214 0.999845 0.0176372 0.00199276 -0.0176378 0.999843 0.0455739 0.117973 0.343427
FixedParameters: 0 0 0

#Transform 29
Transform: AffineTransform_float_3_3
Parameters: 0.999996 -0.000706684 -0.00292927 0.000771314 0.999758 0.0220149 0.00291273 -0.0220162 0.999754 0.0299736 0.194659 0.434139
FixedParameters: 0 0 0

#Transform 30
Transform: AffineTransform_float_3_3
Parameters: 0.999998 -0.000458052 -0.00217878 0.000497952 0.999831 0.01837 0.00217022 -0.018371 0.999829 0.021464 0.118305 0.256457
FixedParameters: 0 0 0

#Transform 31
Transform: AffineTransform_float_3_3
Parameters: 0.999998 0.000525071 -0.00155914 -0.000498931 0.99985 0.0173128 0.00156787 -0.0173122 0.999849 0.0185794 0.0679383 0.375266
FixedParameters: 0 0 0

#Transform 32
Transform: AffineTransform_float_3_3
Parameters: 0.999998 -5.37817e-05 -0.00205568 9.9225e-05 0.999758 0.0220028 0.00205431 -0.0220032 0.999756 0.0121615 0.198755 0.616432
FixedParameters: 0 0 0

#Transform 33
Transform: AffineTransform_float_3_3
Parameters: 0.999997 -0.000376312 -0.00241691 0.00042469 0.999804 0.019761 0.00240908 -0.019762 0.999802 -0.00426191 0.137969 0.437392
FixedParameters: 0 0 0

#Transform 34
Transform: AffineTransform_float_3_3
Parameters: 0.999997 -0.000391128 -0.00238207 0.000431871 0.999853 0.017182 0.00237493 -0.017183 0.999849 0.0201896 0.134467 0.373167
FixedParameters: 0 0 0

#Transform 35
Transform: AffineTransform_float_3_3
Parameters: 0.999995 -0.00166806 -0.002727 0.00171294 0.999862 0.0165604 0.002699 -0.0165646 0.999859 0.0418629 0.061524 0.403212
FixedParameters: 0 0 0

#Transform 36
Transform: AffineTransform_float_3_3
Parameters: 0.999993 -0.00163069 -0.0032156 0.00168332 0.99986 0.0166477 0.00318841 -0.0166523 0.999857 0.0605 0.133248 0.383067
FixedParameters: 0 0 0

#Transform 37
Transform: AffineTransform_float_3_3
Parameters: 0.999993 -0.00226908 -0.00272575 0.00231592 0.999847 0.0173358 0.00268625 -0.0173422 0.999846 0.0641065 0.187 0.488254
FixedParameters: 0 0 0

#Transform 38
Transform: AffineTransform_float_3_3
Parameters: 0.999992 -0.00244088 -0.0029957 0.00249012 0.99986 0.0165037 0.0029553 -0.0165103 0.99986 0.0597653 0.161432 0.474522
FixedParameters: 0 0 0

#Transform 39
Transform: AffineTransform_float_3_3
Parameters: 0.999993 -0.00267329 -0.00265062 0.00271272 0.999888 0.0147099 0.00261137 -0.0147171 0.999889 0.0812411 0.130773 0.457669
FixedParameters: 0 0 0

#Transform 40
Transform: AffineTransform_float_3_3
Parameters: 0.999995 -0.00228978 -0.00241104 0.00232124 0.999913 0.0130275 0.00238196 -0.0130325 0.999912 0.0959938 0.104188 0.440447
FixedParameters: 0 0 0

#Transform 41
Transform: AffineTransform_float_3_3
Parameters: 0.999994 -0.00240183 -0.00271812 0.00244017 0.999892 0.0144995 0.00268289 -0.0145065 0.999891 0.10378 0.129328 0.574229
FixedParameters: 0 0 0

#Transform 42
Transform: AffineTransform_float_3_3
Parameters: 0.999994 -0.00236762 -0.00230265 0.00239737 0.999909 0.0132806 0.00227036 -0.0132854 0.999909 0.101962 0.0672905 0.537809
FixedParameters: 0 0 0

#Transform 43
Transform: AffineTransform_float_3_3
Parameters: 0.999993 -0.00256592 -0.00248857 0.00259908 0.999907 0.0133816 0.00245443 -0.0133874 0.999908 0.105546 0.120413 0.502049
FixedParameters: 0 0 0

#Transform 44
Transform: AffineTransform_float_3_3
Parameters: 0.999993 -0.00264381 -0.0024178 0.00267619 0.999901 0.0138296 0.00238121 -0.0138364 0.999902 0.117051 0.143359 0.569321
FixedParameters: 0 0 0

#Transform 45
Transform: AffineTransform_float_3_3
Parameters: 0.999998 0.000221231 -0.00227226 -0.000190774 0.999911 0.0132955 0.00227474 -0.0132955 0.999909 0.0575158 0.0330319 0.60599
FixedParameters: 0 0 0

#Transform 46
Transform: AffineTransform_float_3_3
Parameters: 0.999995 -0.00182246 -0.00232328 0.00185355 0.999911 0.0132108 0.00229971 -0.0132142 0.99991 0.0989981 0.0989433 0.503248
FixedParameters: 0 0 0

#Transform 47
Transform: AffineTransform_float_3_3
Parameters: 0.999994 -0.00180311 -0.00271752 0.00184088 0.9999 0.0140051 0.00269148 -0.0140099 0.999898 0.105942 0.111895 0.59245
FixedParameters: 0 0 0

#Transform 48
Transform: AffineTransform_float_3_3
Parameters: 0.999993 -0.0018687 -0.00346137 0.00193131 0.999834 0.0180835 0.00342763 -0.0180895 0.999831 0.0980014 0.153088 0.797916
FixedParameters: 0 0 0

#Transform 49
Transform: AffineTransform_float_3_3
Parameters: 0.999994 -0.00312465 -0.00187286 0.00315435 0.999869 0.0158772 0.00182314 -0.0158828 0.999872 0.140231 0.142574 0.673806
FixedParameters: 0 0 0

#Transform 50
Transform: AffineTransform_float_3_3
Parameters: 0.999994 -0.0025374 -0.00213173 0.00258361 0.999752 0.0221506 0.00207527 -0.0221554 0.999753 0.153236 0.26612 0.760727
FixedParameters: 0 0 0

#Transform 51
Transform: AffineTransform_float_3_3
Parameters: 0.999992 -0.00256812 -0.00281963 0.00262987 0.999751 0.0221667 0.00276137 -0.0221743 0.999751 0.156413 0.252723 0.788244
FixedParameters: 0 0 0

#Transform 52
Transform: AffineTransform_float_3_3
Parameters: 0.999993 -0.00265175 -0.00281509 0.00270725 0.9998 0.0198085 0.0027619 -0.0198165 0.9998 0.131545 0.195086 0.674403
FixedParameters: 0 0 0

#Transform 53
Transform: AffineTransform_float_3_3
Parameters: 0.999995 -0.00236976 -0.00238352 0.00240325 0.999898 0.0140423 0.00235048 -0.0140476 0.999898 0.106612 0.0824786 0.494209
FixedParameters: 0 0 0

#Transform 54
Transform: AffineTransform_float_3_3
Parameters: 0.999992 0.00147204 -0.00377685 -0.00138395 0.999729 0.0232084 0.00381014 -0.0232026 0.999723 0.092766 0.164917 0.617795
FixedParameters: 0 0 0

#Transform 55
Transform: AffineTransform_float_3_3
Parameters: 0.999993 -0.000214789 -0.00360502 0.00027421 0.999865 0.0164321 0.00360098 -0.0164329 0.999859 0.107165 0.0488358 0.410404
FixedParameters: 0 0 0

#Transform 56
Transform: AffineTransform_float_3_3
Parameters: 0.99999 -0.00165776 -0.00420743 0.00174523 0.999782 0.0208169 0.00417157 -0.0208241 0.999775 0.102884 0.113095 0.268272
FixedParameters: 0 0 0

#Transform 57
Transform: AffineTransform_float_3_3
Parameters: 0.99999 -0.00171379 -0.00408041 0.00178922 0.999828 0.0184999 0.00404858 -0.0185071 0.99982 0.108842 0.112301 0.277553
FixedParameters: 0 0 0

#Transform 58
Transform: AffineTransform_float_3_3
Parameters: 0.999987 -0.00178195 -0.00467413 0.00187404 0.999803 0.0197625 0.00463786 -0.0197715 0.999794 0.132236 0.168981 0.582932
FixedParameters: 0 0 0

#Transform 59
Transform: AffineTransform_float_3_3
Parameters: 0.999984 -0.00173928 -0.00533806 0.00185172 0.999774 0.0211845 0.00529996 -0.0211946 0.999762 0.118433 0.133042 0.48371
FixedParameters: 0 0 0

#Transform 60
Transform: AffineTransform_float_3_3
Parameters: 0.999984 -0.00175616 -0.00524024 0.00185784 0.999809 0.0194936 0.00520476 -0.0195034 0.999796 0.11934 0.124672 0.379893
FixedParameters: 0 0 0

#Transform 61
Transform: AffineTransform_float_3_3
Parameters: 0.999982 -0.00185383 -0.00559788 0.00197318 0.99977 0.0213593 0.00555711 -0.0213697 0.999756 0.134378 0.199508 0.482327
FixedParameters: 0 0 0

#Transform 62
Transform: AffineTransform_float_3_3
Parameters: 0.999985 -0.00191752 -0.00508446 0.00203447 0.999734 0.023003 0.00503852 -0.023013 0.999722 0.124315 0.197296 0.56877
FixedParameters: 0 0 0

#Transform 63
Transform: AffineTransform_float_3_3
Parameters: 0.999986 -0.0028497 -0.00449655 0.00293429 0.999818 0.0188541 0.00444145 -0.0188669 0.999812 0.139595 0.0779242 0.362751
FixedParameters: 0 0 0

#Transform 64
Transform: AffineTransform_float_3_3
Parameters: 0.999983 -0.00251421 -0.00527771 0.00261579 0.999809 0.0193685 0.0052283 -0.0193825 0.999799 0.139082 0.132775 0.410497
FixedParameters: 0 0 0

#Transform 65
Transform: AffineTransform_float_3_3
Parameters: 0.999981 -0.00257002 -0.0056392 0.00269197 0.99976 0.0217302 0.0055818 -0.0217448 0.999748 0.147439 0.185992 0.559049
FixedParameters: 0 0 0

#Transform 66
Transform: AffineTransform_float_3_3
Parameters: 0.99998 -0.00233845 -0.00598377 0.00246254 0.999782 0.0207247 0.00593323 -0.0207393 0.999768 0.104183 0.110066 0.42296
FixedParameters: 0 0 0

#Transform 67
Transform: AffineTransform_float_3_3
Parameters: 0.999983 -0.00235639 -0.00537409 0.0024606 0.999806 0.0195421 0.00532691 -0.0195549 0.999794 0.125291 0.111576 0.323088
FixedParameters: 0 0 0

#Transform 68
Transform: AffineTransform_float_3_3
Parameters: 0.99998 -0.00265001 -0.00577458 0.00276997 0.999779 0.0208704 0.00571741 -0.0208866 0.999765 0.126678 0.125627 0.474575
FixedParameters: 0 0 0

#Transform 69
Transform: AffineTransform_float_3_3
Parameters: 0.999981 -0.00292466 -0.00544182 0.00302834 0.999814 0.0190789 0.00538518 -0.0190951 0.999803 0.146596 0.0594385 0.255759
FixedParameters: 0 0 0

#Transform 70
Transform: AffineTransform_float_3_3
Parameters: 0.999977 -0.003432 -0.00575483 0.00353201 0.999842 0.0174581 0.00569417 -0.0174779 0.999831 0.171329 0.0414765 0.27953
FixedParameters: 0 0 0

#Transform 71
Transform: AffineTransform_float_3_3
Parameters: 0.999975 -0.00361067 -0.00617576 0.00371032 0.99986 0.0163115 0.00611525 -0.0163345 0.999848 0.160629 0.0256331 0.381773
FixedParameters: 0 0 0

#Transform 72
Transform: AffineTransform_float_3_3
Parameters: 0.99998 -0.00318409 -0.00555096 0.00327291 0.999866 0.0160812 0.00549905 -0.0160998 0.999856 0.149349 -0.00795496 0.266175
FixedParameters: 0 0 0

#Transform 73
Transform: AffineTransform_float_3_3
Parameters: 0.99998 -0.00326233 -0.00554172 0.00334667 0.999877 0.0153388 0.00549129 -0.0153562 0.999867 0.16785 -0.0196723 0.249458
FixedParameters: 0 0 0

#Transform 74
Transform: AffineTransform_float_3_3
Parameters: 0.999975 -0.00356439 -0.0060719 0.00365261 0.999886 0.0146452 0.00601912 -0.0146668 0.999875 0.194749 0.0101338 0.34842
FixedParameters: 0 0 0

#Transform 75
Transform: AffineTransform_float_3_3
Parameters: 0.999979 -0.00376512 -0.00539405 0.00383988 0.999896 0.0139396 0.00534096 -0.0139604 0.999889 0.198661 -0.0250313 0.402637
FixedParameters: 0 0 0

#Transform 76
Transform: AffineTransform_float_3_3
Parameters: 0.999978 -0.00377117 -0.00548992 0.00383982 0.999914 0.0125822 0.00544108 -0.0126028 0.999906 0.193262 -0.0603898 0.290359
FixedParameters: 0 0 0

#Transform 77
Transform: AffineTransform_float_3_3
Parameters: 0.999981 -0.00333449 -0.00532402 0.00339651 0.999927 0.0115861 0.00528497 -0.0116038 0.999918 0.209311 -0.0655304 0.257598
FixedParameters: 0 0 0

#Transform 78
Transform: AffineTransform_float_3_3
Parameters: 0.999986 -0.0032924 -0.00415604 0.00334561 0.999911 0.0129583 0.00411297 -0.0129717 0.999908 0.193935 0.0404055 0.351199
FixedParameters: 0 0 0

#Transform 79
Transform: AffineTransform_float_3_3
Parameters: 0.999986 -0.00280725 -0.00432108 0.00286875 0.999896 0.0141168 0.00428091 -0.0141292 0.999891 0.170066 0.00366841 0.381674
FixedParameters: 0 0 0

#Transform 80
Transform: AffineTransform_float_3_3
Parameters: 0.999986 -0.0030893 -0.0042612 0.0031437 0.999912 0.0128898 0.00422081 -0.0129032 0.999908 0.182691 -0.032036 0.27216
FixedParameters: 0 0 0

#Transform 81
Transform: AffineTransform_float_3_3
Parameters: 0.999988 -0.00306757 -0.00365858 0.00311343 0.999918 0.0124778 0.00361942 -0.0124893 0.999916 0.198599 -0.00302359 0.304565
FixedParameters: 0 0 0

#Transform 82
Transform: AffineTransform_float_3_3
Parameters: 0.999985 -0.00363051 -0.00392536 0.00367948 0.999913 0.0126747 0.00387865 -0.0126893 0.999912 0.205986 -0.0254785 0.426508
FixedParameters: 0 0 0

#Transform 83
Transform: AffineTransform_float_3_3
Parameters: 0.999979 -0.00467042 -0.00451123 0.00470758 0.999954 0.00835594 0.00447177 -0.00837706 0.999955 0.246466 -0.0924876 0.205419
FixedParameters: 0 0 0

#Transform 84
Transform: AffineTransform_float_3_3
Parameters: 0.999982 -0.00434887 -0.00416233 0.00438912 0.999943 0.0096799 0.00411966 -0.00969808 0.999944 0.25383 -0.0328883 0.3679
FixedParameters: 0 0 0

#Transform 85
Transform: AffineTransform_float_3_3
Parameters: 0.999987 -0.00388914 -0.00323425 0.00391887 0.99995 0.00927744 0.00319875 -0.00929056 0.999951 0.225782 -0.0793518 0.382545
FixedParameters: 0 0 0

#Transform 86
Transform: AffineTransform_float_3_3
Parameters: 0.999986 -0.00428535 -0.00313283 0.00430665 0.999966 0.0069366 0.00310317 -0.00695039 0.999971 0.241085 -0.116742 0.359842
FixedParameters: 0 0 0

#Transform 87
Transform: AffineTransform_float_3_3
Parameters: 0.99999 -0.00362456 -0.00236779 0.00364043 0.999972 0.00654644 0.0023442 -0.00655556 0.999976 0.216164 -0.141469 0.257135
FixedParameters: 0 0 0

#Transform 88
Transform: AffineTransform_float_3_3
Parameters: 0.99999 -0.00350401 -0.00276722 0.00352299 0.99997 0.00688832 0.00274278 -0.00689868 0.999973 0.230769 -0.092472 0.336921
FixedParameters: 0 0 0

#Transform 89
Transform: AffineTransform_float_3_3
Parameters: 0.99999 -0.00349804 -0.00273503 0.00351897 0.999964 0.00769845 0.00270797 -0.00770755 0.999966 0.235486 -0.106301 0.423746
FixedParameters: 0 0 0

#Transform 90
Transform: AffineTransform_float_3_3
Parameters: 0.999991 -0.00346949 -0.00213418 0.0034795 0.999981 0.00493962 0.00211682 -0.00494739 0.999986 0.227601 -0.243711 0.290858
FixedParameters: 0 0 0

#Transform 91
Transform: AffineTransform_float_3_3
Parameters: 0.999989 -0.0037596 -0.00263665 0.00377339 0.999978 0.00547811 0.00261535 -0.00548789 0.999981 0.236339 -0.165457 0.288187
FixedParameters: 0 0 0

#Transform 92
Transform: AffineTransform_float_3_3
Parameters: 0.999992 -0.00344008 -0.00229005 0.00345392 0.999976 0.00610314 0.00226895 -0.00611086 0.999979 0.228837 -0.135537 0.389348
FixedParameters: 0 0 0

#Transform 93
Transform: AffineTransform_float_3_3
Parameters: 0.99999 -0.00382492 -0.00240135 0.00383708 0.99998 0.00504584 0.00238165 -0.00505516 0.999985 0.239111 -0.168327 0.413282
FixedParameters: 0 0 0

#Transform 94
Transform: AffineTransform_float_3_3
Parameters: 0.999991 -0.00373147 -0.00210539 0.00373852 0.999986 0.00358116 0.00209261 -0.00358884 0.999992 0.226287 -0.215519 0.275695
FixedParameters: 0 0 0

#Transform 95
Transform: AffineTransform_float_3_3
Parameters: 0.99999 -0.00362449 -0.00264906 0.00363351 0.999987 0.00359241 0.00263595 -0.00360159 0.99999 0.251706 -0.151903 0.377433
FixedParameters: 0 0 0

#Transform 96
Transform: AffineTransform_float_3_3
Parameters: 0.999991 -0.00367815 -0.00234767 0.00368985 0.999981 0.00506339 0.00232833 -0.00507162 0.999985 0.233688 -0.136974 0.481547
FixedParameters: 0 0 0

#Transform 97
Transform: AffineTransform_float_3_3
Parameters: 0.999993 -0.00325614 -0.00208457 0.00327286 0.999961 0.00813623 0.00205843 -0.00814276 0.999964 0.20493 -0.196559 0.47802
FixedParameters: 0 0 0

#Transform 98
Transform: AffineTransform_float_3_3
Parameters: 0.999992 -0.00292942 -0.00272231 0.00295057 0.999967 0.00758502 0.00269968 -0.00759296 0.999967 0.22353 -0.166919 0.452722
FixedParameters: 0 0 0

#Transform 99
Transform: AffineTransform_float_3_3
Parameters: 0.999993 -0.00332351 -0.00172726 0.00333649 0.999968 0.00728229 0.00170274 -0.00728771 0.999972 0.211845 -0.176221 0.458367
FixedParameters: 0 0 0

#Transform 100
Transform: AffineTransform_float_3_3
Parameters: 0.999993 -0.0033781 -0.00153353 0.0033859 0.999981 0.00517984 0.00151648 -0.00518416 0.999986 0.220835 -0.205018 0.338457
FixedParameters: 0 0 0

#Transform 101
Transform: AffineTransform_float_3_3
Parameters: 0.999992 -0.00344841 -0.00166967 0.00345459 0.999986 0.00395826 0.00165633 -0.00396374 0.999991 0.220884 -0.228461 0.333044
FixedParameters: 0 0 0

#Transform 102
Transform: AffineTransform_float_3_3
Parameters: 0.999992 -0.00347742 -0.00191649 0.00348658 0.999982 0.00501836 0.00189951 -0.00502564 0.999985 0.244827 -0.163858 0.423778
FixedParameters: 0 0 0

#Transform 103
Transform: AffineTransform_float_3_3
Parameters: 0.999991 -0.00383832 -0.00214325 0.00384869 0.99998 0.0050038 0.00212375 -0.0050122 0.999985 0.253448 -0.191759 0.482605
FixedParameters: 0 0 0

#Transform 104
Transform: AffineTransform_float_3_3
Parameters: 0.999992 -0.00369079 -0.00147417 0.00369721 0.999981 0.00491659 0.00145583 -0.00492241 0.999987 0.234443 -0.229785 0.526574
FixedParameters: 0 0 0

#Transform 105
Transform: AffineTransform_float_3_3
Parameters: 0.999994 -0.00304932 -0.00125841 0.00305368 0.999989 0.00373618 0.00124659 -0.00373982 0.999992 0.222852 -0.288864 0.39994
FixedParameters: 0 0 0

#Transform 106
Transform: AffineTransform_float_3_3
Parameters: 0.999992 -0.00351452 -0.00191111 0.00352048 0.999989 0.00287129 0.00190089 -0.0028777 0.999994 0.24097 -0.24969 0.46306
FixedParameters: 0 0 0

#Transform 107
Transform: AffineTransform_float_3_3
Parameters: 0.999993 -0.00330461 -0.00213858 0.00331439 0.999985 0.00440295 0.00212342 -0.00441005 0.999988 0.253291 -0.185689 0.518774
FixedParameters: 0 0 0

#Transform 108
Transform: AffineTransform_float_3_3
Parameters: 0.999993 -0.00311376 -0.00214483 0.00312824 0.999973 0.00667034 0.00212317 -0.00667666 0.999976 0.254681 -0.190379 0.669156
FixedParameters: 0 0 0

#Transform 109
Transform: AffineTransform_float_3_3
Parameters: 0.999992 -0.00338931 -0.00204682 0.0034007 0.999981 0.00524508 0.00202918 -0.00525192 0.999984 0.251531 -0.241187 0.49183
FixedParameters: 0 0 0

#Transform 110
Transform: AffineTransform_float_3_3
Parameters: 0.999994 -0.0025157 -0.00214446 0.00253329 0.999964 0.00810261 0.00212353 -0.00810839 0.999965 0.231897 -0.118895 0.796732
FixedParameters: 0 0 0

#Transform 111
Transform: AffineTransform_float_3_3
Parameters: 0.999993 -0.00273417 -0.0023431 0.00275783 0.999944 0.0102286 0.0023149 -0.0102354 0.999945 0.263663 -0.157334 0.767209
FixedParameters: 0 0 0

#Transform 112
Transform: AffineTransform_float_3_3
Parameters: 0.999989 -0.00368829 -0.00296606 0.00371671 0.999945 0.00973208 0.00292994 -0.00974392 0.999948 0.265594 -0.18951 0.612467
FixedParameters: 0 0 0

#Transform 113
Transform: AffineTransform_float_3_3
Parameters: 0.99999 -0.00322468 -0.00302303 0.00325932 0.999929 0.0114183 0.00298597 -0.0114277 0.99993 0.226112 -0.17506 0.961642
FixedParameters: 0 0 0

#Transform 114
Transform: AffineTransform_float_3_3
Parameters: 0.999992 -0.00321473 -0.00262871 0.00324627 0.999923 0.0119786 0.00259029 -0.0119864 0.999925 0.23724 -0.176915 0.551601
FixedParameters: 0 0 0

#Transform 115
Transform: AffineTransform_float_3_3
Parameters: 0.999989 -0.00222214 -0.00428877 0.00228786 0.999878 0.0154134 0.00425423 -0.0154236 0.999872 0.223739 -0.15883 0.709772
FixedParameters: 0 0 0

#Transform 116
Transform: AffineTransform_float_3_3
Parameters: 0.999983 -0.00324589 -0.00474364 0.00333711 0.999807 0.0193255 0.00468035 -0.0193415 0.999802 0.22648 -0.149777 0.728599
FixedParameters: 0 0 0

#Transform 117
Transform: AffineTransform_float_3_3
Parameters: 0.999985 -0.00321578 -0.00445626 0.00329922 0.999818 0.0187956 0.00439474 -0.0188104 0.999814 0.231536 -0.140185 0.56198
FixedParameters: 0 0 0

#Transform 118
Transform: AffineTransform_float_3_3
Parameters: 0.99999 -0.00284082 -0.00331137 0.00290317 0.999816 0.0189256 0.00325662 -0.0189354 0.999816 0.223174 -0.224338 0.85331
FixedParameters: 0 0 0

#Transform 119
Transform: AffineTransform_float_3_3
Parameters: 0.999988 -0.00315047 -0.00371399 0.00324753 0.999642 0.0265542 0.00362902 -0.0265657 0.99964 0.22078 -0.105101 0.279232
FixedParameters: 0 0 0

#Transform 120
Transform: AffineTransform_float_3_3
Parameters: 0.999988 -0.00362354 -0.00334261 0.00372544 0.999507 0.0311739 0.00322741 -0.0311861 0.999509 0.208597 -0.0115602 0.761319
FixedParameters: 0 0 0

#Transform 121
Transform: AffineTransform_float_3_3
Parameters: 0.999992 -0.00315601 -0.00213123 0.00321698 0.999567 0.0292484 0.00203777 -0.0292546 0.99957 0.170064 -0.0505354 0.827286
FixedParameters: 0 0 0

#Transform 122
Transform: AffineTransform_float_3_3
Parameters: 0.999992 -0.00330174 -0.00200727 0.00336824 0.999418 0.0339525 0.00189372 -0.0339595 0.999422 0.195287 -0.0547368 0.80156
FixedParameters: 0 0 0

#Transform 123
Transform: AffineTransform_float_3_3
Parameters: 0.999992 -0.00345969 -0.00166954 0.00351029 0.999509 0.0311374 0.00156044 -0.0311436 0.999513 0.216437 -0.0503636 0.801266
FixedParameters: 0 0 0

#Transform 124
Transform: AffineTransform_float_3_3
Parameters: 0.999996 -0.00271242 -0.00145373 0.00276655 0.999265 0.0382172 0.00134825 -0.0382208 0.999269 0.213476 0.0616737 0.953784
FixedParameters: 0 0 0

#Transform 125
Transform: AffineTransform_float_3_3
Parameters: 0.99999 -0.00310665 -0.00322577 0.00323636 0.999158 0.040899 0.00309621 -0.040909 0.999158 0.183846 0.155299 1.00195
FixedParameters: 0 0 0

#Transform 126
Transform: AffineTransform_float_3_3
Parameters: 0.999988 -0.00294445 -0.00375801 0.00306855 0.999432 0.0335799 0.003657 -0.0335912 0.999429 0.220915 -0.0375764 0.901974
FixedParameters: 0 0 0

#Transform 127
Transform: AffineTransform_float_3_3
Parameters: 0.999982 -0.00407105 -0.00453953 0.00423598 0.999309 0.0369405 0.00438648 -0.0369596 0.999307 0.245434 0.108588 1.21808
FixedParameters: 0 0 0

#Transform 128
Transform: AffineTransform_float_3_3
Parameters: 0.999975 -0.00452968 -0.00541091 0.00473332 0.99926 0.0381723 0.00523407 -0.0381976 0.999256 0.289272 0.272799 1.89636
FixedParameters: 0 0 0

#Transform 129
Transform: AffineTransform_float_3_3
Parameters: 0.999983 -0.00433656 -0.00373287 0.00446945 0.999323 0.0365149 0.00357214 -0.0365311 0.999326 0.34192 0.149723 1.74083
FixedParameters: 0 0 0

#Transform 130
Transform: AffineTransform_float_3_3
Parameters: 0.99998 -0.00482199 -0.00396383 0.00497502 0.999206 0.0395441 0.00377017 -0.039563 0.99921 0.301991 0.138413 1.49964
FixedParameters: 0 0 0

#Transform 131
Transform: AffineTransform_float_3_3
Parameters: 0.999976 -0.00514005 -0.00463147 0.00531297 0.999259 0.0381383 0.00443253 -0.0381617 0.999261 0.305947 0.0818784 1.54601
FixedParameters: 0 0 0

#Transform 132
Transform: AffineTransform_float_3_3
Parameters: 0.999977 -0.0054165 -0.0041337 0.00557047 0.999249 0.0383268 0.00392232 -0.0383491 0.999256 0.291222 0.131102 1.39778
FixedParameters: 0 0 0

#Transform 133
Transform: AffineTransform_float_3_3
Parameters: 0.999984 -0.00507346 -0.00246532 0.00516653 0.999221 0.0391059 0.00226466 -0.0391181 0.999232 0.276157 0.160535 1.44136
FixedParameters: 0 0 0

#Transform 134
Transform: AffineTransform_float_3_3
Parameters: 0.999984 -0.00494385 -0.00269635 0.00504417 0.999246 0.038495 0.00250465 -0.038508 0.999255 0.261068 0.0518905 1.24042
FixedParameters: 0 0 0

#Transform 135
Transform: AffineTransform_float_3_3
Parameters: 0.999984 -0.00483227 -0.00317016 0.00495273 0.999217 0.039252 0.00297785 -0.0392671 0.999225 0.294823 0.150965 1.33372
FixedParameters: 0 0 0

#Transform 136
Transform: AffineTransform_float_3_3
Parameters: 0.999984 -0.0046023 -0.00308704 0.0047227 0.999177 0.040305 0.00289897 -0.040319 0.999182 0.306182 0.0786806 1.39013
FixedParameters: 0 0 0

#Transform 137
Transform: AffineTransform_float_3_3
Parameters: 0.999983 -0.00478683 -0.00354547 0.00492916 0.999137 0.0412403 0.00334453 -0.0412567 0.999143 0.304033 0.0777313 1.26816
FixedParameters: 0 0 0

#Transform 138
Transform: AffineTransform_float_3_3
Parameters: 0.999981 -0.00464317 -0.00419558 0.00481681 0.999099 0.0421686 0.00399539 -0.0421884 0.999101 0.292704 0.0656101 1.34134
FixedParameters: 0 0 0

#Transform 139
Transform: AffineTransform_float_3_3
Parameters: 0.99998 -0.00490032 -0.00403849 0.00507365 0.99901 0.0441804 0.00381752 -0.0441996 0.999016 0.295048 0.195143 1.26807
FixedParameters: 0 0 0

#Transform 140
Transform: AffineTransform_float_3_3
Parameters: 0.99998 -0.00490244 -0.0039827 0.00507657 0.998983 0.0448037 0.00375927 -0.0448233 0.998988 0.288283 0.157347 1.3276
FixedParameters: 0 0 0

#Transform 141
Transform: AffineTransform_float_3_3
Parameters: 0.999983 -0.00476791 -0.00353081 0.0049151 0.999067 0.0428934 0.00332319 -0.0429106 0.999074 0.293754 0.0920186 1.20404
FixedParameters: 0 0 0

#Transform 142
Transform: AffineTransform_float_3_3
Parameters: 0.999981 -0.00472704 -0.0037985 0.00487394 0.999202 0.0396592 0.00360749 -0.0396778 0.999206 0.302755 0.0758664 1.13247
FixedParameters: 0 0 0

#Transform 143
Transform: AffineTransform_float_3_3
Parameters: 0.999981 -0.00512102 -0.00354979 0.005271 0.999035 0.0436172 0.00332321 -0.0436349 0.999042 0.296144 0.127384 1.32334
FixedParameters: 0 0 0

#Transform 144
Transform: AffineTransform_float_3_3
Parameters: 0.999983 -0.00472674 -0.00319242 0.00485328 0.999156 0.0407742 0.00299757 -0.0407888 0.999164 0.299081 0.0245266 1.17825
FixedParameters: 0 0 0

#Transform 145
Transform: AffineTransform_float_3_3
Parameters: 0.999983 -0.00445968 -0.00375376 0.00460533 0.999204 0.0396384 0.00357422 -0.0396546 0.999207 0.264788 0.0247989 1.14089
FixedParameters: 0 0 0

#Transform 146
Transform: AffineTransform_float_3_3
Parameters: 0.99998 -0.0049447 -0.00393873 0.0051043 0.999125 0.0415157 0.00373026 -0.0415353 0.99913 0.264312 0.0323662 1.4093
FixedParameters: 0 0 0

#Transform 147
Transform: AffineTransform_float_3_3
Parameters: 0.999976 -0.00404436 -0.00551969 0.0042546 0.999242 0.0386974 0.00535832 -0.0387206 0.999235 0.28163 -0.0212352 1.13848
FixedParameters: 0 0 0

#Transform 148
Transform: AffineTransform_float_3_3
Parameters: 0.999974 -0.00444056 -0.00578977 0.00466141 0.999235 0.038812 0.00561225 -0.0388379 0.99923 0.287239 0.0385767 1.26101
FixedParameters: 0 0 0

#Transform 149
Transform: AffineTransform_float_3_3
Parameters: 0.99998 -0.0041823 -0.0048582 0.00436969 0.999226 0.0390776 0.00469079 -0.0390974 0.999225 0.2815 -0.00437266 1.33239
FixedParameters: 0 0 0

#Transform 150
Transform: AffineTransform_float_3_3
Parameters: 0.999978 -0.0043578 -0.00485793 0.00453721 0.999286 0.0375098 0.00469107 -0.0375303 0.999285 0.280874 -0.0299171 1.22536
FixedParameters: 0 0 0

#Transform 151
Transform: AffineTransform_float_3_3
Parameters: 0.999979 -0.00468526 -0.00448421 0.00484573 0.99932 0.036533 0.0043098 -0.036554 0.999323 0.292179 -0.0101479 1.17643
FixedParameters: 0 0 0

#Transform 152
Transform: AffineTransform_float_3_3
Parameters: 0.999982 -0.00391707 -0.0044899 0.00407394 0.999361 0.0354933 0.00434811 -0.0355106 0.99936 0.296481 -0.00473288 1.27053
FixedParameters: 0 0 0

#Transform 153
Transform: AffineTransform_float_3_3
Parameters: 0.999982 -0.00443518 -0.00419074 0.00458679 0.999307 0.0369395 0.00402327 -0.0369585 0.999308 0.276479 -0.0368867 1.24483
FixedParameters: 0 0 0

#Transform 154
Transform: AffineTransform_float_3_3
Parameters: 0.999984 -0.00413763 -0.00385011 0.00427536 0.999329 0.0363811 0.00369687 -0.0363979 0.99933 0.269956 -0.071299 1.1064
FixedParameters: 0 0 0

#Transform 155
Transform: AffineTransform_float_3_3
Parameters: 0.999977 -0.00451541 -0.00491913 0.00469259 0.999315 0.0367097 0.00474989 -0.0367313 0.999314 0.314138 0.0350406 1.22802
FixedParameters: 0 0 0
