#Insight Transform File V1.0
#Transform 0
Transform: AffineTransform_float_3_3
Parameters: 0.999997 -0.000272951 0.00238945 0.00025905 0.999983 0.00583764 -0.00239055 -0.00583636 0.99998 -0.0106986 -0.134125 0.048755
FixedParameters: 0 0 0

#Transform 1
Transform: AffineTransform_float_3_3
Parameters: 0.999997 -0.000692728 0.0026249 0.000676269 0.999982 0.00598879 -0.0026291 -0.0059862 0.999978 0.00634641 -0.144006 0.0334978
FixedParameters: 0 0 0

#Transform 2
Transform: AffineTransform_float_3_3
Parameters: 0.999996 -0.000691799 0.00255978 0.000676199 0.99998 0.00616775 -0.00256422 -0.00616624 0.999977 0.00815975 -0.149161 0.0365496
FixedParameters: 0 0 0

#Transform 3
Transform: AffineTransform_float_3_3
Parameters: 0.999996 -0.000720351 0.00276454 0.000702653 0.99998 0.00627197 -0.00276846 -0.00627003 0.999976 0.00723451 -0.155139 0.0267748
FixedParameters: 0 0 0

#Transform 4
Transform: AffineTransform_float_3_3
Parameters: 0.999997 -0.000606706 0.00213114 0.000592294 0.999979 0.00642628 -0.00213485 -0.00642472 0.999977 0.0231818 -0.1746 0.086347
FixedParameters: 0 0 0

#Transform 5
Transform: AffineTransform_float_3_3
Parameters: 0.999995 -0.0017709 0.00252894 0.00175511 0.999979 0.00627347 -0.00254006 -0.00626953 0.999977 0.0305972 -0.166635 0.0809566
FixedParameters: 0 0 0

#Transform 6
Transform: AffineTransform_float_3_3
Parameters: 0.999998 0.00193832 0.00126128 -0.00191967 0.999895 -0.0143695 -0.00128971 0.0143665 0.999896 -0.0206115 -0.146633 -0.144549
FixedParameters: 0 0 0

#Transform 7
Transform: AffineTransform_float_3_3
Parameters: 0.999998 0.0011705 0.0011404 -0.0011665 0.999992 -0.00393834 -0.0011446 0.00393667 0.999991 -0.00662424 -0.0461197 0.0329058
FixedParameters: 0 0 0

#Transform 8
Transform: AffineTransform_float_3_3
Parameters: 0.999999 0.000810428 0.000960798 -0.000808571 0.999998 -0.00148578 -0.000962203 0.00148522 0.999999 -0.00407538 -0.0413951 0.0277747
FixedParameters: 0 0 0

#Transform 9
Transform: AffineTransform_float_3_3
Parameters: 0.999998 0.00102263 0.0012573 -0.00102337 1 0.000293714 -0.0012567 -0.000295286 0.999999 -0.00540846 -0.0531207 0.046176
FixedParameters: 0 0 0

#Transform 10
Transform: AffineTransform_float_3_3
Parameters: 1 0.000480065 0.00104543 -0.000480935 1 0.000894498 -0.00104457 -0.000895503 0.999999 0.00648082 -0.00894033 0.269967
FixedParameters: 0 0 0

#Transform 11
Transform: AffineTransform_float_3_3
Parameters: 0.999999 0.000367732 0.00123508 -0.000368268 1 0.000216545 -0.00123492 -0.000217454 0.999999 0.0465256 0.0240425 0.121013
FixedParameters: 0 0 0

#Transform 12
Transform: AffineTransform_float_3_3
Parameters: 0.999998 0.00159861 0.000988384 -0.00159239 0.999976 -0.00665559 -0.000998619 0.00665342 0.999978 0.0267427 0.00903344 -0.0200103
FixedParameters: 0 0 0

#Transform 13
Transform: AffineTransform_float_3_3
Parameters: 1 0.0010259 0.000449698 -0.0010241 0.99999 -0.00419746 -0.000454303 0.00419754 0.999991 -0.016397 0.033156 -0.0285423
FixedParameters: 0 0 0

#Transform 14
Transform: AffineTransform_float_3_3
Parameters: 1 0.000641372 0.000241011 -0.000641627 0.999998 -0.00154215 -0.00024199 0.00154184 0.999999 -0.00666496 0.0231868 -0.0330517
FixedParameters: 0 0 0

#Transform 15
Transform: AffineTransform_float_3_3
Parameters: 1 0.000635994 -7.57176e-06 -0.000636006 1 -0.000898995 6.42823e-06 0.000899004 0.999999 -0.000292684 0.00638336 0.00590483
FixedParameters: 0 0 0

#Transform 16
Transform: AffineTransform_float_3_3
Parameters: 1 0.000594083 5.81576e-05 -0.000593917 0.999999 -0.00141803 -5.88422e-05 0.00141797 0.999999 -0.0130315 0.0152871 0.0414238
FixedParameters: 0 0 0

#Transform 17
Transform: AffineTransform_float_3_3
Parameters: 1 0.000368026 5.88395e-05 -0.000367974 1 -0.000436022 -5.91604e-05 0.000435978 1 -0.0136006 0.0263378 0.0564999
FixedParameters: 0 0 0

#Transform 18
Transform: AffineTransform_float_3_3
Parameters: 0.999999 0.000719977 -3.05601e-05 -0.000720024 1 -0.000777978 3.04398e-05 0.000778022 0.999999 -0.00462851 0.0164327 0.0113304
FixedParameters: 0 0 0

#Transform 19
Transform: AffineTransform_float_3_3
Parameters: 1 0.00039001 -2.88662e-05 -0.00038999 1 0.000343011 2.91338e-05 -0.000342989 1 -0.00762678 0.00332106 0.0111855
FixedParameters: 0 0 0

#Transform 20
Transform: AffineTransform_float_3_3
Parameters: 1 0.000365147 -0.00017269 -0.000365853 0.999999 0.000849063 0.000173311 -0.000848936 0.999999 -0.00792095 0.000488593 0.0231394
FixedParameters: 0 0 0

#Transform 21
Transform: AffineTransform_float_3_3
Parameters: 1 0.00049317 -0.000234641 -0.000492829 0.999999 0.000727115 0.000235358 -0.000726884 0.999999 -0.00372054 -0.0016172 0.029843
FixedParameters: 0 0 0

#Transform 22
Transform: AffineTransform_float_3_3
Parameters: 1 0.000465145 -0.000147545 -0.000464855 1 0.000979069 0.000148455 -0.000978931 0.999999 -0.0158144 -0.00729104 0.0296926
FixedParameters: 0 0 0

#Transform 23
Transform: AffineTransform_float_3_3
Parameters: 1 0.000546673 -0.00035998 -0.000546327 0.999998 0.0018662 0.000361021 -0.0018668 0.999998 -0.00888111 0.002641 0.0584463
FixedParameters: 0 0 0

#Transform 24
Transform: AffineTransform_float_3_3
Parameters: 0.999999 0.000715307 -0.00036039 -0.000715693 1 0.000852258 0.00036061 -0.000851742 0.999999 0.00472047 -0.00018625 0.0125098
FixedParameters: 0 0 0

#Transform 25
Transform: AffineTransform_float_3_3
Parameters: 1 0.000602318 -0.000360469 -0.000601683 1 0.000881217 0.00036053 -0.000880783 0.999999 0.00257814 0.00807766 0.0223416
FixedParameters: 0 0 0

#Transform 26
Transform: AffineTransform_float_3_3
Parameters: 1 0.00040362 -0.00040939 -0.000403381 0.999999 0.00151316 0.000409611 -0.00151283 0.999999 -0.00417068 -0.00473594 0.0446202
FixedParameters: 0 0 0

#Transform 27
Transform: AffineTransform_float_3_3
Parameters: 0.999999 0.000585445 -0.000422383 -0.000584554 1 0.00105425 0.000423616 -0.00105375 1 0.00250177 -0.000509317 0.0432632
FixedParameters: 0 0 0

#Transform 28
Transform: AffineTransform_float_3_3
Parameters: 1 0.000503237 -0.000251527 -0.000502763 1 0.000941128 0.000252473 -0.000940874 1 -0.011155 -0.00372031 0.0285729
FixedParameters: 0 0 0

#Transform 29
Transform: AffineTransform_float_3_3
Parameters: 1 0.000445157 -0.000273744 -0.000444842 0.999999 0.000575122 0.000274256 -0.000574878 1 -0.0239487 -0.00882185 0.0897799
FixedParameters: 0 0 0

#Transform 30
Transform: AffineTransform_float_3_3
Parameters: 1 0.000329409 -0.000269501 -0.00032959 0.999999 0.00151509 0.0002705 -0.00151591 0.999999 -0.0130515 -0.011218 0.10876
FixedParameters: 0 0 0

#Transform 31
Transform: AffineTransform_float_3_3
Parameters: 1 0.000297447 -0.000343613 -0.000297552 0.999999 0.0013011 0.000344387 -0.0013009 0.999999 -0.0123813 -0.00990076 0.120088
FixedParameters: 0 0 0

#Transform 32
Transform: AffineTransform_float_3_3
Parameters: 1 0.000335985 -0.000592443 -0.000335016 0.999999 0.0016612 0.000592558 -0.0016618 0.999999 -0.00852934 -0.0120568 0.106115
FixedParameters: 0 0 0

#Transform 33
Transform: AffineTransform_float_3_3
Parameters: 1 0.000291598 -0.00045862 -0.000291403 0.999999 0.00130313 0.00045838 -0.00130287 0.999999 -0.0135813 -0.0221056 0.0822385
FixedParameters: 0 0 0

#Transform 34
Transform: AffineTransform_float_3_3
Parameters: 1 0.000252513 -0.000386665 -0.000252486 0.999999 0.0013271 0.000387335 -0.0013269 0.999999 -0.0108211 -0.0175437 0.0822402
FixedParameters: 0 0 0

#Transform 35
Transform: AffineTransform_float_3_3
Parameters: 1 0.000263839 -0.000532585 -0.00026316 0.999998 0.00157514 0.000533415 -0.00157486 0.999998 -0.00548287 -0.0115353 0.0691604
FixedParameters: 0 0 0

#Transform 36
Transform: AffineTransform_float_3_3
Parameters: 1 0.000358742 -0.000458419 -0.000358258 0.999998 0.00161916 0.00045858 -0.00161883 0.999998 -0.00635821 -0.0394406 0.0822176
FixedParameters: 0 0 0

#Transform 37
Transform: AffineTransform_float_3_3
Parameters: 0.999999 0.000516324 -0.000680998 -0.000514676 0.999998 0.00194335 0.000682001 -0.00194265 0.999998 -0.000869133 -0.0413761 0.0966958
FixedParameters: 0 0 0

#Transform 38
Transform: AffineTransform_float_3_3
Parameters: 0.999999 0.000495828 -0.000625344 -0.000495172 0.999999 0.00132331 0.000625655 -0.00132269 0.999999 -0.00534089 -0.0423034 0.0823838
FixedParameters: 0 0 0

#Transform 39
Transform: AffineTransform_float_3_3
Parameters: 0.999999 0.000483315 -0.000725125 -0.000482685 0.999998 0.00181235 0.000725876 -0.00181165 0.999998 -0.00262996 -0.0239777 0.101579
FixedParameters: 0 0 0

#Transform 40
Transform: AffineTransform_float_3_3
Parameters: 0.999999 0.000492142 -0.000699197 -0.000490857 0.999998 0.00163334 0.000699802 -0.00163266 0.999999 -0.00601003 -0.0295445 0.104917
FixedParameters: 0 0 0

#Transform 41
Transform: AffineTransform_float_3_3
Parameters: 0.999999 0.000640834 -0.000584085 -0.000640165 0.999999 0.00142837 0.000584914 -0.00142763 0.999999 -0.0252619 -0.0610589 0.100556
FixedParameters: 0 0 0

#Transform 42
Transform: AffineTransform_float_3_3
Parameters: 1 -0.000297932 -0.000160126 0.000298068 1 0.000422952 0.000159874 -0.000423048 1 0.0140644 -0.00886049 0.119304
FixedParameters: 0 0 0

#Transform 43
Transform: AffineTransform_float_3_3
Parameters: 0.99999 -0.00257667 0.00368803 0.00258133 0.999996 -0.00116949 -0.00368497 0.00117851 0.999993 -0.0192571 -0.0145044 0.0393703
FixedParameters: 0 0 0

#Transform 44
Transform: AffineTransform_float_3_3
Parameters: 0.999996 -0.00150564 0.00267077 0.00150636 0.999998 -0.000505979 -0.00267024 0.000510023 0.999997 -0.0126254 -0.014414 0.0642376
FixedParameters: 0 0 0

#Transform 45
Transform: AffineTransform_float_3_3
Parameters: 0.999997 -0.000717878 0.00237695 0.000721123 0.999999 -0.00131329 -0.00237606 0.00131471 0.999997 -0.0153936 0.000785224 0.0541846
FixedParameters: 0 0 0

#Transform 46
Transform: AffineTransform_float_3_3
Parameters: 0.999997 -0.000510488 0.00242616 0.000515512 0.999998 -0.00227176 -0.00242483 0.00227324 0.999994 -0.0037432 0.030727 0.0595823
FixedParameters: 0 0 0

#Transform 47
Transform: AffineTransform_float_3_3
Parameters: 0.999998 -0.000153096 0.00201015 0.000154903 0.999999 -0.000946691 -0.00200986 0.00094731 0.999998 -0.000723816 0.0279107 0.0268584
FixedParameters: 0 0 0

#Transform 48
Transform: AffineTransform_float_3_3
Parameters: 0.999998 -7.28565e-05 0.00206004 7.31431e-05 1 -0.00055485 -0.00205996 0.000555151 0.999997 0.0042362 0.0239476 0.0326522
FixedParameters: 0 0 0

#Transform 49
Transform: AffineTransform_float_3_3
Parameters: 0.999998 0.000138701 0.00204902 -0.000138299 1 0.000145717 -0.00204898 -0.000146284 0.999998 0.0020047 0.0275736 0.0326439
FixedParameters: 0 0 0

#Transform 50
Transform: AffineTransform_float_3_3
Parameters: 0.999999 -1.96525e-05 0.00182398 1.83474e-05 0.999999 0.000906035 -0.00182402 -0.000905965 0.999998 0.0105797 0.0333744 0.0327602
FixedParameters: 0 0 0

#Transform 51
Transform: AffineTransform_float_3_3
Parameters: 0.999999 -0.000107345 0.0012628 0.000105654 0.999999 0.00185714 -0.0012632 -0.00185687 0.999998 0.00605788 0.044047 0.0332937
FixedParameters: 0 0 0

#Transform 52
Transform: AffineTransform_float_3_3
Parameters: 0.999981 -0.00108883 0.00595745 0.000988175 0.999856 0.0169022 -0.00597455 -0.0168958 0.99984 0.0808011 -0.12489 -0.0210432
FixedParameters: 0 0 0

#Transform 53
Transform: AffineTransform_float_3_3
Parameters: 0.99999 0.000583601 0.004264 -0.000645399 0.999892 0.0146474 -0.004255 -0.0146496 0.999883 0.0141065 0.012174 0.234549
FixedParameters: 0 0 0

#Transform 54
Transform: AffineTransform_float_3_3
Parameters: 0.999993 0.00119731 0.00359244 -0.00123369 0.999947 0.0102266 -0.00358057 -0.0102314 0.999942 0.00681901 0.0097576 0.0277104
FixedParameters: 0 0 0

#Transform 55
Transform: AffineTransform_float_3_3
Parameters: 0.999988 -0.000318269 0.00500741 0.000235719 0.999862 0.0166214 -0.00501261 -0.0166196 0.99985 0.0310199 -0.0524211 0.0164822
FixedParameters: 0 0 0

#Transform 56
Transform: AffineTransform_float_3_3
Parameters: 0.999998 0.000372062 0.00164093 -0.000388939 0.999946 0.0103344 -0.00163707 -0.0103346 0.999946 0.0152908 -0.00228168 0.013329
FixedParameters: 0 0 0

#Transform 57
Transform: AffineTransform_float_3_3
Parameters: 0.999996 0.000497825 0.00272134 -0.00052118 0.999963 0.00852161 -0.00271766 -0.00852338 0.99996 0.0403978 0.0232339 -0.0467308
FixedParameters: 0 0 0

#Transform 58
Transform: AffineTransform_float_3_3
Parameters: 0.999995 0.000134632 0.00308037 -0.000162367 0.999957 0.00921154 -0.00307864 -0.00921145 0.999953 0.0242532 0.0484659 -0.0261262
FixedParameters: 0 0 0

#Transform 59
Transform: AffineTransform_float_3_3
Parameters: 0.999996 0.000385255 0.00264441 -0.000407741 0.999963 0.00860596 -0.00264059 -0.00860705 0.99996 0.00771341 0.0407753 0.0340298
FixedParameters: 0 0 0

#Transform 60
Transform: AffineTransform_float_3_3
Parameters: 0.999997 3.55684e-05 0.0027175 -6.34363e-05 0.999949 0.0100949 -0.0027175 -0.0100951 0.999946 0.0131775 0.049027 0.00958284
FixedParameters: 0 0 0

#Transform 61
Transform: AffineTransform_float_3_3
Parameters: 0.999997 -0.000167 0.00271527 0.000135991 0.999935 0.0114134 -0.00271773 -0.0114126 0.999931 0.0227508 0.0299817 -0.00395818
FixedParameters: 0 0 0

#Transform 62
Transform: AffineTransform_float_3_3
Parameters: 0.999998 0.000133445 0.00230362 -0.000158559 0.999939 0.0110967 -0.00230238 -0.0110973 0.999936 0.00763611 0.0139534 -0.00149126
FixedParameters: 0 0 0

#Transform 63
Transform: AffineTransform_float_3_3
Parameters: 0.999999 0.000114857 0.00182038 -0.000134138 0.999938 0.0110688 -0.00181863 -0.0110692 0.999937 0.00597617 0.00926545 0.000898088
FixedParameters: 0 0 0

#Transform 64
Transform: AffineTransform_float_3_3
Parameters: 0.999998 -4.79755e-05 0.00204158 2.40194e-05 0.999931 0.0117421 -0.00204242 -0.0117419 0.999929 0.0102974 0.00327268 -0.0166681
FixedParameters: 0 0 0

#Transform 65
Transform: AffineTransform_float_3_3
Parameters: 0.999997 9.23756e-05 0.00216719 -0.000116622 0.999936 0.0113648 -0.00216581 -0.0113652 0.999933 0.012573 0.00564659 -0.0169902
FixedParameters: 0 0 0

#Transform 66
Transform: AffineTransform_float_3_3
Parameters: 0.999997 0.000338579 0.00238221 -0.000366416 0.999928 0.0119392 -0.00237779 -0.0119408 0.999926 0.00658744 0.0342674 -0.00288266
FixedParameters: 0 0 0

#Transform 67
Transform: AffineTransform_float_3_3
Parameters: 0.999997 0.000389305 0.00269131 -0.000418703 0.999943 0.0106699 -0.00268769 -0.0106711 0.99994 0.014379 0.00329553 -0.0182061
FixedParameters: 0 0 0

#Transform 68
Transform: AffineTransform_float_3_3
Parameters: 0.999997 0.000234443 0.00235602 -0.000262556 0.999927 0.0121274 -0.00235299 -0.0121286 0.999923 0.0104094 -0.0203971 -0.0474998
FixedParameters: 0 0 0

#Transform 69
Transform: AffineTransform_float_3_3
Parameters: 0.999997 -0.000169597 0.00241616 0.000141404 0.99993 0.0118314 -0.00241784 -0.0118306 0.999927 -0.00602367 -0.000230748 -0.0394902
FixedParameters: 0 0 0

#Transform 70
Transform: AffineTransform_float_3_3
Parameters: 0.999994 -0.00145796 0.00311993 0.00141203 0.999891 0.0146845 -0.00314107 -0.0146795 0.999888 0.0329082 -0.00564245 0.0115298
FixedParameters: 0 0 0

#Transform 71
Transform: AffineTransform_float_3_3
Parameters: 0.999994 -0.0015896 0.00291013 0.00154639 0.999892 0.0145846 -0.00293286 -0.0145794 0.99989 0.0365434 0.000775344 0.032067
FixedParameters: 0 0 0

#Transform 72
Transform: AffineTransform_float_3_3
Parameters: 0.999997 5.79198e-05 0.00236708 -9.20811e-05 0.999897 0.0144008 -0.00236592 -0.0144002 0.999894 0.00874053 -0.0508447 0.0247724
FixedParameters: 0 0 0

#Transform 73
Transform: AffineTransform_float_3_3
Parameters: 0.999996 0.00028226 0.00260848 -0.000321748 0.99989 0.0148632 -0.0026045 -0.0148638 0.999886 0.00174037 -0.00657098 0.0271998
FixedParameters: 0 0 0

#Transform 74
Transform: AffineTransform_float_3_3
Parameters: 0.999997 0.000171973 0.00238804 -0.000210026 0.999873 0.0159325 -0.00238496 -0.0159335 0.99987 0.00387351 -0.0242886 0.0404087
FixedParameters: 0 0 0

#Transform 75
Transform: AffineTransform_float_3_3
Parameters: 0.999999 0.000118547 0.00182715 -0.00014745 0.99987 0.0161278 -0.00182486 -0.0161282 0.999869 0.00530496 -0.0529367 0.0395817
FixedParameters: 0 0 0

#Transform 76
Transform: AffineTransform_float_3_3
Parameters: 0.999998 -0.000322648 0.00227435 0.000288343 0.999884 0.0152177 -0.00227965 -0.0152173 0.999881 0.0307584 -0.0620616 -0.0077604
FixedParameters: 0 0 0

#Transform 77
Transform: AffineTransform_float_3_3
Parameters: 0.999913 0.0119957 0.00538663 -0.0120252 0.999913 0.00543269 -0.00532035 -0.0054973 0.99997 0.0130731 -0.120727 0.102705
FixedParameters: 0 0 0

#Transform 78
Transform: AffineTransform_float_3_3
Parameters: 0.999865 0.0130697 0.00998 -0.0131503 0.999882 0.00801985 -0.00987399 -0.00815016 0.999918 0.0961015 0.0326557 0.00329227
FixedParameters: 0 0 0

#Transform 79
Transform: AffineTransform_float_3_3
Parameters: 0.999895 0.0127978 0.00682948 -0.0128222 0.999911 0.00366282 -0.00678252 -0.0037502 0.99997 0.0244946 0.263912 0.149256
FixedParameters: 0 0 0

#Transform 80
Transform: AffineTransform_float_3_3
Parameters: 0.999899 0.0120003 0.00770178 -0.0120108 0.999927 0.00135063 -0.00768523 -0.00144337 0.99997 0.0382587 0.275383 0.00586887
FixedParameters: 0 0 0

#Transform 81
Transform: AffineTransform_float_3_3
Parameters: 0.999896 0.0123236 0.00757835 -0.0123404 0.999922 0.00225172 -0.00755067 -0.0023443 0.999968 0.0454914 0.276923 -0.0449132
FixedParameters: 0 0 0

#Transform 82
Transform: AffineTransform_float_3_3
Parameters: 0.999893 0.0124921 0.00758457 -0.0125139 0.999918 0.00271738 -0.00755043 -0.00281162 0.999967 0.0527414 0.269252 -0.072637
FixedParameters: 0 0 0

#Transform 83
Transform: AffineTransform_float_3_3
Parameters: 0.999918 0.0113213 0.00609918 -0.0113377 0.999933 0.00254106 -0.00606982 -0.00260994 0.999978 0.000818939 0.25672 -0.0856606
FixedParameters: 0 0 0

#Transform 84
Transform: AffineTransform_float_3_3
Parameters: 0.99992 0.0110886 0.006192 -0.0111064 0.999934 0.00293946 -0.006159 -0.00300754 0.999976 0.0144109 0.289977 -0.0953944
FixedParameters: 0 0 0

#Transform 85
Transform: AffineTransform_float_3_3
Parameters: 0.999925 0.0104543 0.00645736 -0.0104768 0.99994 0.0033446 -0.00642164 -0.00341239 0.999973 -0.00629051 0.302547 -0.103934
FixedParameters: 0 0 0

#Transform 86
Transform: AffineTransform_float_3_3
Parameters: 0.999924 0.0107357 0.0060459 -0.0107533 0.999938 0.0028432 -0.0060151 -0.0029078 0.999977 0.00840463 0.29305 -0.102677
FixedParameters: 0 0 0

#Transform 87
Transform: AffineTransform_float_3_3
Parameters: 0.99993 0.0106668 0.00508242 -0.0106852 0.999936 0.00375896 -0.00504158 -0.00381304 0.99998 0.00856078 0.310518 0.116667
FixedParameters: 0 0 0

#Transform 88
Transform: AffineTransform_float_3_3
Parameters: 0.999927 0.0106296 0.00573327 -0.0106554 0.999933 0.00441123 -0.00568572 -0.00447276 0.999974 -0.0324564 0.272285 0.11044
FixedParameters: 0 0 0

#Transform 89
Transform: AffineTransform_float_3_3
Parameters: 0.999923 0.0112112 0.00532288 -0.0112378 0.999924 0.00503757 -0.00526612 -0.00509743 0.999973 -0.0194644 0.290102 0.0829432
FixedParameters: 0 0 0

#Transform 90
Transform: AffineTransform_float_3_3
Parameters: 0.999921 0.0112286 0.00568142 -0.0112604 0.999922 0.00551946 -0.00561858 -0.00558253 0.999968 -0.0318299 0.286593 0.127945
FixedParameters: 0 0 0

#Transform 91
Transform: AffineTransform_float_3_3
Parameters: 0.999927 0.0107292 0.00556505 -0.0107558 0.999931 0.0048155 -0.00551295 -0.00487451 0.999973 -0.0246048 0.298188 0.140424
FixedParameters: 0 0 0

#Transform 92
Transform: AffineTransform_float_3_3
Parameters: 0.999921 0.0111464 0.00571696 -0.0111786 0.999923 0.00551952 -0.00565503 -0.00558247 0.999968 -0.0228241 0.294142 0.0895355
FixedParameters: 0 0 0

#Transform 93
Transform: AffineTransform_float_3_3
Parameters: 0.999922 0.0109926 0.00593928 -0.0110254 0.999924 0.00562396 -0.00587673 -0.00568905 0.999967 -0.0256852 0.274414 0.180235
FixedParameters: 0 0 0

#Transform 94
Transform: AffineTransform_float_3_3
Parameters: 0.999927 0.0108259 0.00548094 -0.0108571 0.999925 0.00568291 -0.00541808 -0.00574108 0.999969 -0.0100694 0.301851 0.193606
FixedParameters: 0 0 0

#Transform 95
Transform: AffineTransform_float_3_3
Parameters: 0.999913 0.0115564 0.00633631 -0.0115926 0.999917 0.00560603 -0.00627069 -0.00567896 0.999964 -0.0412482 0.293171 0.199119
FixedParameters: 0 0 0

#Transform 96
Transform: AffineTransform_float_3_3
Parameters: 0.999912 0.0114394 0.00674313 -0.0114816 0.999915 0.00616812 -0.00667187 -0.00624487 0.999958 -0.0464221 0.30382 0.274603
FixedParameters: 0 0 0

#Transform 97
Transform: AffineTransform_float_3_3
Parameters: 0.999919 0.0110215 0.00644988 -0.0110545 0.999927 0.00502711 -0.00639412 -0.00509789 0.999966 -0.0450942 0.289367 0.279454
FixedParameters: 0 0 0

#Transform 98
Transform: AffineTransform_float_3_3
Parameters: 0.999918 0.0109754 0.00662609 -0.0110146 0.999922 0.00597451 -0.00655992 -0.0060465 0.99996 -0.0423275 0.303868 0.3004
FixedParameters: 0 0 0

#Transform 99
Transform: AffineTransform_float_3_3
Parameters: 0.999922 0.010824 0.0062533 -0.010858 0.999927 0.00543653 -0.00619369 -0.00550447 0.999965 -0.0311931 0.31739 0.363034
FixedParameters: 0 0 0

#Transform 100
Transform: AffineTransform_float_3_3
Parameters: 0.999914 0.011099 0.00691258 -0.0111309 0.999927 0.00460245 -0.00686041 -0.00467954 0.999966 -0.0506768 0.254132 0.316388
FixedParameters: 0 0 0

#Transform 101
Transform: AffineTransform_float_3_3
Parameters: 0.999906 0.011277 0.00780164 -0.011316 0.999923 0.00496918 -0.00774437 -0.00505681 0.999957 -0.0447796 0.290133 0.418806
FixedParameters: 0 0 0

#Transform 102
Transform: AffineTransform_float_3_3
Parameters: 0.999907 0.0113976 0.0074689 -0.0114744 0.999882 0.0102663 -0.00735011 -0.0103507 0.99992 -0.040079 0.259917 0.519358
FixedParameters: 0 0 0

#Transform 103
Transform: AffineTransform_float_3_3
Parameters: 0.999914 0.0107817 0.00745413 -0.0108363 0.999915 0.00728085 -0.00737486 -0.00736114 0.999945 -0.0400263 0.305076 0.467404
FixedParameters: 0 0 0

#Transform 104
Transform: AffineTransform_float_3_3
Parameters: 0.999914 0.0109306 0.00717251 -0.0109743 0.999921 0.0060338 -0.00710548 -0.00611219 0.999956 -0.0152304 0.347308 0.4637
FixedParameters: 0 0 0

#Transform 105
Transform: AffineTransform_float_3_3
Parameters: 0.999915 0.0106385 0.0074592 -0.0106685 0.999936 0.00392176 -0.00741679 -0.00400125 0.999965 -0.0563791 0.343181 0.31339
FixedParameters: 0 0 0

#Transform 106
Transform: AffineTransform_float_3_3
Parameters: 0.999913 0.0108858 0.00736633 -0.0109112 0.999934 0.00338492 -0.00732867 -0.00346508 0.999967 -0.0554399 0.371485 0.216159
FixedParameters: 0 0 0

#Transform 107
Transform: AffineTransform_float_3_3
Parameters: 0.999912 0.0112513 0.00704898 -0.0112797 0.999928 0.00404185 -0.00700302 -0.00412116 0.999967 -0.0395166 0.381827 0.195536
FixedParameters: 0 0 0

#Transform 108
Transform: AffineTransform_float_3_3
Parameters: 0.999914 0.0111765 0.00675436 -0.0112075 0.999927 0.0046407 -0.00670165 -0.00471531 0.999967 -0.0272046 0.359573 0.194884
FixedParameters: 0 0 0

#Transform 109
Transform: AffineTransform_float_3_3
Parameters: 0.999912 0.0113471 0.00684415 -0.0113799 0.999925 0.00463852 -0.00679085 -0.00471547 0.999966 -0.0315001 0.356036 0.20195
FixedParameters: 0 0 0

#Transform 110
Transform: AffineTransform_float_3_3
Parameters: 0.999919 0.0109953 0.00651012 -0.0110257 0.999928 0.0046976 -0.00645788 -0.0047694 0.999968 -0.0306277 0.366061 0.216701
FixedParameters: 0 0 0

#Transform 111
Transform: AffineTransform_float_3_3
Parameters: 0.999912 0.011359 0.00681629 -0.011392 0.999924 0.00482177 -0.00676172 -0.00489824 0.999965 -0.0309121 0.343173 0.210325
FixedParameters: 0 0 0

#Transform 112
Transform: AffineTransform_float_3_3
Parameters: 0.999912 0.0114955 0.00662371 -0.0115235 0.999925 0.00428105 -0.00657429 -0.00435696 0.999969 -0.0321225 0.297458 0.18424
FixedParameters: 0 0 0

#Transform 113
Transform: AffineTransform_float_3_3
Parameters: 0.999913 0.0112917 0.00683703 -0.0113223 0.999926 0.00456299 -0.00678497 -0.00464002 0.999966 -0.039055 0.338535 0.167266
FixedParameters: 0 0 0

#Transform 114
Transform: AffineTransform_float_3_3
Parameters: 0.999913 0.0112349 0.00681121 -0.0112701 0.999924 0.00513468 -0.00675278 -0.00521132 0.999963 -0.0386502 0.32673 0.213643
FixedParameters: 0 0 0

#Transform 115
Transform: AffineTransform_float_3_3
Parameters: 0.999914 0.0113165 0.00673318 -0.0113485 0.999925 0.00465399 -0.00667983 -0.00473 0.999967 -0.0330814 0.269277 0.211087
FixedParameters: 0 0 0

#Transform 116
Transform: AffineTransform_float_3_3
Parameters: 0.999911 0.0114625 0.00679606 -0.0114945 0.999922 0.0047573 -0.00674094 -0.00483569 0.999965 -0.0319747 0.324591 0.206194
FixedParameters: 0 0 0

#Transform 117
Transform: AffineTransform_float_3_3
Parameters: 0.999911 0.0114841 0.00679288 -0.0115169 0.999922 0.0048192 -0.00673713 -0.00489681 0.999966 -0.0385389 0.328774 0.199528
FixedParameters: 0 0 0

#Transform 118
Transform: AffineTransform_float_3_3
Parameters: 0.999902 0.0121007 0.006962 -0.0121313 0.999917 0.00433197 -0.006909 -0.00441604 0.999967 -0.0400771 0.295838 0.181799
FixedParameters: 0 0 0

#Transform 119
Transform: AffineTransform_float_3_3
Parameters: 0.999908 0.0115108 0.00714402 -0.0115372 0.999927 0.00377793 -0.0071 -0.00385908 0.999968 -0.0623074 0.333919 0.110791
FixedParameters: 0 0 0

#Transform 120
Transform: AffineTransform_float_3_3
Parameters: 0.999904 0.0115926 0.0076022 -0.0116284 0.999921 0.00462404 -0.0075478 -0.00471195 0.999961 -0.09049 0.349145 0.0984035
FixedParameters: 0 0 0

#Transform 121
Transform: AffineTransform_float_3_3
Parameters: 0.999903 0.0116732 0.00756988 -0.0117088 0.999921 0.00456481 -0.00751611 -0.00465319 0.999961 -0.0827074 0.295054 0.0874474
FixedParameters: 0 0 0

#Transform 122
Transform: AffineTransform_float_3_3
Parameters: 0.999901 0.0118809 0.00753657 -0.0119161 0.999919 0.00462565 -0.00748142 -0.00471535 0.999961 -0.064943 0.334649 0.0517028
FixedParameters: 0 0 0

#Transform 123
Transform: AffineTransform_float_3_3
Parameters: 0.999903 0.0118216 0.00727057 -0.0118574 0.999918 0.00498827 -0.00721042 -0.00507473 0.999961 -0.063293 0.330656 0.0987175
FixedParameters: 0 0 0

#Transform 124
Transform: AffineTransform_float_3_3
Parameters: 0.999902 0.0119133 0.00741801 -0.0119477 0.999918 0.00464983 -0.00736201 -0.00473717 0.999961 -0.0596777 0.294511 0.0985898
FixedParameters: 0 0 0

#Transform 125
Transform: AffineTransform_float_3_3
Parameters: 0.9999 0.0118468 0.00772233 -0.0118842 0.999918 0.0047857 -0.00766466 -0.00487729 0.999958 -0.0638022 0.327038 0.0983033
FixedParameters: 0 0 0

#Transform 126
Transform: AffineTransform_float_3_3
Parameters: 0.9999 0.0120353 0.00742247 -0.0120737 0.999915 0.00505489 -0.00736053 -0.0051431 0.999959 -0.0640973 0.319704 0.11861
FixedParameters: 0 0 0

#Transform 127
Transform: AffineTransform_float_3_3
Parameters: 0.9999 0.0121851 0.0072759 -0.0122129 0.999918 0.00379952 -0.00722912 -0.00388748 0.999967 -0.0621597 0.249073 0.0839884
FixedParameters: 0 0 0

#Transform 128
Transform: AffineTransform_float_3_3
Parameters: 0.999905 0.0117802 0.00714771 -0.0117998 0.999926 0.00273192 -0.00711429 -0.00281607 0.99997 -0.0513315 0.327724 0.219377
FixedParameters: 0 0 0

#Transform 129
Transform: AffineTransform_float_3_3
Parameters: 0.999892 0.0123949 0.00790747 -0.0124061 0.999922 0.00136005 -0.00788952 -0.00145795 0.999968 -0.0724794 0.322985 0.129078
FixedParameters: 0 0 0

#Transform 130
Transform: AffineTransform_float_3_3
Parameters: 0.999903 0.0120053 0.00707835 -0.0120187 0.999926 0.00190111 -0.00705465 -0.00198589 0.999973 -0.0685155 0.282362 0.134965
FixedParameters: 0 0 0

#Transform 131
Transform: AffineTransform_float_3_3
Parameters: 0.999899 0.0119769 0.00765673 -0.0119851 0.999927 0.00101634 -0.00764427 -0.00110867 0.99997 -0.0656639 0.336041 0.0556877
FixedParameters: 0 0 0

#Transform 132
Transform: AffineTransform_float_3_3
Parameters: 0.999897 0.0119913 0.00787907 -0.0119947 0.999928 0.000292523 -0.00787493 -0.000386471 0.999969 -0.0669332 0.34077 0.0487091
FixedParameters: 0 0 0

#Transform 133
Transform: AffineTransform_float_3_3
Parameters: 0.999897 0.0120037 0.00778031 -0.0120023 0.999928 -0.000270409 -0.00778268 0.000176597 0.999969 -0.0663547 0.360445 0.0373374
FixedParameters: 0 0 0

#Transform 134
Transform: AffineTransform_float_3_3
Parameters: 0.999896 0.0121701 0.00766007 -0.0121719 0.999926 0.000205783 -0.00765693 -0.000298216 0.99997 -0.05637 0.325366 -0.000727336
FixedParameters: 0 0 0

#Transform 135
Transform: AffineTransform_float_3_3
Parameters: 0.999895 0.0125772 0.00709786 -0.0125758 0.999921 -0.000214284 -0.00710013 0.000124713 0.999975 -0.0297256 0.30928 -0.070361
FixedParameters: 0 0 0

#Transform 136
Transform: AffineTransform_float_3_3
Parameters: 0.999903 0.0126388 0.00585818 -0.0126722 0.999903 0.00566631 -0.00578582 -0.00573968 0.999967 -0.0155561 0.287309 0.0559997
FixedParameters: 0 0 0

#Transform 137
Transform: AffineTransform_float_3_3
Parameters: 0.999896 0.0132873 0.00551488 -0.0133337 0.999875 0.00851835 -0.00540013 -0.00859065 0.999949 0.0439541 0.256116 -0.131247
FixedParameters: 0 0 0

#Transform 138
Transform: AffineTransform_float_3_3
Parameters: 0.999898 0.0130291 0.00588801 -0.0130609 0.9999 0.00540465 -0.00581699 -0.00548135 0.999968 0.00965977 0.310716 -0.152525
FixedParameters: 0 0 0

#Transform 139
Transform: AffineTransform_float_3_3
Parameters: 0.999889 0.0136358 0.00608677 -0.0136782 0.999881 0.00711654 -0.00598925 -0.00719847 0.999956 0.0305585 0.265106 -0.162209
FixedParameters: 0 0 0

#Transform 140
Transform: AffineTransform_float_3_3
Parameters: 0.999903 0.0128357 0.00537567 -0.0128703 0.999896 0.00639743 -0.00529232 -0.00646656 0.999965 0.0536527 0.293492 -0.187984
FixedParameters: 0 0 0

#Transform 141
Transform: AffineTransform_float_3_3
Parameters: 0.99991 0.0123956 0.00526467 -0.0124274 0.999905 0.00598312 -0.00518934 -0.00604787 0.999968 0.05507 0.307959 -0.205352
FixedParameters: 0 0 0

#Transform 142
Transform: AffineTransform_float_3_3
Parameters: 0.999909 0.0124414 0.00521311 -0.0124736 0.999903 0.00607752 -0.00513689 -0.00614147 0.999968 0.0519226 0.300476 -0.199292
FixedParameters: 0 0 0

#Transform 143
Transform: AffineTransform_float_3_3
Parameters: 0.999902 0.0127265 0.00573452 -0.0127535 0.999907 0.00479233 -0.00567247 -0.00486567 0.999972 0.0399401 0.198535 -0.186458
FixedParameters: 0 0 0

#Transform 144
Transform: AffineTransform_float_3_3
Parameters: 0.999904 0.012419 0.00624187 -0.012437 0.999918 0.00284665 -0.00620614 -0.00292436 0.999977 0.0309114 0.325646 -0.14729
FixedParameters: 0 0 0

#Transform 145
Transform: AffineTransform_float_3_3
Parameters: 0.999905 0.0123632 0.00621047 -0.0123788 0.99992 0.00250536 -0.00617952 -0.00258265 0.999977 0.0282765 0.338744 -0.127695
FixedParameters: 0 0 0

#Transform 146
Transform: AffineTransform_float_3_3
Parameters: 0.999904 0.0126871 0.0054491 -0.0127029 0.999915 0.00288806 -0.0054119 -0.00295694 0.999981 0.0400427 0.317343 -0.167153
FixedParameters: 0 0 0

#Transform 147
Transform: AffineTransform_float_3_3
Parameters: 0.999901 0.0125436 0.00628185 -0.0125584 0.999918 0.00225933 -0.00625315 -0.00233767 0.999977 0.0404662 0.282206 -0.224548
FixedParameters: 0 0 0

#Transform 148
Transform: AffineTransform_float_3_3
Parameters: 0.999897 0.0127651 0.00647138 -0.0127798 0.999916 0.00225853 -0.00644163 -0.00234047 0.999977 0.0173594 0.300695 -0.211398
FixedParameters: 0 0 0

#Transform 149
Transform: AffineTransform_float_3_3
Parameters: 0.999902 0.0123983 0.00639942 -0.0124167 0.999918 0.00289582 -0.00636358 -0.00297519 0.999976 0.0177541 0.304906 -0.185389
FixedParameters: 0 0 0

#Transform 150
Transform: AffineTransform_float_3_3
Parameters: 0.999901 0.012641 0.00616397 -0.012657 0.999916 0.00256723 -0.00613104 -0.00264476 0.999977 0.0289518 0.290789 -0.175201
FixedParameters: 0 0 0

#Transform 151
Transform: AffineTransform_float_3_3
Parameters: 0.999905 0.0123413 0.00611566 -0.0123566 0.999921 0.00236366 -0.00608534 -0.00243933 0.999979 0.0228703 0.301747 -0.16872
FixedParameters: 0 0 0

#Transform 152
Transform: AffineTransform_float_3_3
Parameters: 0.999904 0.0123109 0.00637236 -0.0123241 0.999922 0.00201966 -0.00634663 -0.00209833 0.999977 0.0195158 0.320907 -0.192496
FixedParameters: 0 0 0

#Transform 153
Transform: AffineTransform_float_3_3
Parameters: 0.999903 0.012364 0.00640698 -0.01238 0.999921 0.00246392 -0.00637603 -0.00254308 0.999977 0.0158683 0.292704 -0.193444
FixedParameters: 0 0 0

#Transform 154
Transform: AffineTransform_float_3_3
Parameters: 0.9999 0.0125382 0.00656045 -0.0125518 0.999919 0.00206686 -0.00653355 -0.00214914 0.999977 0.0177145 0.286357 -0.194779
FixedParameters: 0 0 0

#Transform 155
Transform: AffineTransform_float_3_3
Parameters: 0.999903 0.0125515 0.00614251 -0.0125615 0.999919 0.001674 -0.0061205 -0.00175099 0.999979 0.0308654 0.289203 -0.197635
FixedParameters: 0 0 0
