#Insight Transform File V1.0
#Transform 0
Transform: AffineTransform_float_3_3
Parameters: 0.999996 -0.00180179 0.0018982 0.00180221 0.999999 -0.000108579 -0.0018978 0.00011142 0.999998 0.168339 0.00452299 -0.0859082
FixedParameters: 0 0 0

#Transform 1
Transform: AffineTransform_float_3_3
Parameters: 0.999996 -0.001597 0.002091 0.001597 0.999998 3.33932e-06 -0.002091 3.39336e-07 0.999998 0.144952 0.0102162 -0.0533168
FixedParameters: 0 0 0

#Transform 2
Transform: AffineTransform_float_3_3
Parameters: 0.999997 -0.00160824 0.00219982 0.00160775 0.999998 0.000113537 -0.00220018 -0.000109462 0.999998 0.137732 0.0140979 -0.0761116
FixedParameters: 0 0 0

#Transform 3
Transform: AffineTransform_float_3_3
Parameters: 0.999997 -0.00149328 0.00183459 0.00149372 0.999999 -0.000390261 -0.00183442 0.00039274 0.999998 0.126729 0.00997872 -0.0625824
FixedParameters: 0 0 0

#Transform 4
Transform: AffineTransform_float_3_3
Parameters: 0.999997 -0.00159744 0.00149859 0.00159756 0.999998 -0.000370607 -0.0014984 0.000373394 0.999999 0.105308 0.0146413 -0.0574722
FixedParameters: 0 0 0

#Transform 5
Transform: AffineTransform_float_3_3
Parameters: 0.999998 -0.00130865 0.00100545 0.00130935 0.999999 -0.000344684 -0.00100455 0.000346315 1 0.0709231 0.0280746 -0.0567324
FixedParameters: 0 0 0

#Transform 6
Transform: AffineTransform_float_3_3
Parameters: 0.999999 -0.00124515 0.00085178 0.00124485 0.999999 0.000177061 -0.000852219 -0.000175939 0.999999 0.0624971 0.0173907 -0.0765932
FixedParameters: 0 0 0

#Transform 7
Transform: AffineTransform_float_3_3
Parameters: 1 -0.000442212 0.00104491 0.000441788 1 0.000203462 -0.00104509 -0.000202538 1 0.0368624 0.0144595 -0.0561812
FixedParameters: 0 0 0

#Transform 8
Transform: AffineTransform_float_3_3
Parameters: 0.999999 -0.000262186 0.000915946 0.000262814 1 0.000203241 -0.000916053 -0.00020276 0.999999 0.0330579 0.0381803 -0.0559853
FixedParameters: 0 0 0

#Transform 9
Transform: AffineTransform_float_3_3
Parameters: 1 -0.000301114 0.000539936 0.000300886 1 0.000211162 -0.000540063 -0.000210837 1 0.0243146 0.0348776 -0.0856669
FixedParameters: 0 0 0

#Transform 10
Transform: AffineTransform_float_3_3
Parameters: 1 -0.000276094 0.000418938 0.000275906 1 0.000225116 -0.000418062 -0.000224885 1 0.0257853 0.0255601 -0.0652908
FixedParameters: 0 0 0

#Transform 11
Transform: AffineTransform_float_3_3
Parameters: 0.999999 -0.000147678 0.000702067 0.000147321 1 -0.000457896 -0.000701932 0.000458104 0.999999 0.021664 0.0203969 -0.0642709
FixedParameters: 0 0 0

#Transform 12
Transform: AffineTransform_float_3_3
Parameters: 1 -0.000127762 0.000620049 0.000127237 1 -0.000382921 -0.000619951 0.000383079 0.999999 0.0117491 0.0192206 -0.0452344
FixedParameters: 0 0 0

#Transform 13
Transform: AffineTransform_float_3_3
Parameters: 1 0.000115429 0.000436887 -0.000115571 0.999999 -0.000981051 -0.000437114 0.00098095 1 0.00672875 0.0234554 -0.0161908
FixedParameters: 0 0 0

#Transform 14
Transform: AffineTransform_float_3_3
Parameters: 1 -3.58601e-05 0.000185027 3.61398e-05 0.999999 -0.000755993 -0.000184973 0.000756006 0.999999 0.00750597 0.0184241 0.0104612
FixedParameters: 0 0 0

#Transform 15
Transform: AffineTransform_float_3_3
Parameters: 1 -0.000180883 0.000287074 0.000181117 1 -0.000406948 -0.000286926 0.000407052 1 0.00697802 0.0215764 -0.0118508
FixedParameters: 0 0 0

#Transform 16
Transform: AffineTransform_float_3_3
Parameters: 1 0.000107035 0.000174978 -0.000106965 1 -0.000201019 -0.000175021 0.000200981 1 0.00790325 0.026188 0.0441497
FixedParameters: 0 0 0

#Transform 17
Transform: AffineTransform_float_3_3
Parameters: 1 0.000241999 6.60051e-05 -0.000242001 1 2.0984e-05 -6.59949e-05 -2.1016e-05 1 -0.00689658 0.0170553 0.059772
FixedParameters: 0 0 0

#Transform 18
Transform: AffineTransform_float_3_3
Parameters: 1 0.000175994 0.000136007 -0.000176006 1 4.09761e-05 -0.000135993 -4.10239e-05 1 -0.0172428 0.012516 0.0527765
FixedParameters: 0 0 0

#Transform 19
Transform: AffineTransform_float_3_3
Parameters: 1 0.000236877 0.000245119 -0.000237123 1 0.000500942 -0.000244881 -0.000501058 1 -0.00733676 0.00361443 0.0363632
FixedParameters: 0 0 0

#Transform 20
Transform: AffineTransform_float_3_3
Parameters: 1 0.000325885 0.000153245 -0.000326115 0.999999 0.00075095 -0.000152755 -0.000751049 0.999999 -0.0168855 0.0193361 0.0140424
FixedParameters: 0 0 0

#Transform 21
Transform: AffineTransform_float_3_3
Parameters: 1 0.000114783 0.000325077 -0.000115218 1 0.000668962 -0.000325923 -0.000668037 0.999999 -0.000257187 0.00715594 0.00266246
FixedParameters: 0 0 0

#Transform 22
Transform: AffineTransform_float_3_3
Parameters: 1 -3.13638e-05 0.000389971 3.06361e-05 0.999999 0.000933011 -0.000390029 -0.000932987 0.999999 -0.00822716 0.00308539 -0.00421469
FixedParameters: 0 0 0

#Transform 23
Transform: AffineTransform_float_3_3
Parameters: 1 -0.000438531 0.000313656 0.000439469 0.999999 -0.00149486 -0.000313343 0.00149514 0.999999 -0.00455757 0.00564614 -0.0934977
FixedParameters: 0 0 0

#Transform 24
Transform: AffineTransform_float_3_3
Parameters: 1 0.000290138 0.000517923 -0.000289862 1 -0.00026615 -0.000518077 0.00026585 1 -0.0256198 0.0115848 -0.0887215
FixedParameters: 0 0 0

#Transform 25
Transform: AffineTransform_float_3_3
Parameters: 1 0.000166068 0.000229951 -0.000165932 1 -0.000294038 -0.000230049 0.000293962 1 -0.0175847 0.00516683 -0.0505387
FixedParameters: 0 0 0

#Transform 26
Transform: AffineTransform_float_3_3
Parameters: 1 0.000260093 0.000238899 -0.000259907 1 -0.000390062 -0.000239101 0.000389938 1 -0.0134072 0.0047932 0.00457915
FixedParameters: 0 0 0

#Transform 27
Transform: AffineTransform_float_3_3
Parameters: 1 0.00024399 0.000154015 -0.00024401 1 6.19624e-05 -0.000153985 -6.20376e-05 1 -0.0168032 0.00396645 0.0266314
FixedParameters: 0 0 0

#Transform 28
Transform: AffineTransform_float_3_3
Parameters: 1 0.000154915 0.000397033 -0.000155085 1 0.000212938 -0.000396967 -0.000213061 1 -0.0155398 0.0048694 0.0134733
FixedParameters: 0 0 0

#Transform 29
Transform: AffineTransform_float_3_3
Parameters: 0.999999 0.000986219 -0.000921505 -0.000982783 0.999989 0.00456791 0.000925498 -0.00456609 0.999989 -0.00219008 -0.0869647 -0.121654
FixedParameters: 0 0 0

#Transform 30
Transform: AffineTransform_float_3_3
Parameters: 1 0.000787774 -0.000790237 -0.000786226 0.999997 0.00224162 0.000792765 -0.00224138 0.999997 0.00538863 -0.000493189 0.0181337
FixedParameters: 0 0 0

#Transform 31
Transform: AffineTransform_float_3_3
Parameters: 0.999999 0.00078037 -0.000200564 -0.000780629 0.999998 0.00184016 0.000202437 -0.00184084 0.999999 -0.0049872 0.00909615 0.00391892
FixedParameters: 0 0 0

#Transform 32
Transform: AffineTransform_float_3_3
Parameters: 1 0.000491268 -0.000133015 -0.000490732 0.999998 0.00200607 0.000133985 -0.00200593 0.999998 -0.00757687 0.00499278 -0.0280254
FixedParameters: 0 0 0

#Transform 33
Transform: AffineTransform_float_3_3
Parameters: 1 0.000278452 -0.000257513 -0.000277548 0.999999 0.00175107 0.000258487 -0.00175193 0.999999 -0.00608703 -0.0162018 0.0123181
FixedParameters: 0 0 0

#Transform 34
Transform: AffineTransform_float_3_3
Parameters: 1 0.00025959 -0.000486686 -0.00025841 0.999999 0.00121213 0.000487314 -0.00121187 0.999999 1.63309e-05 -0.0107773 0.0579088
FixedParameters: 0 0 0

#Transform 35
Transform: AffineTransform_float_3_3
Parameters: 0.999999 0.000131528 -0.000731905 -0.000131472 0.999999 0.000721097 0.000732095 -0.000720904 1 -0.000597302 -0.0193657 0.0555873
FixedParameters: 0 0 0

#Transform 36
Transform: AffineTransform_float_3_3
Parameters: 1 0.000213408 -0.000567846 -0.000213591 0.999999 0.000719121 0.000568153 -0.000718878 0.999999 -0.012979 -0.0273905 0.0323941
FixedParameters: 0 0 0

#Transform 37
Transform: AffineTransform_float_3_3
Parameters: 1 0.000181303 -0.000449878 -0.000181697 1 0.000674081 0.000450122 -0.000673918 0.999999 -0.0239822 -0.0180705 0.0390257
FixedParameters: 0 0 0

#Transform 38
Transform: AffineTransform_float_3_3
Parameters: 1 0.000191088 -7.77836e-05 -0.000190912 1 0.00113302 7.82164e-05 -0.00113299 1 0.00680071 -0.0190837 0.0264893
FixedParameters: 0 0 0

#Transform 39
Transform: AffineTransform_float_3_3
Parameters: 1 0.000199243 -0.000356864 -0.000198758 0.999999 0.000680071 0.000356135 -0.000679929 0.999999 0.00381876 -0.00637466 0.0386414
FixedParameters: 0 0 0

#Transform 40
Transform: AffineTransform_float_3_3
Parameters: 1 0.000235268 -0.000295787 -0.000235733 0.999999 0.000905069 0.000295213 -0.00090493 0.999999 -0.0179708 -0.0186996 0.0219896
FixedParameters: 0 0 0

#Transform 41
Transform: AffineTransform_float_3_3
Parameters: 0.999999 0.000312304 -0.000860889 -0.000311696 1 0.000353268 0.000860109 -0.000352731 0.999999 -0.0126833 -0.0212722 -0.0275977
FixedParameters: 0 0 0

#Transform 42
Transform: AffineTransform_float_3_3
Parameters: 1 0.000132484 -0.000474145 -0.000132516 1 -0.00108894 0.000473856 0.00108906 1 -0.003499 -0.0305038 -0.0565073
FixedParameters: 0 0 0

#Transform 43
Transform: AffineTransform_float_3_3
Parameters: 1 0.000603487 -0.000154023 -0.000603513 0.999994 -0.00335091 0.000151978 0.00335109 0.999995 -0.0401836 -0.0478903 -0.0698876
FixedParameters: 0 0 0

#Transform 44
Transform: AffineTransform_float_3_3
Parameters: 1 0.000688374 9.6369e-05 -0.000687628 0.999993 -0.00382307 -9.86294e-05 0.00382293 0.999992 -0.0554089 -0.0429922 -0.0780038
FixedParameters: 0 0 0

#Transform 45
Transform: AffineTransform_float_3_3
Parameters: 0.999999 0.000807611 -0.00036013 -0.000809388 0.999992 -0.00387171 0.000356869 0.00387229 0.999993 -0.0617805 -0.0354019 -0.0939255
FixedParameters: 0 0 0

#Transform 46
Transform: AffineTransform_float_3_3
Parameters: 1 0.000833188 -0.000575632 -0.000834813 0.999994 -0.00315452 0.000573369 0.00315548 0.999995 -0.0695269 -0.0443928 -0.0598581
FixedParameters: 0 0 0

#Transform 47
Transform: AffineTransform_float_3_3
Parameters: 1 0.000565215 -0.00027661 -0.000566783 0.999996 -0.00284584 0.000274388 0.00284615 0.999996 -0.0338771 -0.0461831 0.00380297
FixedParameters: 0 0 0

#Transform 48
Transform: AffineTransform_float_3_3
Parameters: 0.999999 0.000765737 -0.000514882 -0.000767262 0.999996 -0.0024556 0.000513117 0.00245639 0.999997 -0.0407226 -0.0619179 0.0824419
FixedParameters: 0 0 0

#Transform 49
Transform: AffineTransform_float_3_3
Parameters: 0.999999 0.000592647 -0.000564423 -0.000593353 0.999997 -0.00239867 0.000563578 0.00239933 0.999997 -0.0495909 -0.088273 0.0363373
FixedParameters: 0 0 0

#Transform 50
Transform: AffineTransform_float_3_3
Parameters: 1 0.000303544 -0.000357388 -0.000304455 0.999999 -0.00127589 0.000356612 0.00127611 0.999999 -0.0236174 -0.0871183 0.0115362
FixedParameters: 0 0 0

#Transform 51
Transform: AffineTransform_float_3_3
Parameters: 1 0.000234576 -0.000357278 -0.000234423 1 -0.00118592 0.000356722 0.00118608 0.999999 -0.0313225 -0.0948375 -0.0186316
FixedParameters: 0 0 0

#Transform 52
Transform: AffineTransform_float_3_3
Parameters: 1 3.48877e-06 -0.000357005 -4.51122e-06 0.999999 -0.001432 0.000356994 0.001432 0.999999 -0.0354034 -0.0996421 0.0216868
FixedParameters: 0 0 0

#Transform 53
Transform: AffineTransform_float_3_3
Parameters: 1 0.00024617 -0.000549373 -0.00024683 0.999999 -0.00151186 0.000548627 0.00151213 0.999998 -0.0275559 -0.0851359 0.0547657
FixedParameters: 0 0 0

#Transform 54
Transform: AffineTransform_float_3_3
Parameters: 0.999999 0.000188982 -0.000708272 -0.000190017 0.999999 -0.00143687 0.000707727 0.00143713 0.999998 -0.0251861 -0.0817126 0.0393444
FixedParameters: 0 0 0

#Transform 55
Transform: AffineTransform_float_3_3
Parameters: 1 0.00017531 -0.000543223 -0.000176689 0.999999 -0.0012699 0.000542776 0.0012701 0.999999 -0.0296701 -0.0826777 0.00615712
FixedParameters: 0 0 0

#Transform 56
Transform: AffineTransform_float_3_3
Parameters: 1 0.000115657 -0.000357111 -0.000116343 0.999999 -0.000960959 0.000356889 0.000961041 1 -0.0251313 -0.0896455 0.0538446
FixedParameters: 0 0 0

#Transform 57
Transform: AffineTransform_float_3_3
Parameters: 1 0.000128545 -0.000579101 -0.000129454 0.999999 -0.000784925 0.000578898 0.000785074 0.999999 -0.0261638 -0.101281 0.0609284
FixedParameters: 0 0 0

#Transform 58
Transform: AffineTransform_float_3_3
Parameters: 1 0.000280741 -0.000357204 -0.000281259 0.999999 -0.000725899 0.000356796 0.0007261 0.999999 -0.021829 -0.108302 0.100119
FixedParameters: 0 0 0

#Transform 59
Transform: AffineTransform_float_3_3
Parameters: 1 0.000141793 -0.000357082 -0.000141207 1 -0.000578949 0.000356918 0.00057905 1 -0.0274118 -0.119633 0.105384
FixedParameters: 0 0 0

#Transform 60
Transform: AffineTransform_float_3_3
Parameters: 1 0.000126699 -0.000357107 -0.000127301 0.999999 -0.000843954 0.000356893 0.000844045 0.999999 -0.0223947 -0.122902 0.115818
FixedParameters: 0 0 0

#Transform 61
Transform: AffineTransform_float_3_3
Parameters: 1 0.000118888 -0.000357037 -0.000119112 1 -0.000313957 0.000356963 0.000314042 1 -0.0278205 -0.142658 0.0708917
FixedParameters: 0 0 0

#Transform 62
Transform: AffineTransform_float_3_3
Parameters: 1 0.000409568 -0.000357495 -0.000410431 0.999999 -0.00120785 0.000356504 0.00120815 0.999999 -0.0344162 -0.158097 0.0339047
FixedParameters: 0 0 0

#Transform 63
Transform: AffineTransform_float_3_3
Parameters: 0.999999 0.00073672 -0.000357577 -0.000737279 1 -0.000782737 0.000356422 0.000783263 0.999999 -0.0413167 -0.140132 0.127182
FixedParameters: 0 0 0

#Transform 64
Transform: AffineTransform_float_3_3
Parameters: 0.999999 0.000773957 -0.000357093 -0.000774042 0.999999 -0.000119724 0.000356908 0.000119276 1 -0.060774 -0.141263 0.140307
FixedParameters: 0 0 0

#Transform 65
Transform: AffineTransform_float_3_3
Parameters: 0.999999 0.00129999 -0.00074702 -0.00130001 0.999999 -1.50289e-05 0.00074698 1.59711e-05 0.999999 -0.048963 -0.187186 0.0400935
FixedParameters: 0 0 0

#Transform 66
Transform: AffineTransform_float_3_3
Parameters: 0.999999 0.00123477 -0.00061546 -0.00123523 0.999999 -0.00037224 0.000614539 0.000373759 0.999999 -0.0505994 -0.186395 -0.021044
FixedParameters: 0 0 0

#Transform 67
Transform: AffineTransform_float_3_3
Parameters: 0.999999 0.000653961 -0.000652038 -0.000654038 1 -5.85735e-05 0.000651961 5.94264e-05 1 -0.0435307 -0.142499 0.0719954
FixedParameters: 0 0 0

#Transform 68
Transform: AffineTransform_float_3_3
Parameters: 0.999999 0.000719858 -0.000710143 -0.000719141 0.999999 -0.000198489 0.000709856 0.000199511 0.999999 -0.0479617 -0.15991 0.0894547
FixedParameters: 0 0 0

#Transform 69
Transform: AffineTransform_float_3_3
Parameters: 0.999999 0.0010968 -0.000737305 -0.00109721 1 -0.000278191 0.000736694 0.000278808 0.999999 -0.0603346 -0.160884 0.0961265
FixedParameters: 0 0 0

#Transform 70
Transform: AffineTransform_float_3_3
Parameters: 0.999999 0.00149776 -0.00104178 -0.00149924 0.999998 -0.00119044 0.00104021 0.00119256 0.999998 -0.0674183 -0.148898 0.116279
FixedParameters: 0 0 0

#Transform 71
Transform: AffineTransform_float_3_3
Parameters: 0.999998 0.00141586 -0.000959687 -0.00141714 0.999999 -0.00119064 0.000958311 0.00119236 0.999999 -0.0696646 -0.159866 0.0353132
FixedParameters: 0 0 0

#Transform 72
Transform: AffineTransform_float_3_3
Parameters: 0.999998 0.00135341 -0.00133661 -0.00135459 0.999999 -0.00119019 0.00133539 0.00119181 0.999999 -0.0473264 -0.165983 0.0195675
FixedParameters: 0 0 0

#Transform 73
Transform: AffineTransform_float_3_3
Parameters: 0.999999 0.00124793 -0.000896487 -0.00124907 0.999998 -0.00119088 0.000895512 0.00119212 0.999999 -0.0565154 -0.179539 0.0184579
FixedParameters: 0 0 0

#Transform 74
Transform: AffineTransform_float_3_3
Parameters: 0.999998 0.00132853 -0.000974636 -0.00132947 0.999999 -0.000477705 0.000974365 0.000478295 1 -0.0465155 -0.191905 0.0942641
FixedParameters: 0 0 0

#Transform 75
Transform: AffineTransform_float_3_3
Parameters: 0.999999 0.000979219 -0.000818739 -0.000978782 1 0.000266802 0.000819261 -0.000266198 0.999999 -0.0390009 -0.184711 0.114986
FixedParameters: 0 0 0

#Transform 76
Transform: AffineTransform_float_3_3
Parameters: 1 0.000847829 -0.000792184 -0.000848172 0.999999 -0.000216328 0.000792817 0.000216672 0.999999 -0.0434465 -0.205456 0.107869
FixedParameters: 0 0 0

#Transform 77
Transform: AffineTransform_float_3_3
Parameters: 1 0.00101557 -0.000658661 -0.00101543 1 -0.000650332 0.00065834 0.000650669 0.999999 -0.0452048 -0.23093 0.127284
FixedParameters: 0 0 0

#Transform 78
Transform: AffineTransform_float_3_3
Parameters: 1 0.000743568 -0.000649496 -0.000744433 1 -0.000666517 0.000648504 0.000666483 0.999999 -0.0608305 -0.219345 0.0958924
FixedParameters: 0 0 0

#Transform 79
Transform: AffineTransform_float_3_3
Parameters: 0.999999 0.000786205 -0.00109557 -0.000786796 1 -0.000726139 0.00109443 0.000726862 0.999999 -0.0538243 -0.253991 0.0647342
FixedParameters: 0 0 0

#Transform 80
Transform: AffineTransform_float_3_3
Parameters: 1 0.000614587 -0.000866293 -0.000615413 0.999999 -0.000476467 0.000866706 0.000477533 0.999999 -0.0411623 -0.219436 0.116303
FixedParameters: 0 0 0

#Transform 81
Transform: AffineTransform_float_3_3
Parameters: 0.999999 0.00054465 -0.000732259 -0.000545349 0.999999 -0.000476601 0.000731739 0.000477398 0.999999 -0.0343653 -0.270202 0.115322
FixedParameters: 0 0 0

#Transform 82
Transform: AffineTransform_float_3_3
Parameters: 1 0.000571575 -0.000879277 -0.000572426 0.999999 -0.000483497 0.000879723 0.000483503 0.999999 -0.0449686 -0.304997 0.100101
FixedParameters: 0 0 0

#Transform 83
Transform: AffineTransform_float_3_3
Parameters: 0.999999 0.000377776 -0.000748112 -0.000378223 1 -0.000298717 0.000747886 0.000299283 0.999999 -0.0249337 -0.315824 0.136939
FixedParameters: 0 0 0

#Transform 84
Transform: AffineTransform_float_3_3
Parameters: 1 0.00031391 -0.000611046 -0.00031409 1 -0.000146808 0.000610954 0.000147192 1 -0.0253369 -0.328755 0.140165
FixedParameters: 0 0 0

#Transform 85
Transform: AffineTransform_float_3_3
Parameters: 0.999999 0.000466661 -0.000815193 -0.000467339 1 -0.000415619 0.000814805 0.00041538 0.999999 -0.02178 -0.302746 0.155021
FixedParameters: 0 0 0

#Transform 86
Transform: AffineTransform_float_3_3
Parameters: 0.999999 0.000370791 -0.000611126 -0.000371208 1 -0.000340773 0.000610873 0.000341226 1 -0.0251083 -0.313208 0.131034
FixedParameters: 0 0 0

#Transform 87
Transform: AffineTransform_float_3_3
Parameters: 1 0.000470406 -0.00100028 -0.000471595 0.999999 -0.000594529 0.000999721 0.000594471 1 -0.024019 -0.305918 0.134114
FixedParameters: 0 0 0

#Transform 88
Transform: AffineTransform_float_3_3
Parameters: 1 0.000427548 -0.00101119 -0.000428452 1 -0.000446567 0.00101081 0.000447433 1 -0.0241113 -0.304635 0.158854
FixedParameters: 0 0 0

#Transform 89
Transform: AffineTransform_float_3_3
Parameters: 1 0.000445802 -0.00109208 -0.000445197 1 -0.000180514 0.00109192 0.000181487 1 -0.0240923 -0.318626 0.157581
FixedParameters: 0 0 0

#Transform 90
Transform: AffineTransform_float_3_3
Parameters: 0.999999 0.000517954 -0.000667035 -0.000518045 1 -6.76544e-05 0.000667964 6.8346e-05 1 -0.0247299 -0.325389 0.110988
FixedParameters: 0 0 0

#Transform 91
Transform: AffineTransform_float_3_3
Parameters: 0.999999 0.000902354 -0.00110171 -0.000901646 0.999999 0.000321994 0.00110129 -0.000321007 1 -0.0405574 -0.310402 -0.131573
FixedParameters: 0 0 0

#Transform 92
Transform: AffineTransform_float_3_3
Parameters: 0.999997 0.00143869 -0.00200338 -0.00144231 0.999997 -0.00165111 0.00200062 0.00165388 0.999996 -0.0962059 -0.383086 -0.664159
FixedParameters: 0 0 0

#Transform 93
Transform: AffineTransform_float_3_3
Parameters: 0.999996 0.00177511 -0.00222112 -0.00177389 0.999999 0.000499942 0.00222188 -0.000496058 0.999998 -0.0356219 -0.376414 -0.36421
FixedParameters: 0 0 0

#Transform 94
Transform: AffineTransform_float_3_3
Parameters: 0.999998 0.00171494 -2.25841e-05 -0.00171505 0.999995 -0.00267297 1.84157e-05 0.00267304 0.999997 -0.0303218 -0.327787 -0.358298
FixedParameters: 0 0 0

#Transform 95
Transform: AffineTransform_float_3_3
Parameters: 0.999999 0.000786777 -8.89923e-05 -0.000787223 0.999997 -0.00253193 8.7007e-05 0.00253207 0.999997 0.0191005 -0.337452 -0.107098
FixedParameters: 0 0 0

#Transform 96
Transform: AffineTransform_float_3_3
Parameters: 0.999999 0.000843195 9.01974e-05 -0.000843804 0.999998 -0.00213808 -9.28042e-05 0.00213792 0.999997 0.0450567 -0.320295 -0.073558
FixedParameters: 0 0 0

#Transform 97
Transform: AffineTransform_float_3_3
Parameters: 0.999999 0.000772102 3.47934e-05 -0.000771896 0.999995 -0.00285803 -3.72062e-05 0.00285797 0.999996 0.0625279 -0.346612 -0.0696868
FixedParameters: 0 0 0

#Transform 98
Transform: AffineTransform_float_3_3
Parameters: 0.999999 0.000774405 -0.000354303 -0.000775594 0.999999 -0.00168173 0.000352696 0.00168227 0.999998 0.0204741 -0.397512 -0.072282
FixedParameters: 0 0 0

#Transform 99
Transform: AffineTransform_float_3_3
Parameters: 1 0.000995661 -0.000652517 -0.00099534 1 -0.000519351 0.000652482 0.00052065 0.999999 -0.0287749 -0.43626 -0.249303
FixedParameters: 0 0 0

#Transform 100
Transform: AffineTransform_float_3_3
Parameters: 0.999999 0.001544 9.1918e-05 -0.00154399 0.999999 -5.3142e-05 -9.20817e-05 5.28579e-05 1 -0.0431714 -0.427943 -0.213708
FixedParameters: 0 0 0

#Transform 101
Transform: AffineTransform_float_3_3
Parameters: 1 0.00101302 -0.000148874 -0.00101298 1 0.000124151 0.000148126 -0.00012385 1 -0.0238106 -0.409094 -0.15916
FixedParameters: 0 0 0

#Transform 102
Transform: AffineTransform_float_3_3
Parameters: 0.999999 0.000966966 9.23616e-05 -0.000967035 1 0.000373911 -9.26382e-05 -0.00037409 1 -0.00890944 -0.410673 -0.114518
FixedParameters: 0 0 0

#Transform 103
Transform: AffineTransform_float_3_3
Parameters: 0.999999 0.000747836 0.000321381 -0.000748164 0.999999 0.000509759 -0.000321619 -0.00050924 1 -0.00961072 -0.401071 -0.104732
FixedParameters: 0 0 0

#Transform 104
Transform: AffineTransform_float_3_3
Parameters: 0.999999 0.000670663 0.000388582 -0.000670337 1 0.000867741 -0.000388418 -0.000868262 1 0.00474749 -0.400349 -0.114179
FixedParameters: 0 0 0

#Transform 105
Transform: AffineTransform_float_3_3
Parameters: 0.999999 0.000865091 -7.69766e-05 -0.000864908 0.999999 0.00118307 7.80232e-05 -0.00118293 1 0.0103232 -0.406759 -0.0852166
FixedParameters: 0 0 0

#Transform 106
Transform: AffineTransform_float_3_3
Parameters: 0.999999 0.000837876 9.31186e-05 -0.000838124 0.999999 0.00133492 -9.28811e-05 -0.00133508 0.999999 0.00158028 -0.444908 -0.103607
FixedParameters: 0 0 0

#Transform 107
Transform: AffineTransform_float_3_3
Parameters: 0.999999 0.000684481 0.000353006 -0.000684518 0.999998 0.00146976 -0.000351994 -0.00147024 0.999999 0.00188811 -0.426518 -0.0130572
FixedParameters: 0 0 0

#Transform 108
Transform: AffineTransform_float_3_3
Parameters: 1 0.000663844 9.31213e-05 -0.000664158 0.999999 0.00168894 -9.28783e-05 -0.00168906 0.999998 -0.00951034 -0.438719 -0.0567753
FixedParameters: 0 0 0

#Transform 109
Transform: AffineTransform_float_3_3
Parameters: 0.999999 0.000695702 0.000249832 -0.000695298 0.999999 0.00119583 -0.000249169 -0.00119617 1 -0.00983942 -0.46086 -0.0299519
FixedParameters: 0 0 0

#Transform 110
Transform: AffineTransform_float_3_3
Parameters: 0.999999 0.000467532 0.000559392 -0.000467467 0.999999 0.000836739 -0.000558609 -0.000837261 1 -0.00599475 -0.463819 0.031168
FixedParameters: 0 0 0

#Transform 111
Transform: AffineTransform_float_3_3
Parameters: 0.999999 0.000411457 0.000717312 -0.000412543 0.999999 0.000757704 -0.000716688 -0.000757295 1 -0.000207324 -0.46588 0.0467519
FixedParameters: 0 0 0

#Transform 112
Transform: AffineTransform_float_3_3
Parameters: 1 0.00040293 9.23054e-05 -0.00040307 0.999999 0.000757962 -9.26945e-05 -0.000758037 0.999999 -0.0100816 -0.460346 0.0803425
FixedParameters: 0 0 0

#Transform 113
Transform: AffineTransform_float_3_3
Parameters: 0.999999 0.000926731 0.000187335 -0.000926268 0.999999 0.00143983 -0.000185666 -0.00144017 0.999999 -0.00921461 -0.475797 -0.0310054
FixedParameters: 0 0 0

#Transform 114
Transform: AffineTransform_float_3_3
Parameters: 0.999999 0.00124017 -0.000152638 -0.00123983 0.999998 0.00109819 0.000154361 -0.00109781 1 -0.0378128 -0.508897 -0.184993
FixedParameters: 0 0 0

#Transform 115
Transform: AffineTransform_float_3_3
Parameters: 0.999999 0.00174851 -0.000394762 -0.00174849 0.999997 0.00128069 0.000397238 -0.00127931 0.999999 -0.0313187 -0.473231 -0.0277338
FixedParameters: 0 0 0

#Transform 116
Transform: AffineTransform_float_3_3
Parameters: 0.999999 0.00177221 -0.000321858 -0.00177179 0.999998 0.000644571 0.000323142 -0.000644428 0.999999 -0.0362774 -0.495243 -0.0419395
FixedParameters: 0 0 0

#Transform 117
Transform: AffineTransform_float_3_3
Parameters: 0.999998 0.00166898 9.24254e-05 -0.00166902 0.999998 0.000254846 -9.25742e-05 -0.000255155 1 -0.0519089 -0.50462 -0.0606108
FixedParameters: 0 0 0

#Transform 118
Transform: AffineTransform_float_3_3
Parameters: 0.999998 0.00191293 9.34498e-05 -0.00191307 0.999998 0.000757822 -9.25497e-05 -0.000758178 0.999999 -0.0745122 -0.497604 -0.082278
FixedParameters: 0 0 0

#Transform 119
Transform: AffineTransform_float_3_3
Parameters: 0.999997 0.00250801 1.89265e-05 -0.00250799 0.999997 -0.000428049 -2.00734e-05 0.000427951 1 -0.131727 -0.507302 -0.0532404
FixedParameters: 0 0 0

#Transform 120
Transform: AffineTransform_float_3_3
Parameters: 0.999997 0.00234746 0.000525931 -0.00234754 0.999997 -0.000882237 -0.00052807 0.000880763 1 -0.125543 -0.515405 0.00227284
FixedParameters: 0 0 0

#Transform 121
Transform: AffineTransform_float_3_3
Parameters: 0.999998 0.00215963 0.000709101 -0.00215838 0.999998 -0.000880533 -0.000710901 0.000879468 1 -0.159095 -0.528592 -0.0594297
FixedParameters: 0 0 0

#Transform 122
Transform: AffineTransform_float_3_3
Parameters: 0.999996 0.00258153 0.00111308 -0.00258247 0.999996 0.000418127 -0.00111192 -0.000420872 1 -0.130178 -0.577104 -0.0173303
FixedParameters: 0 0 0

#Transform 123
Transform: AffineTransform_float_3_3
Parameters: 0.999998 0.00205345 0.00111302 -0.00205455 0.999998 0.000493715 -0.00111198 -0.000496285 1 -0.0968526 -0.55457 -0.00370593
FixedParameters: 0 0 0

#Transform 124
Transform: AffineTransform_float_3_3
Parameters: 0.999998 0.00184461 0.000807899 -0.00184439 0.999998 0.000486511 -0.0008071 -0.00048849 0.999999 -0.0946481 -0.549537 0.0290653
FixedParameters: 0 0 0

#Transform 125
Transform: AffineTransform_float_3_3
Parameters: 0.999997 0.00204689 0.00067533 -0.00204711 0.999998 0.000160618 -0.000675669 -0.000162383 1 -0.107693 -0.561121 -0.0264537
FixedParameters: 0 0 0

#Transform 126
Transform: AffineTransform_float_3_3
Parameters: 0.999998 0.00210313 0.000842685 -0.00210287 0.999998 -0.000150772 -0.000843316 0.000149227 0.999999 -0.117567 -0.570749 -0.0422701
FixedParameters: 0 0 0

#Transform 127
Transform: AffineTransform_float_3_3
Parameters: 0.999997 0.0021477 0.00111257 -0.00214829 0.999997 0.000263611 -0.00111243 -0.00026639 1 -0.11808 -0.588558 -0.0261057
FixedParameters: 0 0 0

#Transform 128
Transform: AffineTransform_float_3_3
Parameters: 0.999998 0.00201836 0.00111316 -0.00201964 0.999998 0.000574753 -0.00111184 -0.000577246 0.999999 -0.128517 -0.60088 -0.00108731
FixedParameters: 0 0 0

#Transform 129
Transform: AffineTransform_float_3_3
Parameters: 0.999997 0.00200166 0.000879762 -0.00200233 0.999998 0.000380239 -0.000879237 -0.000381761 0.999999 -0.140846 -0.602958 0.00126257
FixedParameters: 0 0 0

#Transform 130
Transform: AffineTransform_float_3_3
Parameters: 0.999997 0.00220694 0.000885144 -0.00220706 0.999997 6.40466e-05 -0.000884857 -6.5953e-05 1 -0.153618 -0.612967 0.0422969
FixedParameters: 0 0 0

#Transform 131
Transform: AffineTransform_float_3_3
Parameters: 0.999996 0.00234402 0.00111196 -0.00234398 0.999998 -1.76065e-05 -0.00111204 1.53934e-05 1 -0.157792 -0.609185 0.00775825
FixedParameters: 0 0 0

#Transform 132
Transform: AffineTransform_float_3_3
Parameters: 0.999997 0.00224502 0.00111195 -0.00224498 0.999998 -2.14964e-05 -0.00111204 1.85035e-05 1 -0.154127 -0.618463 -0.00131433
FixedParameters: 0 0 0

#Transform 133
Transform: AffineTransform_float_3_3
Parameters: 0.999997 0.00233781 0.000933474 -0.00233819 0.999997 0.000201818 -0.000933525 -0.000204183 0.999999 -0.16294 -0.610887 0.00755168
FixedParameters: 0 0 0

#Transform 134
Transform: AffineTransform_float_3_3
Parameters: 0.999997 0.00220549 0.00111302 -0.00220551 0.999998 0.000460547 -0.00111198 -0.000463454 1 -0.165581 -0.618192 -0.0112476
FixedParameters: 0 0 0

#Transform 135
Transform: AffineTransform_float_3_3
Parameters: 0.999997 0.00199511 0.00100576 -0.00199589 0.999997 0.000881995 -0.00100424 -0.000884006 0.999999 -0.171144 -0.62414 0.00599037
FixedParameters: 0 0 0

#Transform 136
Transform: AffineTransform_float_3_3
Parameters: 0.999997 0.00217531 0.00111336 -0.00217569 0.999998 0.00062158 -0.00111265 -0.000623423 0.999999 -0.170891 -0.63851 0.0223782
FixedParameters: 0 0 0

#Transform 137
Transform: AffineTransform_float_3_3
Parameters: 0.999997 0.00217526 0.00111346 -0.00217675 0.999998 0.000669579 -0.00111254 -0.000671422 0.999999 -0.170805 -0.655334 0.0229866
FixedParameters: 0 0 0

#Transform 138
Transform: AffineTransform_float_3_3
Parameters: 0.999997 0.00215438 0.00167879 -0.00215562 0.999997 0.000366382 -0.0016782 -0.000370617 0.999998 -0.174303 -0.670017 -0.0239819
FixedParameters: 0 0 0

#Transform 139
Transform: AffineTransform_float_3_3
Parameters: 0.999997 0.00204734 0.0014839 -0.00204865 0.999998 0.000439961 -0.0014831 -0.000443038 0.999999 -0.168144 -0.686052 -0.00319492
FixedParameters: 0 0 0

#Transform 140
Transform: AffineTransform_float_3_3
Parameters: 0.999996 0.00198327 0.00164587 -0.00198373 0.999998 0.000439736 -0.00164512 -0.000443264 0.999998 -0.165651 -0.705323 -0.019591
FixedParameters: 0 0 0

#Transform 141
Transform: AffineTransform_float_3_3
Parameters: 0.999997 0.00180317 0.00150399 -0.00180383 0.999998 0.000550289 -0.001503 -0.000553712 0.999998 -0.1726 -0.681994 -0.00224686
FixedParameters: 0 0 0

#Transform 142
Transform: AffineTransform_float_3_3
Parameters: 0.999997 0.00206751 0.00111291 -0.00206849 0.999998 0.000440699 -0.00111209 -0.0004433 1 -0.171245 -0.690525 -0.0706704
FixedParameters: 0 0 0

#Transform 143
Transform: AffineTransform_float_3_3
Parameters: 0.999996 0.00238893 0.00159661 -0.00238907 0.999997 0.000670189 -0.0015944 -0.000673812 0.999999 -0.153422 -0.707777 -0.068939
FixedParameters: 0 0 0

#Transform 144
Transform: AffineTransform_float_3_3
Parameters: 0.999996 0.00237526 0.00111571 -0.00237774 0.999996 0.00156135 -0.00111228 -0.00156465 0.999998 -0.143636 -0.702801 -0.0586291
FixedParameters: 0 0 0

#Transform 145
Transform: AffineTransform_float_3_3
Parameters: 0.999997 0.00248763 0.00111506 -0.00248937 0.999996 0.00123023 -0.00111193 -0.00123377 0.999998 -0.151994 -0.718393 -0.0487925
FixedParameters: 0 0 0

#Transform 146
Transform: AffineTransform_float_3_3
Parameters: 0.999996 0.00267453 0.00111553 -0.00267647 0.999995 0.00132002 -0.00111246 -0.00132298 0.999998 -0.14291 -0.718887 -0.00513529
FixedParameters: 0 0 0

#Transform 147
Transform: AffineTransform_float_3_3
Parameters: 0.999996 0.00268693 0.00111458 -0.00268807 0.999996 0.000957008 -0.00111242 -0.000959993 0.999999 -0.162768 -0.716684 -0.035557
FixedParameters: 0 0 0

#Transform 148
Transform: AffineTransform_float_3_3
Parameters: 0.999996 0.00282303 0.00111446 -0.00282397 0.999995 0.000868856 -0.00111255 -0.000871144 0.999999 -0.187838 -0.719072 0.00459282
FixedParameters: 0 0 0

#Transform 149
Transform: AffineTransform_float_3_3
Parameters: 0.999994 0.00338048 0.000563114 -0.00338052 0.999994 0.000920102 -0.000559887 -0.000921898 1 -0.210589 -0.73287 0.0273324
FixedParameters: 0 0 0

#Transform 150
Transform: AffineTransform_float_3_3
Parameters: 0.999994 0.00343131 0.00076607 -0.00343268 0.999993 0.000893376 -0.000762931 -0.000895623 1 -0.2108 -0.738738 0.00553895
FixedParameters: 0 0 0

#Transform 151
Transform: AffineTransform_float_3_3
Parameters: 0.999995 0.0032975 0.000763173 -0.0032975 0.999995 0.000657488 -0.00076083 -0.000659513 1 -0.214891 -0.749562 0.026281
FixedParameters: 0 0 0

#Transform 152
Transform: AffineTransform_float_3_3
Parameters: 0.999994 0.00314863 0.000885311 -0.00314937 0.999995 0.000415214 -0.000883685 -0.000418784 0.999999 -0.211775 -0.766398 0.00641332
FixedParameters: 0 0 0

#Transform 153
Transform: AffineTransform_float_3_3
Parameters: 0.999995 0.00293807 0.00094292 -0.00293994 0.999995 0.000992233 -0.00094008 -0.000994767 0.999999 -0.194066 -0.798774 -0.362148
FixedParameters: 0 0 0

#Transform 154
Transform: AffineTransform_float_3_3
Parameters: 0.999979 0.00640316 -0.00156397 -0.00639584 0.999969 0.0045411 0.00159304 -0.0045319 0.999989 -0.197901 -0.849768 -0.476481
FixedParameters: 0 0 0

#Transform 155
Transform: AffineTransform_float_3_3
Parameters: 0.999989 0.00444107 -0.00136867 -0.00443594 0.999984 0.00368211 0.00138433 -0.00367589 0.999993 -0.149875 -0.83944 -0.257858
FixedParameters: 0 0 0
