#Insight Transform File V1.0
#Transform 0
Transform: AffineTransform_float_3_3
Parameters: 0.999996 0.00228993 -0.0019935 -0.00228607 0.999996 0.00197057 0.00199851 -0.00196643 0.999996 0.0579038 0.261995 0.227688
FixedParameters: 0 0 0

#Transform 1
Transform: AffineTransform_float_3_3
Parameters: 0.999995 0.00228607 -0.00209339 -0.00227993 0.999993 0.00289779 0.00209961 -0.00289321 0.999993 0.0612996 0.280652 0.264145
FixedParameters: 0 0 0

#Transform 2
Transform: AffineTransform_float_3_3
Parameters: 0.999995 0.00230195 -0.00191827 -0.00229805 0.999995 0.00206042 0.00192273 -0.00205658 0.999996 0.063321 0.274576 0.231298
FixedParameters: 0 0 0

#Transform 3
Transform: AffineTransform_float_3_3
Parameters: 0.999995 0.00237312 -0.00212597 -0.00236487 0.99999 0.00381605 0.00213503 -0.00381095 0.999991 0.0616938 0.287334 0.319666
FixedParameters: 0 0 0

#Transform 4
Transform: AffineTransform_float_3_3
Parameters: 0.999995 0.00215147 -0.00222172 -0.00214553 0.999994 0.00246078 0.00222628 -0.00245622 0.999995 0.0656381 0.25417 0.272415
FixedParameters: 0 0 0

#Transform 5
Transform: AffineTransform_float_3_3
Parameters: 0.999995 0.00218542 -0.00217758 -0.00218258 0.999997 0.00157076 0.00218043 -0.00156624 0.999997 0.0651476 0.238055 0.23083
FixedParameters: 0 0 0

#Transform 6
Transform: AffineTransform_float_3_3
Parameters: 0.999996 0.00214615 -0.00218992 -0.00214285 0.999996 0.0014407 0.00219308 -0.0014353 0.999996 0.0657966 0.239315 0.244781
FixedParameters: 0 0 0

#Transform 7
Transform: AffineTransform_float_3_3
Parameters: 0.999996 0.00204921 -0.00201175 -0.00204679 0.999998 0.00110112 0.00201425 -0.00109688 0.999998 0.0678109 0.23311 0.25552
FixedParameters: 0 0 0

#Transform 8
Transform: AffineTransform_float_3_3
Parameters: 0.999996 0.00200359 -0.00221066 -0.00200141 0.999998 0.00117243 0.00221335 -0.00116857 0.999997 0.0739914 0.241476 0.24871
FixedParameters: 0 0 0

#Transform 9
Transform: AffineTransform_float_3_3
Parameters: 0.999995 0.00215914 -0.00203085 -0.00215886 0.999997 7.13846e-05 0.00203015 -6.76169e-05 0.999998 0.0654971 0.208225 0.217308
FixedParameters: 0 0 0

#Transform 10
Transform: AffineTransform_float_3_3
Parameters: 0.999996 0.00211729 -0.00186954 -0.00211671 0.999998 0.00069096 0.00187146 -0.000687041 0.999998 0.0664268 0.212655 0.252683
FixedParameters: 0 0 0

#Transform 11
Transform: AffineTransform_float_3_3
Parameters: 0.999997 0.00168537 -0.00213635 -0.00168164 0.999998 0.0015766 0.00213865 -0.0015724 0.999997 0.085181 0.179761 0.270437
FixedParameters: 0 0 0

#Transform 12
Transform: AffineTransform_float_3_3
Parameters: 0.999995 0.00197035 -0.00221591 -0.00196764 0.999997 0.00106536 0.00221809 -0.00106063 0.999997 0.0773667 0.204479 0.257132
FixedParameters: 0 0 0

#Transform 13
Transform: AffineTransform_float_3_3
Parameters: 0.999995 0.00197324 -0.00240052 -0.00196876 0.999997 0.00176573 0.00240448 -0.00176126 0.999995 0.0684385 0.233987 0.292452
FixedParameters: 0 0 0

#Transform 14
Transform: AffineTransform_float_3_3
Parameters: 0.999996 0.0018711 -0.00240282 -0.0018669 0.999997 0.00170549 0.00240618 -0.0017015 0.999995 0.070431 0.216344 0.280078
FixedParameters: 0 0 0

#Transform 15
Transform: AffineTransform_float_3_3
Parameters: 0.999997 0.0017336 -0.00211105 -0.0017294 0.999997 0.00170466 0.00211395 -0.00170134 0.999997 0.10265 0.174011 0.210401
FixedParameters: 0 0 0

#Transform 16
Transform: AffineTransform_float_3_3
Parameters: 0.999998 0.000843332 -0.00191309 -0.000838667 0.999997 0.00226461 0.0019149 -0.00226239 0.999995 0.037794 0.138772 0.414541
FixedParameters: 0 0 0

#Transform 17
Transform: AffineTransform_float_3_3
Parameters: 0.999998 0.000376652 -0.002029 -0.000382349 0.999997 -0.00263623 0.002028 0.00263677 0.999994 0.0759233 0.0930468 0.076891
FixedParameters: 0 0 0

#Transform 18
Transform: AffineTransform_float_3_3
Parameters: 1 0.000568288 -0.00107013 -0.00057571 0.999974 -0.00721939 0.00106587 0.00722061 0.999974 0.0840464 0.0249259 -0.137046
FixedParameters: 0 0 0

#Transform 19
Transform: AffineTransform_float_3_3
Parameters: 0.999995 -0.00109559 0.00291291 0.00109741 0.999999 -0.000826807 -0.00291209 0.000830194 0.999995 0.181035 -0.00354606 -0.73682
FixedParameters: 0 0 0

#Transform 20
Transform: AffineTransform_float_3_3
Parameters: 1 0.000148191 0.000486247 -0.000148808 0.999998 0.00166293 -0.000485753 -0.00166307 0.999998 -0.0082142 0.0468533 0.0286832
FixedParameters: 0 0 0

#Transform 21
Transform: AffineTransform_float_3_3
Parameters: 0.999999 -0.00085851 0.000213973 0.000858489 0.999997 -0.00229782 -0.000212028 0.00229818 0.999998 0.0096367 0.0361588 -0.0911562
FixedParameters: 0 0 0

#Transform 22
Transform: AffineTransform_float_3_3
Parameters: 0.999998 -0.00189938 0.000242935 0.00189962 0.999995 -0.00259754 -0.000238065 0.00259846 0.999996 -0.00119152 0.101202 -0.384866
FixedParameters: 0 0 0

#Transform 23
Transform: AffineTransform_float_3_3
Parameters: 0.999999 -0.00106385 -0.0014814 0.00105616 0.999985 -0.00528757 0.0014866 0.00528542 0.999985 0.0993143 0.0704651 -0.350772
FixedParameters: 0 0 0

#Transform 24
Transform: AffineTransform_float_3_3
Parameters: 0.999996 -0.0013316 -0.00269878 0.00132341 0.999994 -0.00318359 0.00270323 0.00318042 0.999992 0.102546 0.0930711 -0.218992
FixedParameters: 0 0 0

#Transform 25
Transform: AffineTransform_float_3_3
Parameters: 0.999996 -0.00133845 -0.00269735 0.00132755 0.99999 -0.0042416 0.00270365 0.0042374 0.999988 0.102778 0.0660965 -0.250836
FixedParameters: 0 0 0

#Transform 26
Transform: AffineTransform_float_3_3
Parameters: 0.999996 -0.000682225 -0.00255377 0.000669779 0.999989 -0.00478473 0.00255623 0.00478328 0.999986 0.0903973 0.0654328 -0.237752
FixedParameters: 0 0 0

#Transform 27
Transform: AffineTransform_float_3_3
Parameters: 0.999996 -0.000467901 -0.00282974 0.000454097 0.999988 -0.0049113 0.00283226 0.00490969 0.999984 0.103188 0.0526295 -0.207174
FixedParameters: 0 0 0

#Transform 28
Transform: AffineTransform_float_3_3
Parameters: 0.999995 -0.000843995 -0.00301084 0.000829006 0.999988 -0.00497752 0.00301516 0.00497548 0.999983 0.110061 0.0707281 -0.211133
FixedParameters: 0 0 0

#Transform 29
Transform: AffineTransform_float_3_3
Parameters: 0.999996 -0.000821793 -0.00271026 0.000806205 0.999982 -0.00582221 0.00271574 0.00582079 0.99998 0.12513 0.046592 -0.233674
FixedParameters: 0 0 0

#Transform 30
Transform: AffineTransform_float_3_3
Parameters: 0.999994 -0.000507837 -0.00324295 0.000488163 0.999981 -0.00611462 0.00324604 0.00611339 0.999976 0.122676 0.0697295 -0.227668
FixedParameters: 0 0 0

#Transform 31
Transform: AffineTransform_float_3_3
Parameters: 0.999996 -0.000755481 -0.00294958 0.000737517 0.999982 -0.0059232 0.00295442 0.0059208 0.999978 0.145653 0.0528867 -0.18964
FixedParameters: 0 0 0

#Transform 32
Transform: AffineTransform_float_3_3
Parameters: 0.999995 -0.000506752 -0.00293783 0.000488249 0.99998 -0.00637947 0.00294117 0.00637854 0.999976 0.132031 0.0483421 -0.179179
FixedParameters: 0 0 0

#Transform 33
Transform: AffineTransform_float_3_3
Parameters: 0.999995 -0.000509524 -0.00307251 0.000487481 0.999976 -0.00700153 0.00307549 0.00700047 0.999971 0.130743 0.0175694 -0.204727
FixedParameters: 0 0 0

#Transform 34
Transform: AffineTransform_float_3_3
Parameters: 0.999995 -9.99405e-05 -0.00332539 7.60613e-05 0.999976 -0.00689829 0.0033256 0.00689771 0.99997 0.135776 0.0374958 -0.183449
FixedParameters: 0 0 0

#Transform 35
Transform: AffineTransform_float_3_3
Parameters: 0.999994 -4.66535e-05 -0.00350576 2.13479e-05 0.999976 -0.00703112 0.00350624 0.00703188 0.999969 0.150725 0.0374958 -0.193361
FixedParameters: 0 0 0

#Transform 36
Transform: AffineTransform_float_3_3
Parameters: 0.999994 0.000292701 -0.00350811 -0.000316298 0.999976 -0.00692793 0.00350589 0.00692907 0.99997 0.146168 0.0232732 -0.172854
FixedParameters: 0 0 0

#Transform 37
Transform: AffineTransform_float_3_3
Parameters: 0.999992 -0.000530122 -0.00379618 0.000501873 0.999973 -0.00740497 0.00380082 0.00740305 0.999966 0.163212 0.0228834 -0.181415
FixedParameters: 0 0 0

#Transform 38
Transform: AffineTransform_float_3_3
Parameters: 0.999993 -0.00149845 -0.0035929 0.00147455 0.999976 -0.00679735 0.0036031 0.00679165 0.999971 0.180729 -0.0474012 -0.368896
FixedParameters: 0 0 0

#Transform 39
Transform: AffineTransform_float_3_3
Parameters: 0.999996 -0.000585709 -0.0028254 0.000558286 0.999952 -0.00979762 0.00283161 0.00979638 0.999948 0.140784 -0.0397858 -0.389785
FixedParameters: 0 0 0

#Transform 40
Transform: AffineTransform_float_3_3
Parameters: 0.999995 -0.00031636 -0.00294819 0.000289633 0.999957 -0.00927589 0.00295181 0.0092751 0.999952 0.149091 -0.0310251 -0.344976
FixedParameters: 0 0 0

#Transform 41
Transform: AffineTransform_float_3_3
Parameters: 0.999995 -0.00048256 -0.00329025 0.000449444 0.999948 -0.0101925 0.00329475 0.0101915 0.999942 0.149015 -0.0321709 -0.377488
FixedParameters: 0 0 0

#Transform 42
Transform: AffineTransform_float_3_3
Parameters: 0.999995 2.7399e-06 -0.00330522 -3.82576e-05 0.999943 -0.0106679 0.00330478 0.0106681 0.999937 0.140203 -0.0577879 -0.411073
FixedParameters: 0 0 0

#Transform 43
Transform: AffineTransform_float_3_3
Parameters: 0.999994 -0.000976062 -0.00329396 0.000937937 0.999933 -0.0115372 0.00330504 0.0115338 0.999928 0.180861 -0.0807239 -0.575385
FixedParameters: 0 0 0

#Transform 44
Transform: AffineTransform_float_3_3
Parameters: 0.999995 -0.000569451 -0.00330842 0.000536554 0.999949 -0.0101028 0.00331359 0.0101012 0.999943 0.186519 -0.0687989 -0.438712
FixedParameters: 0 0 0

#Transform 45
Transform: AffineTransform_float_3_3
Parameters: 0.999994 -0.000521731 -0.00342332 0.000483273 0.999936 -0.0113047 0.00342868 0.0113033 0.99993 0.187403 -0.054747 -0.412556
FixedParameters: 0 0 0

#Transform 46
Transform: AffineTransform_float_3_3
Parameters: 0.999994 -0.00024661 -0.0033111 0.000204392 0.999917 -0.0128627 0.0033139 0.0128623 0.999912 0.188511 -0.111107 -0.486929
FixedParameters: 0 0 0

#Transform 47
Transform: AffineTransform_float_3_3
Parameters: 0.999995 -1.98464e-05 -0.00330703 -2.38461e-05 0.999912 -0.013258 0.00330698 0.013258 0.999906 0.177143 -0.115421 -0.469415
FixedParameters: 0 0 0

#Transform 48
Transform: AffineTransform_float_3_3
Parameters: 0.999994 -0.000161516 -0.00340525 0.000118473 0.999922 -0.0124825 0.00340775 0.0124815 0.999917 0.18865 -0.0786349 -0.409021
FixedParameters: 0 0 0

#Transform 49
Transform: AffineTransform_float_3_3
Parameters: 0.999997 -0.000441609 -0.00241944 0.000403383 0.99988 -0.015523 0.00242655 0.015522 0.999876 0.207231 -0.165367 -0.53756
FixedParameters: 0 0 0

#Transform 50
Transform: AffineTransform_float_3_3
Parameters: 0.999994 -0.000114192 -0.0036208 6.58081e-05 0.999911 -0.0133063 0.0036222 0.0133067 0.999905 0.182482 -0.120157 -0.416831
FixedParameters: 0 0 0

#Transform 51
Transform: AffineTransform_float_3_3
Parameters: 0.999996 -0.00123144 -0.00276752 0.00120355 0.999946 -0.0102554 0.00278049 0.0102516 0.999943 0.232467 -0.167154 -0.201594
FixedParameters: 0 0 0

#Transform 52
Transform: AffineTransform_float_3_3
Parameters: 0.999995 0.000148262 -0.00337898 -0.000187739 0.999931 -0.0117634 0.00337703 0.0117636 0.999925 0.188866 -0.14275 -0.309801
FixedParameters: 0 0 0

#Transform 53
Transform: AffineTransform_float_3_3
Parameters: 0.999994 0.000294807 -0.00330624 -0.00033919 0.999911 -0.013374 0.00330176 0.0133751 0.999905 0.174976 -0.122122 -0.364258
FixedParameters: 0 0 0

#Transform 54
Transform: AffineTransform_float_3_3
Parameters: 0.999996 0.000798718 -0.00277938 -0.000834275 0.999919 -0.0127157 0.00276861 0.0127183 0.999916 0.171627 -0.111172 -0.303416
FixedParameters: 0 0 0

#Transform 55
Transform: AffineTransform_float_3_3
Parameters: 0.999994 0.000502935 -0.00321353 -0.000543056 0.999922 -0.0124783 0.00320647 0.0124807 0.999917 0.172107 -0.107179 -0.291581
FixedParameters: 0 0 0

#Transform 56
Transform: AffineTransform_float_3_3
Parameters: 0.999994 0.000883671 -0.00318546 -0.000924323 0.999919 -0.0126811 0.00317353 0.0126839 0.999915 0.162688 -0.127862 -0.298256
FixedParameters: 0 0 0

#Transform 57
Transform: AffineTransform_float_3_3
Parameters: 0.999994 0.000656406 -0.00332932 -0.000701589 0.999905 -0.0137117 0.00331969 0.0137143 0.999901 0.171384 -0.151027 -0.333543
FixedParameters: 0 0 0

#Transform 58
Transform: AffineTransform_float_3_3
Parameters: 0.999993 0.00084024 -0.003669 -0.000891758 0.999903 -0.0138548 0.003657 0.0138582 0.999898 0.167691 -0.164114 -0.306794
FixedParameters: 0 0 0

#Transform 59
Transform: AffineTransform_float_3_3
Parameters: 0.999995 0.000719049 -0.00329866 -0.000761957 0.999914 -0.0130386 0.00328934 0.0130404 0.999909 0.167555 -0.141345 -0.296796
FixedParameters: 0 0 0

#Transform 60
Transform: AffineTransform_float_3_3
Parameters: 0.999995 0.00122998 -0.00294858 -0.00126902 0.999911 -0.0132673 0.00293242 0.0132707 0.999907 0.170939 -0.131492 -0.267462
FixedParameters: 0 0 0

#Transform 61
Transform: AffineTransform_float_3_3
Parameters: 0.999996 0.000750803 -0.00296321 -0.000790207 0.999912 -0.0132487 0.00295379 0.0132513 0.999908 0.176442 -0.144054 -0.272136
FixedParameters: 0 0 0

#Transform 62
Transform: AffineTransform_float_3_3
Parameters: 0.999995 0.000997973 -0.00297309 -0.00103903 0.999904 -0.01383 0.00295891 0.013833 0.9999 0.167516 -0.189398 -0.318912
FixedParameters: 0 0 0

#Transform 63
Transform: AffineTransform_float_3_3
Parameters: 0.999995 0.00117641 -0.00312156 -0.00122259 0.999892 -0.0146423 0.00310443 0.0146457 0.999888 0.1785 -0.19759 -0.361068
FixedParameters: 0 0 0

#Transform 64
Transform: AffineTransform_float_3_3
Parameters: 0.999994 0.00104268 -0.00332819 -0.00109033 0.999898 -0.0142475 0.0033138 0.0142505 0.999893 0.182479 -0.180418 -0.336242
FixedParameters: 0 0 0

#Transform 65
Transform: AffineTransform_float_3_3
Parameters: 0.999994 0.00101504 -0.00312596 -0.00105996 0.999895 -0.0144158 0.00311104 0.0144192 0.999891 0.180732 -0.194328 -0.336071
FixedParameters: 0 0 0

#Transform 66
Transform: AffineTransform_float_3_3
Parameters: 0.999993 0.00101022 -0.00340616 -0.0010598 0.999892 -0.0146465 0.00339184 0.0146495 0.999887 0.181232 -0.206195 -0.32041
FixedParameters: 0 0 0

#Transform 67
Transform: AffineTransform_float_3_3
Parameters: 0.999994 0.00121436 -0.00326037 -0.00125963 0.9999 -0.014033 0.00324264 0.014037 0.999896 0.177175 -0.191815 -0.320212
FixedParameters: 0 0 0

#Transform 68
Transform: AffineTransform_float_3_3
Parameters: 0.999994 0.000730583 -0.00338083 -0.000779421 0.999897 -0.0143425 0.00337017 0.0143446 0.999892 0.182627 -0.198742 -0.339941
FixedParameters: 0 0 0

#Transform 69
Transform: AffineTransform_float_3_3
Parameters: 0.999995 0.000935667 -0.0029647 -0.000978338 0.999897 -0.0143102 0.0029513 0.0143128 0.999893 0.183448 -0.199274 -0.341155
FixedParameters: 0 0 0

#Transform 70
Transform: AffineTransform_float_3_3
Parameters: 0.999995 0.000641721 -0.00311224 -0.000685275 0.999903 -0.0139249 0.00310276 0.0139271 0.999898 0.205515 -0.19684 -0.288042
FixedParameters: 0 0 0

#Transform 71
Transform: AffineTransform_float_3_3
Parameters: 0.999994 0.000640708 -0.0033835 -0.000689298 0.999897 -0.0142907 0.00337449 0.0142932 0.999892 0.194548 -0.203204 -0.277155
FixedParameters: 0 0 0

#Transform 72
Transform: AffineTransform_float_3_3
Parameters: 0.999995 0.00070601 -0.00328614 -0.000755986 0.999883 -0.0152356 0.00327486 0.0152384 0.999878 0.196737 -0.241595 -0.306664
FixedParameters: 0 0 0

#Transform 73
Transform: AffineTransform_float_3_3
Parameters: 0.999996 0.000463244 -0.00279171 -0.000501749 0.999904 -0.0138987 0.0027843 0.0138994 0.9999 0.239197 -0.221838 -0.269327
FixedParameters: 0 0 0

#Transform 74
Transform: AffineTransform_float_3_3
Parameters: 0.999994 0.00116719 -0.00326648 -0.00121481 0.999891 -0.0146721 0.00324952 0.0146759 0.999887 0.1893 -0.23311 -0.299214
FixedParameters: 0 0 0

#Transform 75
Transform: AffineTransform_float_3_3
Parameters: 0.999996 0.000711177 -0.00291674 -0.000750826 0.999911 -0.0133309 0.00290725 0.0133331 0.999907 0.213768 -0.19006 -0.258154
FixedParameters: 0 0 0

#Transform 76
Transform: AffineTransform_float_3_3
Parameters: 0.999994 0.0010638 -0.00335102 -0.0011102 0.999904 -0.0138154 0.00333598 0.0138186 0.999899 0.194434 -0.216951 -0.259659
FixedParameters: 0 0 0

#Transform 77
Transform: AffineTransform_float_3_3
Parameters: 0.999996 0.0008974 -0.00293241 -0.00093661 0.999908 -0.0135313 0.00292059 0.0135337 0.999904 0.198626 -0.222712 -0.252037
FixedParameters: 0 0 0

#Transform 78
Transform: AffineTransform_float_3_3
Parameters: 0.999994 0.00128915 -0.0034212 -0.00133884 0.999893 -0.0146075 0.0034018 0.0146125 0.999888 0.198369 -0.257568 -0.29979
FixedParameters: 0 0 0

#Transform 79
Transform: AffineTransform_float_3_3
Parameters: 0.999995 0.000552994 -0.00317954 -0.000599999 0.999891 -0.0148022 0.00317047 0.0148038 0.999886 0.222364 -0.246349 -0.278911
FixedParameters: 0 0 0

#Transform 80
Transform: AffineTransform_float_3_3
Parameters: 0.999993 0.00084741 -0.00344705 -0.000895589 0.999904 -0.013828 0.00343494 0.013831 0.999899 0.214733 -0.228831 -0.225985
FixedParameters: 0 0 0

#Transform 81
Transform: AffineTransform_float_3_3
Parameters: 0.999994 0.000893888 -0.00339149 -0.000940117 0.999907 -0.0136189 0.00337951 0.0136221 0.999902 0.212203 -0.23896 -0.204859
FixedParameters: 0 0 0

#Transform 82
Transform: AffineTransform_float_3_3
Parameters: 0.999992 0.00101408 -0.00390378 -0.00107292 0.999885 -0.0151199 0.00388822 0.0151241 0.999878 0.209856 -0.263571 -0.265264
FixedParameters: 0 0 0

#Transform 83
Transform: AffineTransform_float_3_3
Parameters: 0.999993 0.00101971 -0.00358459 -0.00107328 0.999889 -0.0148963 0.00356841 0.0148997 0.999882 0.207231 -0.255459 -0.246696
FixedParameters: 0 0 0

#Transform 84
Transform: AffineTransform_float_3_3
Parameters: 0.999998 -0.000256921 -0.0020468 0.000230078 0.999913 -0.0131415 0.0020502 0.0131415 0.999911 0.294784 -0.362928 -0.142597
FixedParameters: 0 0 0

#Transform 85
Transform: AffineTransform_float_3_3
Parameters: 0.999997 0.000588703 -0.00240533 -0.000614303 0.999945 -0.0105296 0.00239966 0.0105314 0.999941 0.252833 -0.222665 -0.106359
FixedParameters: 0 0 0

#Transform 86
Transform: AffineTransform_float_3_3
Parameters: 0.999997 0.000639035 -0.00263869 -0.00066997 0.99993 -0.0117513 0.00263131 0.0117527 0.999928 0.256846 -0.240513 -0.118992
FixedParameters: 0 0 0

#Transform 87
Transform: AffineTransform_float_3_3
Parameters: 0.999995 0.000103601 -0.00319647 -0.000142392 0.999928 -0.0120146 0.00319452 0.0120154 0.999922 0.287 -0.289431 -0.360002
FixedParameters: 0 0 0

#Transform 88
Transform: AffineTransform_float_3_3
Parameters: 0.999996 0.000771641 -0.00277167 -0.000809362 0.999908 -0.0135028 0.00276132 0.0135052 0.999905 0.259315 -0.276404 -0.326237
FixedParameters: 0 0 0

#Transform 89
Transform: AffineTransform_float_3_3
Parameters: 0.999995 0.000767672 -0.00311149 -0.000809334 0.999911 -0.0133025 0.00310151 0.0133054 0.999906 0.245159 -0.272473 -0.260791
FixedParameters: 0 0 0

#Transform 90
Transform: AffineTransform_float_3_3
Parameters: 0.999995 0.000769975 -0.00314581 -0.000809029 0.999923 -0.0124235 0.00313619 0.0124255 0.999918 0.247677 -0.254086 -0.228623
FixedParameters: 0 0 0

#Transform 91
Transform: AffineTransform_float_3_3
Parameters: 0.999994 0.000769372 -0.00316689 -0.000808628 0.999921 -0.0125305 0.00315711 0.0125335 0.999917 0.25282 -0.267738 -0.213598
FixedParameters: 0 0 0

#Transform 92
Transform: AffineTransform_float_3_3
Parameters: 0.999994 0.000767383 -0.00320425 -0.000808612 0.999915 -0.0130065 0.00319375 0.0130095 0.999911 0.258393 -0.295092 -0.239998
FixedParameters: 0 0 0

#Transform 93
Transform: AffineTransform_float_3_3
Parameters: 0.999994 0.000305416 -0.00349239 -0.000351579 0.999911 -0.0133459 0.00348762 0.0133471 0.999905 0.269025 -0.293485 -0.271254
FixedParameters: 0 0 0

#Transform 94
Transform: AffineTransform_float_3_3
Parameters: 0.999995 0.00076952 -0.00310332 -0.000810475 0.999915 -0.0130636 0.00309267 0.0130664 0.99991 0.247907 -0.2817 -0.236841
FixedParameters: 0 0 0

#Transform 95
Transform: AffineTransform_float_3_3
Parameters: 0.999993 0.00112563 -0.0033695 -0.00117038 0.999909 -0.0134941 0.00335451 0.0134979 0.999904 0.255997 -0.306289 -0.256705
FixedParameters: 0 0 0

#Transform 96
Transform: AffineTransform_float_3_3
Parameters: 0.999994 0.000836041 -0.00334861 -0.000884948 0.999893 -0.0146451 0.0033354 0.0146489 0.999887 0.253161 -0.319777 -0.313512
FixedParameters: 0 0 0

#Transform 97
Transform: AffineTransform_float_3_3
Parameters: 0.999994 0.000697124 -0.00317665 -0.000743864 0.99989 -0.0147787 0.00316535 0.0147813 0.999885 0.261341 -0.309118 -0.293281
FixedParameters: 0 0 0

#Transform 98
Transform: AffineTransform_float_3_3
Parameters: 0.999993 0.00112818 -0.00361259 -0.00117981 0.999896 -0.0143738 0.00359541 0.0143782 0.99989 0.234593 -0.306922 -0.243469
FixedParameters: 0 0 0

#Transform 99
Transform: AffineTransform_float_3_3
Parameters: 0.999993 0.000937915 -0.00360523 -0.00099108 0.99989 -0.0147505 0.00359077 0.0147545 0.999884 0.233113 -0.310182 -0.290542
FixedParameters: 0 0 0

#Transform 100
Transform: AffineTransform_float_3_3
Parameters: 0.999995 0.000821005 -0.00325655 -0.000872987 0.999871 -0.0159972 0.00324245 0.0159997 0.999866 0.253322 -0.348517 -0.298096
FixedParameters: 0 0 0

#Transform 101
Transform: AffineTransform_float_3_3
Parameters: 0.999995 -0.000547499 -0.00297251 0.000510507 0.999924 -0.0122656 0.00297848 0.0122644 0.999921 0.310242 -0.412283 -0.158929
FixedParameters: 0 0 0

#Transform 102
Transform: AffineTransform_float_3_3
Parameters: 0.999994 0.00038737 -0.00323712 -0.00042863 0.999921 -0.0125607 0.00323187 0.0125613 0.999916 0.27475 -0.272469 -0.162195
FixedParameters: 0 0 0

#Transform 103
Transform: AffineTransform_float_3_3
Parameters: 0.999993 0.000995269 -0.00354504 -0.00104474 0.999904 -0.0137704 0.00353195 0.0137746 0.999899 0.226931 -0.306224 -0.221486
FixedParameters: 0 0 0

#Transform 104
Transform: AffineTransform_float_3_3
Parameters: 0.999997 0.000219488 -0.00214553 -0.00025952 0.999822 -0.0188995 0.00214148 0.0189005 0.999819 0.266041 -0.414918 -0.348179
FixedParameters: 0 0 0

#Transform 105
Transform: AffineTransform_float_3_3
Parameters: 0.999994 0.000887292 -0.0035648 -0.000940714 0.999885 -0.0150937 0.0035512 0.0150962 0.999879 0.238286 -0.350791 -0.227882
FixedParameters: 0 0 0

#Transform 106
Transform: AffineTransform_float_3_3
Parameters: 0.999994 0.00111837 -0.00324174 -0.00116263 0.999904 -0.0137963 0.00322626 0.0138007 0.999899 0.224287 -0.320182 -0.215864
FixedParameters: 0 0 0

#Transform 107
Transform: AffineTransform_float_3_3
Parameters: 0.999999 0.000443285 -0.00120287 -0.000451715 0.99998 -0.00642046 0.00120012 0.00642154 0.999978 0.307181 -0.144619 -0.0296501
FixedParameters: 0 0 0

#Transform 108
Transform: AffineTransform_float_3_3
Parameters: 1 0.00023887 0.000220332 -0.000241127 0.999953 0.00971794 -0.000217667 -0.00971805 0.999953 0.265013 -0.0714999 0.0206199
FixedParameters: 0 0 0

#Transform 109
Transform: AffineTransform_float_3_3
Parameters: 0.999996 0.000429906 -0.00254882 -0.000452095 0.999963 -0.00867388 0.00254517 0.00867513 0.999959 0.235648 -0.264891 -0.172653
FixedParameters: 0 0 0

#Transform 110
Transform: AffineTransform_float_3_3
Parameters: 0.999997 0.000281395 -0.0026384 -0.000302611 0.999967 -0.00819223 0.00263661 0.00819277 0.999963 0.246173 -0.242981 -0.140815
FixedParameters: 0 0 0

#Transform 111
Transform: AffineTransform_float_3_3
Parameters: 0.999997 -2.44706e-05 -0.00271289 3.53116e-06 0.999968 -0.00791304 0.00271311 0.00791396 0.999965 0.255187 -0.239535 -0.0963047
FixedParameters: 0 0 0

#Transform 112
Transform: AffineTransform_float_3_3
Parameters: 0.999997 -7.89805e-05 -0.00265346 5.80226e-05 0.999968 -0.00790618 0.00265354 0.00790582 0.999965 0.272198 -0.255907 -0.105317
FixedParameters: 0 0 0

#Transform 113
Transform: AffineTransform_float_3_3
Parameters: 0.999997 -8.06289e-05 -0.00266441 5.73742e-05 0.999964 -0.00849219 0.00266459 0.00849182 0.999961 0.271582 -0.285195 -0.123727
FixedParameters: 0 0 0

#Transform 114
Transform: AffineTransform_float_3_3
Parameters: 0.999997 -7.94468e-05 -0.00248541 5.75562e-05 0.999963 -0.00862817 0.00248559 0.00862782 0.999959 0.284967 -0.261327 -0.109135
FixedParameters: 0 0 0

#Transform 115
Transform: AffineTransform_float_3_3
Parameters: 0.999996 -0.000168652 -0.00274865 0.000145343 0.999963 -0.00860343 0.00275035 0.00860257 0.999959 0.284292 -0.274305 -0.107687
FixedParameters: 0 0 0

#Transform 116
Transform: AffineTransform_float_3_3
Parameters: 0.999996 -8.61462e-05 -0.00306634 5.78562e-05 0.999958 -0.00917822 0.00306666 0.00917778 0.999953 0.275288 -0.289528 -0.120325
FixedParameters: 0 0 0

#Transform 117
Transform: AffineTransform_float_3_3
Parameters: 0.999995 -8.66267e-05 -0.00292129 5.73785e-05 0.999952 -0.00979721 0.0029217 0.00979779 0.999947 0.283273 -0.300557 -0.148738
FixedParameters: 0 0 0

#Transform 118
Transform: AffineTransform_float_3_3
Parameters: 0.999996 -8.58219e-05 -0.0028643 5.71805e-05 0.999953 -0.0097122 0.00286469 0.00971179 0.999948 0.29104 -0.312436 -0.128028
FixedParameters: 0 0 0

#Transform 119
Transform: AffineTransform_float_3_3
Parameters: 0.999995 -8.61911e-05 -0.00292431 5.78112e-05 0.999953 -0.00963921 0.00292469 0.00963879 0.99995 0.299288 -0.294059 -0.098744
FixedParameters: 0 0 0

#Transform 120
Transform: AffineTransform_float_3_3
Parameters: 0.999996 -0.000319066 -0.00281496 0.000290934 0.999951 -0.00996487 0.00281804 0.00996415 0.999947 0.308721 -0.29084 -0.0982197
FixedParameters: 0 0 0

#Transform 121
Transform: AffineTransform_float_3_3
Parameters: 0.999996 -0.000132551 -0.00299981 0.00010145 0.999948 -0.0101813 0.00300119 0.0101816 0.999943 0.296168 -0.291215 -0.100112
FixedParameters: 0 0 0

#Transform 122
Transform: AffineTransform_float_3_3
Parameters: 0.999995 -0.000202189 -0.00321103 0.000167813 0.999944 -0.0106436 0.00321297 0.0106434 0.999938 0.284557 -0.333148 -0.143822
FixedParameters: 0 0 0

#Transform 123
Transform: AffineTransform_float_3_3
Parameters: 0.999994 -0.000107767 -0.00344411 7.42361e-05 0.999952 -0.00980231 0.00344489 0.00980269 0.999946 0.260261 -0.33358 -0.111546
FixedParameters: 0 0 0

#Transform 124
Transform: AffineTransform_float_3_3
Parameters: 0.999995 -0.000264889 -0.00320645 0.000231117 0.999948 -0.0102528 0.00320854 0.0102522 0.999943 0.260215 -0.325527 -0.13057
FixedParameters: 0 0 0

#Transform 125
Transform: AffineTransform_float_3_3
Parameters: 0.999995 -0.000296091 -0.00335925 0.000262908 0.999951 -0.00984793 0.00336175 0.00984605 0.999946 0.236683 -0.328948 -0.110201
FixedParameters: 0 0 0

#Transform 126
Transform: AffineTransform_float_3_3
Parameters: 0.999994 -0.000145881 -0.00329364 0.000111117 0.999944 -0.0105874 0.00329536 0.0105876 0.999938 0.24413 -0.360282 -0.126058
FixedParameters: 0 0 0

#Transform 127
Transform: AffineTransform_float_3_3
Parameters: 0.999995 0.000128458 -0.00336055 -0.000163538 0.999944 -0.0105785 0.00335846 0.0105785 0.999939 0.255065 -0.342601 -0.111354
FixedParameters: 0 0 0

#Transform 128
Transform: AffineTransform_float_3_3
Parameters: 0.999995 6.80224e-05 -0.00330487 -0.000101978 0.999947 -0.0102817 0.00330413 0.0102823 0.999941 0.255152 -0.335252 -0.107676
FixedParameters: 0 0 0

#Transform 129
Transform: AffineTransform_float_3_3
Parameters: 0.999995 -0.000240851 -0.00336969 0.000206157 0.999946 -0.0103387 0.00337131 0.0103382 0.999941 0.251677 -0.380321 -0.122246
FixedParameters: 0 0 0

#Transform 130
Transform: AffineTransform_float_3_3
Parameters: 0.999994 0.000495133 -0.00321823 -0.000528862 0.999947 -0.0102193 0.00321276 0.0102216 0.999942 0.25302 -0.371807 -0.103074
FixedParameters: 0 0 0

#Transform 131
Transform: AffineTransform_float_3_3
Parameters: 0.999995 0.000493726 -0.00331029 -0.000528273 0.999946 -0.0103613 0.0033047 0.0103627 0.999941 0.247293 -0.375095 -0.105838
FixedParameters: 0 0 0

#Transform 132
Transform: AffineTransform_float_3_3
Parameters: 0.999994 0.000182396 -0.00327005 -0.000216615 0.999947 -0.0102793 0.00326894 0.0102797 0.999942 0.257688 -0.36405 -0.0848541
FixedParameters: 0 0 0

#Transform 133
Transform: AffineTransform_float_3_3
Parameters: 0.999994 0.000108884 -0.00344533 -0.000145121 0.999945 -0.0104836 0.00344467 0.0104844 0.999939 0.258775 -0.3583 -0.0705461
FixedParameters: 0 0 0

#Transform 134
Transform: AffineTransform_float_3_3
Parameters: 0.999993 0.000317744 -0.00354763 -0.000356248 0.999941 -0.0107878 0.00354336 0.0107892 0.999935 0.246527 -0.401168 -0.0842732
FixedParameters: 0 0 0

#Transform 135
Transform: AffineTransform_float_3_3
Parameters: 0.999995 0.000492516 -0.00330848 -0.000528488 0.999943 -0.0107323 0.00330352 0.0107347 0.999937 0.240577 -0.350522 -0.104043
FixedParameters: 0 0 0

#Transform 136
Transform: AffineTransform_float_3_3
Parameters: 0.999994 0.000416057 -0.00338947 -0.00045095 0.999946 -0.0103155 0.00338553 0.0103165 0.999941 0.249516 -0.35838 -0.0848819
FixedParameters: 0 0 0

#Transform 137
Transform: AffineTransform_float_3_3
Parameters: 0.999994 0.000491957 -0.00360211 -0.000528039 0.999949 -0.0100112 0.0035969 0.0100138 0.999944 0.238374 -0.358971 -0.0288478
FixedParameters: 0 0 0

#Transform 138
Transform: AffineTransform_float_3_3
Parameters: 0.999994 0.000217397 -0.00350454 -0.000254598 0.999943 -0.0107332 0.00350147 0.0107338 0.999937 0.235614 -0.407933 -0.0990977
FixedParameters: 0 0 0

#Transform 139
Transform: AffineTransform_float_3_3
Parameters: 0.999994 0.000387252 -0.00343858 -0.000425755 0.999937 -0.0112756 0.00343442 0.0112764 0.99993 0.239279 -0.413322 -0.108226
FixedParameters: 0 0 0

#Transform 140
Transform: AffineTransform_float_3_3
Parameters: 0.999994 0.000492038 -0.00343934 -0.00052797 0.999945 -0.0104633 0.00343466 0.0104648 0.99994 0.250329 -0.392201 -0.0737913
FixedParameters: 0 0 0

#Transform 141
Transform: AffineTransform_float_3_3
Parameters: 0.999993 0.000488979 -0.00368938 -0.000528017 0.999944 -0.0105831 0.00368362 0.0105849 0.999937 0.244922 -0.38138 -0.0342369
FixedParameters: 0 0 0

#Transform 142
Transform: AffineTransform_float_3_3
Parameters: 0.999993 0.000240077 -0.00376176 -0.000279926 0.999943 -0.010616 0.00375924 0.010617 0.999937 0.256509 -0.423934 0.0419338
FixedParameters: 0 0 0

#Transform 143
Transform: AffineTransform_float_3_3
Parameters: 0.999993 0.000361419 -0.00357656 -0.000403573 0.999929 -0.0119116 0.00357144 0.0119134 0.999922 0.276711 -0.456665 -0.0332546
FixedParameters: 0 0 0

#Transform 144
Transform: AffineTransform_float_3_3
Parameters: 0.999987 -0.000115385 -0.0052369 4.16115e-05 0.999902 -0.0140114 0.0052381 0.0140106 0.999888 0.244967 -0.444147 -0.0477386
FixedParameters: 0 0 0

#Transform 145
Transform: AffineTransform_float_3_3
Parameters: 0.999989 -0.000633838 -0.00478665 0.000592159 0.999961 -0.00873694 0.00479236 0.00873406 0.999951 0.257497 -0.404678 0.0677438
FixedParameters: 0 0 0

#Transform 146
Transform: AffineTransform_float_3_3
Parameters: 0.999989 -0.000308977 -0.00470915 0.000262028 0.99995 -0.00997235 0.00471185 0.00997166 0.999939 0.260636 -0.43004 0.0286322
FixedParameters: 0 0 0

#Transform 147
Transform: AffineTransform_float_3_3
Parameters: 0.999991 -0.000376387 -0.00438142 0.000332619 0.999948 -0.0101266 0.00438459 0.0101254 0.999939 0.274939 -0.450911 0.00246589
FixedParameters: 0 0 0

#Transform 148
Transform: AffineTransform_float_3_3
Parameters: 0.999992 -0.000309212 -0.00399589 0.000265787 0.999942 -0.0108102 0.0039991 0.0108089 0.999933 0.269971 -0.450826 -0.0101845
FixedParameters: 0 0 0

#Transform 149
Transform: AffineTransform_float_3_3
Parameters: 0.999995 -0.000341025 -0.00295933 0.00031697 0.999967 -0.00811497 0.00296267 0.00811402 0.999962 0.236362 -0.408108 0.0180679
FixedParameters: 0 0 0

#Transform 150
Transform: AffineTransform_float_3_3
Parameters: 0.999996 -0.000609656 -0.00277697 0.000591345 0.999978 -0.00671367 0.00278103 0.00671233 0.999973 0.208875 -0.429619 0.0152797
FixedParameters: 0 0 0

#Transform 151
Transform: AffineTransform_float_3_3
Parameters: 0.999993 -6.3015e-05 -0.00378664 3.49816e-05 0.999972 -0.00739819 0.00378736 0.00739782 0.999966 0.201876 -0.430551 0.0573805
FixedParameters: 0 0 0

#Transform 152
Transform: AffineTransform_float_3_3
Parameters: 0.999994 0.000562528 -0.00359741 -0.000590476 0.99997 -0.00763993 0.0035936 0.00764207 0.999965 0.162352 -0.479224 0.0262015
FixedParameters: 0 0 0

#Transform 153
Transform: AffineTransform_float_3_3
Parameters: 0.999991 -0.00020045 -0.00419169 0.000170545 0.999976 -0.00702578 0.0041933 0.00702422 0.999966 0.19365 -0.447358 -0.00473162
FixedParameters: 0 0 0

#Transform 154
Transform: AffineTransform_float_3_3
Parameters: 0.99999 -0.00105763 -0.00421765 0.00103237 0.999981 -0.00607441 0.00422434 0.00607059 0.999972 0.226034 -0.494747 -0.140053
FixedParameters: 0 0 0

#Transform 155
Transform: AffineTransform_float_3_3
Parameters: 0.999993 -0.000770749 -0.00363941 0.000734256 0.999949 -0.0100877 0.00364659 0.0100853 0.999943 0.23519 -0.476601 -0.163524
FixedParameters: 0 0 0
