# transform file /out/sourcedata/freesurfer/sub-v1s3x0050800_ses-1/mri/transforms/cc_up.lta
# created by oesteban on Tue Mar 10 02:11:40 2026

type      = 0 # LINEAR_VOX_TO_VOX
nxforms   = 1
mean      = 130.0000 134.0000 127.0000
sigma     = 10000.0000
1 4 4
9.953094124794006e-01 -4.839338362216949e-02 8.377030491828918e-02 -4.785304546356201e+00 
4.822288826107979e-02 9.988284707069397e-01 4.058683756738901e-03 4.429291248321533e+00 
-8.386857062578201e-02 0.000000000000000e+00 9.964768886566162e-01 1.924181938171387e+01 
0.000000000000000e+00 0.000000000000000e+00 0.000000000000000e+00 1.000000000000000e+00 
src volume info
valid = 1  # volume info valid
filename = /out/sourcedata/freesurfer/sub-v1s3x0050800_ses-1/mri/norm.mgz
volume = 256 256 256
voxelsize = 1.000000000000000e+00 1.000000000000000e+00 1.000000000000000e+00
xras   = -1.000000000000000e+00 0.000000000000000e+00 0.000000000000000e+00
yras   = 0.000000000000000e+00 0.000000000000000e+00 -1.000000000000000e+00
zras   = 0.000000000000000e+00 1.000000000000000e+00 0.000000000000000e+00
cras   = 1.816488647460938e+01 -2.270153808593750e+01 -4.670272827148438e+00
dst volume info
valid = 1  # volume info valid
filename = /out/sourcedata/freesurfer/sub-v1s3x0050800_ses-1/mri/norm.mgz
volume = 256 256 256
voxelsize = 1.000000000000000e+00 1.000000000000000e+00 1.000000000000000e+00
xras   = -1.000000000000000e+00 0.000000000000000e+00 0.000000000000000e+00
yras   = 0.000000000000000e+00 0.000000000000000e+00 -1.000000000000000e+00
zras   = 0.000000000000000e+00 1.000000000000000e+00 0.000000000000000e+00
cras   = 1.816488647460938e+01 -2.270153808593750e+01 -4.670272827148438e+00
