#Insight Transform File V1.0
#Transform 0
Transform: AffineTransform_float_3_3
Parameters: 0.999999 -0.000474504 -0.00134698 0.000460496 0.999942 -0.0107476 0.00135203 0.0107474 0.999942 -0.0228857 0.0100146 -0.141978
FixedParameters: 0 0 0

#Transform 1
Transform: AffineTransform_float_3_3
Parameters: 0.999998 -0.00106478 -0.001349 0.00105221 0.999955 -0.00944343 0.00135899 0.00944156 0.999954 0.0247211 0.022573 -0.0820419
FixedParameters: 0 0 0

#Transform 2
Transform: AffineTransform_float_3_3
Parameters: 0.999998 -0.000690413 -0.00149387 0.000676595 0.999959 -0.00896002 0.00149912 0.00895997 0.999958 -0.00714647 0.0211677 -0.0709398
FixedParameters: 0 0 0

#Transform 3
Transform: AffineTransform_float_3_3
Parameters: 1 -0.000496991 -0.00109351 0.000487005 0.999959 -0.00911754 0.00109849 0.00911746 0.999958 -0.0324314 0.0545123 -0.0541312
FixedParameters: 0 0 0

#Transform 4
Transform: AffineTransform_float_3_3
Parameters: 1 -0.000442129 -0.00105422 0.000433865 0.999962 -0.00864346 0.00105879 0.00864353 0.999962 -0.0268574 0.0400978 -0.0679143
FixedParameters: 0 0 0

#Transform 5
Transform: AffineTransform_float_3_3
Parameters: 0.999999 -0.000574446 -0.00110867 0.00056556 0.999971 -0.00760264 0.00111233 0.00760237 0.999971 -0.0262639 0.0312706 0.0265433
FixedParameters: 0 0 0

#Transform 6
Transform: AffineTransform_float_3_3
Parameters: 0.999999 -0.000245203 -0.000940404 0.000238792 0.999978 -0.00659123 0.000942594 0.00659077 0.999978 -0.020192 0.0158134 0.0232115
FixedParameters: 0 0 0

#Transform 7
Transform: AffineTransform_float_3_3
Parameters: 1 -3.40243e-05 -0.000293773 3.19741e-05 0.999977 -0.00688801 0.000294227 0.00688799 0.999976 -0.0290339 0.0246504 -0.0527197
FixedParameters: 0 0 0

#Transform 8
Transform: AffineTransform_float_3_3
Parameters: 1 -0.000368082 -0.000523848 0.000364917 0.999982 -0.00587119 0.000526151 0.0058708 0.999982 -0.0207257 0.00135267 -0.00790249
FixedParameters: 0 0 0

#Transform 9
Transform: AffineTransform_float_3_3
Parameters: 1 -0.000481384 -7.04207e-05 0.000480618 0.999985 -0.00536003 7.25776e-05 0.00536096 0.999985 -0.0219882 -0.0136147 0.00052884
FixedParameters: 0 0 0

#Transform 10
Transform: AffineTransform_float_3_3
Parameters: 0.999999 -0.000704128 0.000425445 0.000704872 0.999997 -0.0020507 -0.000424555 0.0020513 0.999998 -0.0213607 -0.0447652 -0.0552865
FixedParameters: 0 0 0

#Transform 11
Transform: AffineTransform_float_3_3
Parameters: 0.999999 -0.00152037 -0.00010581 0.00151963 0.999993 -0.00341417 0.00011119 0.00341484 0.999994 0.0112312 -0.0384551 -0.119615
FixedParameters: 0 0 0

#Transform 12
Transform: AffineTransform_float_3_3
Parameters: 0.999999 -0.000705707 0.000476918 0.000707293 0.999996 -0.00271566 -0.000475081 0.00271534 0.999996 -0.0217361 -0.0536904 -0.106934
FixedParameters: 0 0 0

#Transform 13
Transform: AffineTransform_float_3_3
Parameters: 0.999999 -0.000759966 0.000477649 0.000761033 0.999998 -0.00216864 -0.000475351 0.00216836 0.999997 -0.012234 -0.0669679 -0.11827
FixedParameters: 0 0 0

#Transform 14
Transform: AffineTransform_float_3_3
Parameters: 0.999999 -0.000809557 0.000232547 0.000810441 0.999998 -0.00191081 -0.000230452 0.00191019 0.999998 -0.00717544 -0.0570705 -0.133867
FixedParameters: 0 0 0

#Transform 15
Transform: AffineTransform_float_3_3
Parameters: 0.999999 -0.000809676 0.00023213 0.000810323 0.999998 -0.00139581 -0.000230869 0.00139619 0.999999 -0.00334287 -0.0231159 -0.0773059
FixedParameters: 0 0 0

#Transform 16
Transform: AffineTransform_float_3_3
Parameters: 0.999999 -0.000809696 0.00035669 0.000810303 1 -0.000851711 -0.000355309 0.000852288 0.999999 -0.00878931 0.0125222 -0.110743
FixedParameters: 0 0 0

#Transform 17
Transform: AffineTransform_float_3_3
Parameters: 0.999999 -0.000809582 0.000471718 0.000810417 1 -0.000886619 -0.000470281 0.000887382 1 -0.0197 -0.0139987 -0.124442
FixedParameters: 0 0 0

#Transform 18
Transform: AffineTransform_float_3_3
Parameters: 0.999999 -0.00127748 0.000511312 0.00127752 0.999998 -0.00102635 -0.000510689 0.00102665 1 -0.0008615 -0.00596216 -0.101783
FixedParameters: 0 0 0

#Transform 19
Transform: AffineTransform_float_3_3
Parameters: 1 0.000722565 -0.000824506 -0.000722434 0.999999 0.000685596 0.000825496 -0.000685404 1 -0.00697422 -0.00756782 0.136377
FixedParameters: 0 0 0

#Transform 20
Transform: AffineTransform_float_3_3
Parameters: 1 0.000295979 -5.61092e-05 -0.000296021 1 -0.000368983 5.58908e-05 0.000369016 1 -0.0180001 0.012995 -0.00409034
FixedParameters: 0 0 0

#Transform 21
Transform: AffineTransform_float_3_3
Parameters: 1 0.000296017 -3.9873e-05 -0.000295983 1 0.000429012 4.0127e-05 -0.000428988 1 -0.0181109 -0.0109664 0.0117884
FixedParameters: 0 0 0

#Transform 22
Transform: AffineTransform_float_3_3
Parameters: 1 0.000296002 9.79929e-05 -0.000295998 1 -2.4029e-05 -9.80071e-05 2.3971e-05 1 -0.0170406 -0.00755446 0.029219
FixedParameters: 0 0 0

#Transform 23
Transform: AffineTransform_float_3_3
Parameters: 1 1.19563e-05 8.80059e-05 -1.20437e-05 1 0.000496999 -8.7994e-05 -0.000497001 1 -0.00826397 0.00674515 -0.00170449
FixedParameters: 0 0 0

#Transform 24
Transform: AffineTransform_float_3_3
Parameters: 1 3.28774e-05 0.000220018 -3.31225e-05 1 0.000556993 -0.000219982 -0.000557007 1 -0.0148265 -0.0077626 0.0250151
FixedParameters: 0 0 0

#Transform 25
Transform: AffineTransform_float_3_3
Parameters: 1 0.000124823 0.000192115 -0.000125178 0.999999 0.000921975 -0.000192885 -0.000922023 0.999999 -0.0164235 -0.00685113 0.0465781
FixedParameters: 0 0 0

#Transform 26
Transform: AffineTransform_float_3_3
Parameters: 1 0.000295513 0.000504286 -0.000295487 1 0.000965852 -0.000503715 -0.00096615 1 -0.0222164 0.0245281 0.0903303
FixedParameters: 0 0 0

#Transform 27
Transform: AffineTransform_float_3_3
Parameters: 1 -8.54898e-05 0.000503917 8.551e-05 0.999999 0.000972043 -0.000504083 -0.000971957 1 -0.0146616 0.025463 0.0593414
FixedParameters: 0 0 0

#Transform 28
Transform: AffineTransform_float_3_3
Parameters: 1 0.000103734 0.000243114 -0.000103266 1 0.00109398 -0.000242887 -0.00109403 1 -0.0164436 0.0240309 0.0934771
FixedParameters: 0 0 0

#Transform 29
Transform: AffineTransform_float_3_3
Parameters: 1 -0.000149603 0.000393771 0.000149397 0.999999 0.00153006 -0.000394229 -0.00152994 0.999999 -0.0215306 0.0213854 0.119702
FixedParameters: 0 0 0

#Transform 30
Transform: AffineTransform_float_3_3
Parameters: 1 -0.000204644 0.000425691 0.000203355 0.999999 0.00151309 -0.000426308 -0.00151291 0.999999 -0.0225546 0.00864633 0.119331
FixedParameters: 0 0 0

#Transform 31
Transform: AffineTransform_float_3_3
Parameters: 1 -0.00020484 0.000468634 0.00020316 0.999999 0.0017911 -0.000469365 -0.00179091 0.999999 -0.0220126 -0.0051116 0.121636
FixedParameters: 0 0 0

#Transform 32
Transform: AffineTransform_float_3_3
Parameters: 1 -0.000204645 0.000525749 0.000203354 0.999999 0.00122711 -0.00052625 -0.00122689 0.999999 -0.0215884 -0.00094302 0.0554258
FixedParameters: 0 0 0

#Transform 33
Transform: AffineTransform_float_3_3
Parameters: 1 -0.000401749 0.000579481 0.00040125 0.999999 0.00129223 -0.000580519 -0.00129177 0.999999 -0.0252383 -0.00850033 0.0412481
FixedParameters: 0 0 0

#Transform 34
Transform: AffineTransform_float_3_3
Parameters: 1 -0.000204632 0.000515749 0.000203368 0.999999 0.00122611 -0.00051525 -0.0012259 0.999999 -0.0203029 -0.00805995 0.069999
FixedParameters: 0 0 0

#Transform 35
Transform: AffineTransform_float_3_3
Parameters: 1 -0.000316257 0.000535259 0.000314744 0.999997 0.00234617 -0.00053574 -0.00234583 0.999997 -0.0265038 -0.0226162 0.113333
FixedParameters: 0 0 0

#Transform 36
Transform: AffineTransform_float_3_3
Parameters: 1 -0.000204974 0.000518616 0.000204025 0.999998 0.00187811 -0.000519384 -0.00187789 0.999998 -0.0285949 0.00428008 0.107271
FixedParameters: 0 0 0

#Transform 37
Transform: AffineTransform_float_3_3
Parameters: 0.999999 -6.32962e-06 0.000940991 5.67035e-06 0.999999 0.00141301 -0.000941008 -0.00141299 0.999998 -0.0484771 0.00733135 0.0608886
FixedParameters: 0 0 0

#Transform 38
Transform: AffineTransform_float_3_3
Parameters: 0.999999 0.000468895 0.000538221 -0.000468103 0.999998 -0.00166225 -0.000539779 0.00166275 0.999998 -0.0577209 0.0512004 0.00608269
FixedParameters: 0 0 0

#Transform 39
Transform: AffineTransform_float_3_3
Parameters: 1 0.000471876 0.000462091 -0.000470124 0.999991 -0.00405222 -0.000463908 0.00405178 0.999991 -0.0417212 0.00831952 -0.112775
FixedParameters: 0 0 0

#Transform 40
Transform: AffineTransform_float_3_3
Parameters: 0.999999 0.000595357 0.000460971 -0.000592642 0.999987 -0.00509827 -0.000464027 0.00509772 0.999987 -0.0507016 0.015715 -0.0866575
FixedParameters: 0 0 0

#Transform 41
Transform: AffineTransform_float_3_3
Parameters: 0.999999 0.000729427 0.00113654 -0.000724571 0.999989 -0.00476783 -0.00114047 0.00476717 0.999988 -0.0737206 0.0139326 -0.0901527
FixedParameters: 0 0 0

#Transform 42
Transform: AffineTransform_float_3_3
Parameters: 0.999999 0.000509214 0.00115215 -0.000504786 0.999993 -0.00365558 -0.00115385 0.00365441 0.999992 -0.080666 0.0385743 -0.059537
FixedParameters: 0 0 0

#Transform 43
Transform: AffineTransform_float_3_3
Parameters: 0.999999 0.000877591 0.00104299 -0.000873407 0.999993 -0.00343991 -0.00104601 0.00343808 0.999993 -0.076519 0.0215419 -0.0498124
FixedParameters: 0 0 0

#Transform 44
Transform: AffineTransform_float_3_3
Parameters: 1 0.000503541 0.00104478 -0.000500459 0.999997 -0.00243052 -0.00104622 0.00243047 0.999996 -0.0683938 0.00834277 -0.0119745
FixedParameters: 0 0 0

#Transform 45
Transform: AffineTransform_float_3_3
Parameters: 1 0.000455974 0.00104514 -0.000454027 0.999998 -0.00188748 -0.00104586 0.00188752 0.999997 -0.0681775 0.0357118 -0.0196441
FixedParameters: 0 0 0

#Transform 46
Transform: AffineTransform_float_3_3
Parameters: 0.999999 0.000400916 0.00141546 -0.000399082 0.999999 -0.00135457 -0.00141654 0.00135343 0.999998 -0.0638048 0.0211081 -0.043721
FixedParameters: 0 0 0

#Transform 47
Transform: AffineTransform_float_3_3
Parameters: 0.999999 0.000400838 0.00142048 -0.000399162 0.999999 -0.00129457 -0.00142052 0.00129343 0.999998 -0.0638242 0.0194178 -0.0602664
FixedParameters: 0 0 0

#Transform 48
Transform: AffineTransform_float_3_3
Parameters: 0.999999 0.000502593 0.00123135 -0.000501406 0.999999 -0.00129462 -0.00123165 0.00129338 0.999999 -0.0438706 0.0044714 -0.0660251
FixedParameters: 0 0 0

#Transform 49
Transform: AffineTransform_float_3_3
Parameters: 0.999996 -0.00024678 0.00263665 0.00024322 0.999999 0.00143365 -0.00263735 -0.00143335 0.999995 0.0198504 0.0138227 0.0691784
FixedParameters: 0 0 0

#Transform 50
Transform: AffineTransform_float_3_3
Parameters: 0.999998 -3.70473e-05 0.00163398 3.59525e-05 1 0.000641059 -0.00163402 -0.00064094 0.999998 -0.0123893 0.00608516 0.0825123
FixedParameters: 0 0 0

#Transform 51
Transform: AffineTransform_float_3_3
Parameters: 0.999998 0.000156607 0.00160614 -0.000157393 0.999999 0.000866748 -0.00160686 -0.000867253 0.999999 -0.0323458 0.0172259 0.0463189
FixedParameters: 0 0 0

#Transform 52
Transform: AffineTransform_float_3_3
Parameters: 0.999998 0.000203934 0.00160714 -0.000205065 1 0.000662671 -0.00160686 -0.000663329 0.999999 -0.0357926 0.0121387 0.042406
FixedParameters: 0 0 0

#Transform 53
Transform: AffineTransform_float_3_3
Parameters: 1 0.000139959 0.00118312 -0.000141043 0.999999 0.000880833 -0.00118388 -0.000880166 0.999999 -0.0367342 0.0172233 0.0835542
FixedParameters: 0 0 0

#Transform 54
Transform: AffineTransform_float_3_3
Parameters: 0.999999 0.000151698 0.00124616 -0.000152303 0.999999 0.00104581 -0.00124584 -0.00104519 0.999998 -0.0278966 0.016081 0.111783
FixedParameters: 0 0 0

#Transform 55
Transform: AffineTransform_float_3_3
Parameters: 1 0.000135235 0.0010981 -0.000135766 0.999999 0.000696851 -0.00109891 -0.000697149 0.999999 -0.0307621 0.00409371 0.0802425
FixedParameters: 0 0 0

#Transform 56
Transform: AffineTransform_float_3_3
Parameters: 0.999999 0.000382675 0.0012991 -0.000382324 1 0.000249504 -0.0012989 -0.000250497 0.999999 -0.025591 0.0148017 0.0572938
FixedParameters: 0 0 0

#Transform 57
Transform: AffineTransform_float_3_3
Parameters: 0.999998 0.000382597 0.00161009 -0.000383402 1 0.000249383 -0.0016099 -0.000250616 0.999998 -0.0305352 0.0352192 0.0772564
FixedParameters: 0 0 0

#Transform 58
Transform: AffineTransform_float_3_3
Parameters: 0.999999 0.000330795 0.00137305 -0.000331206 1 0.000149545 -0.00137295 -0.000149454 0.999999 -0.0287163 0.0223071 0.0819641
FixedParameters: 0 0 0

#Transform 59
Transform: AffineTransform_float_3_3
Parameters: 0.999998 0.000433012 0.00160973 -0.000431986 0.999999 -0.000629696 -0.00161027 0.000628303 0.999998 -0.0323683 0.00302683 0.0399874
FixedParameters: 0 0 0

#Transform 60
Transform: AffineTransform_float_3_3
Parameters: 0.999999 0.00084126 0.00160882 -0.000839739 0.999998 -0.00140535 -0.00161018 0.00140365 0.999997 -0.0294816 -0.00512189 0.0245928
FixedParameters: 0 0 0

#Transform 61
Transform: AffineTransform_float_3_3
Parameters: 0.999998 0.000761017 0.00180973 -0.000757984 0.999999 -0.00166638 -0.00181127 0.00166563 0.999997 -0.0260311 -0.0144554 0.022885
FixedParameters: 0 0 0

#Transform 62
Transform: AffineTransform_float_3_3
Parameters: 0.999997 0.000627984 0.00212082 -0.000624014 0.999998 -0.00187933 -0.00212217 0.00187767 0.999996 -0.0320232 0.00701494 -0.00499306
FixedParameters: 0 0 0

#Transform 63
Transform: AffineTransform_float_3_3
Parameters: 0.999998 0.00084191 0.0018877 -0.000839089 0.999998 -0.00154159 -0.0018893 0.00154041 0.999997 -0.0312789 0.00333092 0.0170397
FixedParameters: 0 0 0

#Transform 64
Transform: AffineTransform_float_3_3
Parameters: 0.999997 0.000841966 0.00199575 -0.000839033 0.999998 -0.00148668 -0.00199725 0.00148532 0.999997 -0.0199716 -0.0302393 -0.0141788
FixedParameters: 0 0 0

#Transform 65
Transform: AffineTransform_float_3_3
Parameters: 0.999998 0.000533174 0.00197915 -0.000529824 0.999998 -0.00160405 -0.00198085 0.00160295 0.999997 -0.0372566 -0.0103358 -0.0144767
FixedParameters: 0 0 0

#Transform 66
Transform: AffineTransform_float_3_3
Parameters: 0.999998 0.000757255 0.00193773 -0.000753746 0.999999 -0.00167946 -0.00193927 0.00167854 0.999996 -0.0413174 -0.0147735 0.00618258
FixedParameters: 0 0 0

#Transform 67
Transform: AffineTransform_float_3_3
Parameters: 0.999998 0.000668431 0.00184076 -0.000665568 0.999998 -0.00186423 -0.00184224 0.00186277 0.999996 -0.043404 -0.0131234 0.0163202
FixedParameters: 0 0 0

#Transform 68
Transform: AffineTransform_float_3_3
Parameters: 0.999997 0.000531474 0.00205811 -0.000527526 0.999999 -0.00168809 -0.00205889 0.00168691 0.999997 -0.0347434 -0.0068788 0.00586962
FixedParameters: 0 0 0

#Transform 69
Transform: AffineTransform_float_3_3
Parameters: 0.999997 0.000609787 0.0021092 -0.000607214 0.999999 -0.00132128 -0.0021098 0.00132072 0.999997 -0.0389282 -0.000147972 0.0129819
FixedParameters: 0 0 0

#Transform 70
Transform: AffineTransform_float_3_3
Parameters: 0.999998 0.000397599 0.00225654 -0.000395401 1 -0.0011519 -0.00225746 0.00115111 0.999997 -0.0385144 0.0147615 0.0159413
FixedParameters: 0 0 0

#Transform 71
Transform: AffineTransform_float_3_3
Parameters: 0.999997 0.000468392 0.00208624 -0.000465609 0.999999 -0.00162598 -0.00208676 0.00162503 0.999996 -0.0412059 -0.0236363 0.00404049
FixedParameters: 0 0 0

#Transform 72
Transform: AffineTransform_float_3_3
Parameters: 0.999998 0.000398535 0.00225638 -0.000395463 0.999998 -0.0015679 -0.00225662 0.0015661 0.999996 -0.026436 -0.0375785 -0.0465046
FixedParameters: 0 0 0

#Transform 73
Transform: AffineTransform_float_3_3
Parameters: 0.999997 0.000399709 0.00216914 -0.000395289 0.999997 -0.00217186 -0.00216986 0.00217014 0.999996 -0.052553 -0.0329763 -0.0411773
FixedParameters: 0 0 0

#Transform 74
Transform: AffineTransform_float_3_3
Parameters: 0.999999 0.000459903 0.00145452 -0.000452099 0.999985 -0.00542967 -0.00145648 0.00542834 0.999984 -0.0424723 -0.02026 -0.181637
FixedParameters: 0 0 0

#Transform 75
Transform: AffineTransform_float_3_3
Parameters: 0.999999 -5.44855e-05 0.00131433 6.15182e-05 0.999983 -0.00571792 -0.00131467 0.00571807 0.999983 -0.0324497 -0.0841943 -0.203572
FixedParameters: 0 0 0

#Transform 76
Transform: AffineTransform_float_3_3
Parameters: 0.999999 0.00067976 0.000238848 -0.000679242 0.999995 -0.00316816 -0.000240153 0.00316784 0.999995 -0.0525414 -0.0412882 -0.0482813
FixedParameters: 0 0 0

#Transform 77
Transform: AffineTransform_float_3_3
Parameters: 0.999999 0.000549122 0.00167869 -0.00054188 0.999991 -0.00424091 -0.00168031 0.00423908 0.999989 -0.0681946 -0.0251411 -0.121674
FixedParameters: 0 0 0

#Transform 78
Transform: AffineTransform_float_3_3
Parameters: 0.999998 0.000749323 0.00147029 -0.00074168 0.999988 -0.0049741 -0.00147371 0.0049739 0.999986 -0.0672978 -0.0394452 -0.187716
FixedParameters: 0 0 0

#Transform 79
Transform: AffineTransform_float_3_3
Parameters: 1 0.000547919 0.00103088 -0.000542081 0.999984 -0.00573257 -0.00103412 0.00573244 0.999983 -0.0468229 -0.0820327 -0.162153
FixedParameters: 0 0 0

#Transform 80
Transform: AffineTransform_float_3_3
Parameters: 0.999999 0.000873371 0.00157794 -0.00086663 0.999988 -0.00466537 -0.00158206 0.00466462 0.999988 -0.0496689 -0.0991212 -0.153206
FixedParameters: 0 0 0

#Transform 81
Transform: AffineTransform_float_3_3
Parameters: 0.999998 0.00131226 0.00187085 -0.00130275 0.999984 -0.00547145 -0.00187716 0.00546955 0.999984 -0.0626446 -0.0515236 -0.157831
FixedParameters: 0 0 0

#Transform 82
Transform: AffineTransform_float_3_3
Parameters: 0.999999 0.000996078 0.0015254 -0.000988918 0.999989 -0.00463452 -0.0015306 0.00463248 0.999988 -0.0554613 -0.0611858 -0.122923
FixedParameters: 0 0 0

#Transform 83
Transform: AffineTransform_float_3_3
Parameters: 0.999998 0.000996309 0.00174785 -0.000988688 0.999991 -0.00417873 -0.00175214 0.00417626 0.999989 -0.0551598 -0.0420621 -0.101877
FixedParameters: 0 0 0

#Transform 84
Transform: AffineTransform_float_3_3
Parameters: 0.999997 0.000983099 0.00218793 -0.0009739 0.999991 -0.00415614 -0.00219207 0.00415386 0.999989 -0.057022 -0.0550281 -0.103522
FixedParameters: 0 0 0

#Transform 85
Transform: AffineTransform_float_3_3
Parameters: 0.999997 0.00161394 0.00188122 -0.00160606 0.99999 -0.00421304 -0.00188878 0.00420997 0.99999 -0.0751571 -0.0578886 -0.0584002
FixedParameters: 0 0 0

#Transform 86
Transform: AffineTransform_float_3_3
Parameters: 0.999996 0.00170686 0.00194138 -0.00169714 0.999985 -0.00506831 -0.00194962 0.00506569 0.999986 -0.0965025 -0.0941232 -0.123681
FixedParameters: 0 0 0

#Transform 87
Transform: AffineTransform_float_3_3
Parameters: 0.999997 0.00161948 0.00218206 -0.00160652 0.999979 -0.00616352 -0.00219194 0.00616047 0.999978 -0.0995501 -0.0811381 -0.141926
FixedParameters: 0 0 0

#Transform 88
Transform: AffineTransform_float_3_3
Parameters: 0.999998 0.00123029 0.00198104 -0.00121871 0.999983 -0.00568843 -0.00198796 0.00568657 0.999982 -0.0833716 -0.0732747 -0.133365
FixedParameters: 0 0 0

#Transform 89
Transform: AffineTransform_float_3_3
Parameters: 0.999998 0.00103698 0.00200084 -0.00102502 0.999981 -0.00598106 -0.00200717 0.00597893 0.99998 -0.105549 -0.0891185 -0.210267
FixedParameters: 0 0 0

#Transform 90
Transform: AffineTransform_float_3_3
Parameters: 0.999998 0.000641962 0.00218882 -0.000631044 0.999988 -0.0050044 -0.00219119 0.00500361 0.999985 -0.0747682 -0.113827 -0.177598
FixedParameters: 0 0 0

#Transform 91
Transform: AffineTransform_float_3_3
Parameters: 0.999997 0.00103542 0.00192042 -0.00102558 0.999985 -0.00541898 -0.00192659 0.00541702 0.999984 -0.0984494 -0.101978 -0.121695
FixedParameters: 0 0 0

#Transform 92
Transform: AffineTransform_float_3_3
Parameters: 0.999998 0.000441938 0.00223503 -0.000437063 0.999998 -0.00220898 -0.00223597 0.00220802 0.999995 -0.0829554 -0.0724235 0.076145
FixedParameters: 0 0 0

#Transform 93
Transform: AffineTransform_float_3_3
Parameters: 0.999997 0.000445007 0.00214058 -0.000442993 1 -0.000937951 -0.00214142 0.00093705 0.999998 -0.0897877 -0.0889241 0.14247
FixedParameters: 0 0 0

#Transform 94
Transform: AffineTransform_float_3_3
Parameters: 0.999998 0.000425325 0.00186193 -0.000424675 1 -0.000174791 -0.00186207 0.000174208 0.999999 -0.0838279 -0.0701415 0.209628
FixedParameters: 0 0 0

#Transform 95
Transform: AffineTransform_float_3_3
Parameters: 0.999999 0.000832377 0.00118103 -0.000831623 0.999999 -0.00116598 -0.00118197 0.00116502 0.999998 -0.0989166 -0.114674 0.197548
FixedParameters: 0 0 0

#Transform 96
Transform: AffineTransform_float_3_3
Parameters: 0.999997 0.000915916 0.0024934 -0.000917085 1 0.000433715 -0.0024926 -0.000436285 0.999997 -0.102113 -0.0220596 0.221471
FixedParameters: 0 0 0

#Transform 97
Transform: AffineTransform_float_3_3
Parameters: 0.999996 0.000774691 0.00264009 -0.000775309 0.999999 0.000115953 -0.00263991 -0.000118045 0.999996 -0.0959915 -0.0978291 0.159793
FixedParameters: 0 0 0

#Transform 98
Transform: AffineTransform_float_3_3
Parameters: 0.999997 0.000597271 0.00227419 -0.000598729 1 0.000319639 -0.00227481 -0.00032136 0.999998 -0.0974148 -0.129142 0.159547
FixedParameters: 0 0 0

#Transform 99
Transform: AffineTransform_float_3_3
Parameters: 0.999997 0.000839607 0.00256413 -0.000840392 0.999999 0.000151846 -0.00256387 -0.000154153 0.999996 -0.105804 -0.164965 0.14263
FixedParameters: 0 0 0

#Transform 100
Transform: AffineTransform_float_3_3
Parameters: 0.999996 0.000892357 0.00246923 -0.000892641 0.999999 0.000258797 -0.00246877 -0.000261204 0.999997 -0.0839453 -0.169673 0.103031
FixedParameters: 0 0 0

#Transform 101
Transform: AffineTransform_float_3_3
Parameters: 0.999996 0.00111815 0.00238953 -0.00111585 0.999999 -0.00132067 -0.00239147 0.00131733 0.999997 -0.0949127 -0.149406 0.044038
FixedParameters: 0 0 0

#Transform 102
Transform: AffineTransform_float_3_3
Parameters: 0.999996 0.001241 0.00249601 -0.001239 0.999999 -0.000803095 -0.00249699 0.000799904 0.999996 -0.0923348 -0.140078 0.0797374
FixedParameters: 0 0 0

#Transform 103
Transform: AffineTransform_float_3_3
Parameters: 0.999997 0.00123952 0.00233173 -0.00123848 0.999999 -0.000222889 -0.00233128 0.000220111 0.999998 -0.101846 -0.16499 0.109735
FixedParameters: 0 0 0

#Transform 104
Transform: AffineTransform_float_3_3
Parameters: 0.999997 0.00123861 0.00235321 -0.00123839 0.999999 0.000165086 -0.0023528 -0.000167915 0.999997 -0.10009 -0.180651 0.143375
FixedParameters: 0 0 0

#Transform 105
Transform: AffineTransform_float_3_3
Parameters: 0.999996 0.00114571 0.00279112 -0.0011463 1 0.000103801 -0.00279088 -0.000107198 0.999996 -0.10169 -0.157205 0.115139
FixedParameters: 0 0 0

#Transform 106
Transform: AffineTransform_float_3_3
Parameters: 0.999997 0.00120268 0.00222263 -0.00120132 0.999999 -0.000305671 -0.00222337 0.000302327 0.999998 -0.107967 -0.186517 0.108363
FixedParameters: 0 0 0

#Transform 107
Transform: AffineTransform_float_3_3
Parameters: 0.999997 0.000939769 0.00218453 -0.000941233 1 0.000562946 -0.00218447 -0.000565055 0.999998 -0.100609 -0.176335 0.166522
FixedParameters: 0 0 0

#Transform 108
Transform: AffineTransform_float_3_3
Parameters: 0.999997 0.0007416 0.00231277 -0.000743401 0.999999 0.00103728 -0.00231223 -0.00103872 0.999997 -0.103364 -0.151956 0.201796
FixedParameters: 0 0 0

#Transform 109
Transform: AffineTransform_float_3_3
Parameters: 0.999997 0.000888918 0.00255873 -0.000891083 1 0.000812723 -0.00255828 -0.000815278 0.999997 -0.0972921 -0.160973 0.164804
FixedParameters: 0 0 0

#Transform 110
Transform: AffineTransform_float_3_3
Parameters: 0.999996 0.00107951 0.00258862 -0.00108049 1 0.000575206 -0.00258838 -0.000577797 0.999997 -0.0966681 -0.139037 0.133389
FixedParameters: 0 0 0

#Transform 111
Transform: AffineTransform_float_3_3
Parameters: 0.999995 0.0017662 0.00265554 -0.0017678 0.999999 0.000300307 -0.00265547 -0.000304692 0.999997 -0.0908255 -0.144043 0.182544
FixedParameters: 0 0 0

#Transform 112
Transform: AffineTransform_float_3_3
Parameters: 0.999996 0.00107901 0.00287075 -0.00108099 0.999999 0.0006919 -0.00286925 -0.000695099 0.999995 -0.091734 -0.15772 0.153722
FixedParameters: 0 0 0

#Transform 113
Transform: AffineTransform_float_3_3
Parameters: 0.999996 0.00107915 0.00260777 -0.00108085 0.999999 0.000709185 -0.00260623 -0.000711816 0.999997 -0.0894312 -0.167195 0.177022
FixedParameters: 0 0 0

#Transform 114
Transform: AffineTransform_float_3_3
Parameters: 0.999995 0.00121913 0.00295136 -0.00121987 0.999999 0.000294401 -0.00295164 -0.0002976 0.999995 -0.0937813 -0.164555 0.175625
FixedParameters: 0 0 0

#Transform 115
Transform: AffineTransform_float_3_3
Parameters: 0.999994 0.00189752 0.00283432 -0.00188649 0.99999 -0.00406037 -0.00284168 0.00405563 0.999987 -0.0823908 -0.143892 0.0761657
FixedParameters: 0 0 0

#Transform 116
Transform: AffineTransform_float_3_3
Parameters: 0.999995 0.00138745 0.00287493 -0.00137855 0.999994 -0.00293998 -0.00287906 0.00293602 0.999991 -0.0867156 -0.172669 0.0576627
FixedParameters: 0 0 0

#Transform 117
Transform: AffineTransform_float_3_3
Parameters: 0.999995 0.00115897 0.0027419 -0.00115403 0.999997 -0.00181217 -0.00274409 0.00180883 0.999994 -0.0854166 -0.17664 0.0772392
FixedParameters: 0 0 0

#Transform 118
Transform: AffineTransform_float_3_3
Parameters: 0.999996 0.0012161 0.00253413 -0.0012079 0.999994 -0.00319607 -0.00253787 0.00319293 0.999991 -0.0752531 -0.198059 0.0399573
FixedParameters: 0 0 0

#Transform 119
Transform: AffineTransform_float_3_3
Parameters: 0.999996 0.00122873 0.00276001 -0.00122227 0.999997 -0.00243939 -0.00276299 0.00243662 0.999993 -0.0532242 -0.205207 0.103448
FixedParameters: 0 0 0

#Transform 120
Transform: AffineTransform_float_3_3
Parameters: 0.999996 0.00115804 0.00266325 -0.00115396 0.999998 -0.00151808 -0.00266475 0.00151592 0.999996 -0.0645714 -0.24684 0.091225
FixedParameters: 0 0 0

#Transform 121
Transform: AffineTransform_float_3_3
Parameters: 0.999996 0.000936216 0.0028994 -0.000924788 0.999992 -0.0038667 -0.0029026 0.0038643 0.999989 -0.0806562 -0.250313 -0.00542513
FixedParameters: 0 0 0

#Transform 122
Transform: AffineTransform_float_3_3
Parameters: 0.999994 0.00122809 0.0034244 -0.00121791 0.999995 -0.00294819 -0.0034276 0.00294381 0.99999 -0.100339 -0.228486 0.0243079
FixedParameters: 0 0 0

#Transform 123
Transform: AffineTransform_float_3_3
Parameters: 0.999995 0.0006263 0.00312375 -0.0006147 0.999994 -0.00361694 -0.00312624 0.00361506 0.999988 -0.0762607 -0.226384 -0.00427894
FixedParameters: 0 0 0

#Transform 124
Transform: AffineTransform_float_3_3
Parameters: 0.999998 0.000164494 0.00194946 -0.000157509 0.999995 -0.00333031 -0.00194953 0.00333069 0.999992 -0.0380073 -0.249693 -0.000145615
FixedParameters: 0 0 0

#Transform 125
Transform: AffineTransform_float_3_3
Parameters: 0.999997 0.000478987 0.00232678 -0.000473015 0.999996 -0.00257311 -0.00232722 0.00257189 0.999994 -0.0422993 -0.275582 0.0217626
FixedParameters: 0 0 0

#Transform 126
Transform: AffineTransform_float_3_3
Parameters: 0.999997 0.000490775 0.00230936 -0.000482223 0.999994 -0.00336612 -0.00231164 0.00336487 0.999991 -0.0583236 -0.291351 -0.0272569
FixedParameters: 0 0 0

#Transform 127
Transform: AffineTransform_float_3_3
Parameters: 0.999997 0.000625031 0.00238717 -0.000617968 0.999996 -0.00294549 -0.00238883 0.00294352 0.999993 -0.0707199 -0.278845 0.010568
FixedParameters: 0 0 0

#Transform 128
Transform: AffineTransform_float_3_3
Parameters: 0.999996 0.000678078 0.00278929 -0.000670922 0.999996 -0.00253788 -0.00279071 0.00253612 0.999993 -0.086387 -0.274332 0.0178316
FixedParameters: 0 0 0

#Transform 129
Transform: AffineTransform_float_3_3
Parameters: 0.999996 0.000957785 0.00272062 -0.000951218 0.999997 -0.0024936 -0.00272238 0.0024914 0.999993 -0.0799258 -0.280532 0.0079562
FixedParameters: 0 0 0

#Transform 130
Transform: AffineTransform_float_3_3
Parameters: 0.999995 0.000905826 0.0028462 -0.000897172 0.999995 -0.00310157 -0.00284879 0.00309843 0.999991 -0.079782 -0.343885 0.000229231
FixedParameters: 0 0 0

#Transform 131
Transform: AffineTransform_float_3_3
Parameters: 0.999995 0.000920054 0.00280602 -0.000913947 0.999998 -0.00215757 -0.00280798 0.00215543 0.999993 -0.0798077 -0.354175 0.0326399
FixedParameters: 0 0 0

#Transform 132
Transform: AffineTransform_float_3_3
Parameters: 0.999995 0.000778002 0.0031045 -0.000772001 0.999998 -0.00193341 -0.0031055 0.00193159 0.999994 -0.0511009 -0.353537 0.0254422
FixedParameters: 0 0 0

#Transform 133
Transform: AffineTransform_float_3_3
Parameters: 0.999994 0.000815863 0.00315049 -0.000810135 0.999998 -0.00186256 -0.00315151 0.00185944 0.999994 -0.0310818 -0.377117 -0.0114493
FixedParameters: 0 0 0

#Transform 134
Transform: AffineTransform_float_3_3
Parameters: 0.999995 0.000923225 0.00309545 -0.000917774 0.999998 -0.00168885 -0.00309755 0.00168615 0.999994 -0.0444433 -0.371312 0.00613671
FixedParameters: 0 0 0

#Transform 135
Transform: AffineTransform_float_3_3
Parameters: 0.999995 0.000959717 0.00319729 -0.000954284 0.999998 -0.00178906 -0.00319871 0.00178594 0.999994 -0.0426133 -0.377741 0.0121473
FixedParameters: 0 0 0

#Transform 136
Transform: AffineTransform_float_3_3
Parameters: 0.999993 0.00081068 0.00383543 -0.000808321 1 -0.000700106 -0.00383556 0.000696896 0.999992 -0.0508629 -0.385554 0.0506331
FixedParameters: 0 0 0

#Transform 137
Transform: AffineTransform_float_3_3
Parameters: 0.999995 0.000881811 0.00322269 -0.000877189 0.999998 -0.00149383 -0.00322431 0.00149116 0.999993 -0.0526489 -0.376911 0.0178263
FixedParameters: 0 0 0

#Transform 138
Transform: AffineTransform_float_3_3
Parameters: 0.999995 0.000767358 0.00328899 -0.000762641 0.999999 -0.00132652 -0.00329001 0.00132348 0.999993 -0.0489175 -0.392718 0.0349305
FixedParameters: 0 0 0

#Transform 139
Transform: AffineTransform_float_3_3
Parameters: 0.999995 0.000948376 0.00297261 -0.000943625 0.999999 -0.00147281 -0.00297439 0.00147019 0.999995 -0.0602218 -0.396046 0.0188535
FixedParameters: 0 0 0

#Transform 140
Transform: AffineTransform_float_3_3
Parameters: 0.999993 0.00107302 0.00339316 -0.00106398 0.999996 -0.00265963 -0.00339584 0.00265537 0.99999 -0.0546679 -0.390934 -0.0233785
FixedParameters: 0 0 0

#Transform 141
Transform: AffineTransform_float_3_3
Parameters: 0.999993 0.00167654 0.00340932 -0.00166645 0.999994 -0.0028007 -0.00341367 0.0027943 0.999991 -0.086578 -0.395719 -0.0169599
FixedParameters: 0 0 0

#Transform 142
Transform: AffineTransform_float_3_3
Parameters: 0.999995 0.000615024 0.00292853 -0.000607974 0.999997 -0.00239979 -0.00292946 0.00239721 0.999993 -0.0541417 -0.395263 0.0483805
FixedParameters: 0 0 0

#Transform 143
Transform: AffineTransform_float_3_3
Parameters: 0.999992 0.00132577 0.00359605 -0.00131523 0.999994 -0.00299475 -0.00359995 0.00299025 0.999989 -0.0680151 -0.385395 -0.00593749
FixedParameters: 0 0 0

#Transform 144
Transform: AffineTransform_float_3_3
Parameters: 0.999993 0.00127634 0.00346558 -0.00126666 0.999995 -0.00269641 -0.00346943 0.00269159 0.999991 -0.0497594 -0.37562 -0.0110346
FixedParameters: 0 0 0

#Transform 145
Transform: AffineTransform_float_3_3
Parameters: 0.999993 0.00128173 0.00335281 -0.00127627 0.999997 -0.00171129 -0.00335518 0.00170671 0.999993 -0.0404768 -0.384214 0.0667256
FixedParameters: 0 0 0

#Transform 146
Transform: AffineTransform_float_3_3
Parameters: 0.999994 0.00104315 0.0030956 -0.00103885 0.999998 -0.00134222 -0.0030974 0.00133878 0.999995 -0.0346398 -0.398325 0.0777452
FixedParameters: 0 0 0

#Transform 147
Transform: AffineTransform_float_3_3
Parameters: 0.999994 0.00113977 0.00324168 -0.00113523 0.999998 -0.00116469 -0.00324332 0.00116131 0.999994 -0.0423987 -0.413984 0.052888
FixedParameters: 0 0 0

#Transform 148
Transform: AffineTransform_float_3_3
Parameters: 0.999992 0.00134279 0.00359896 -0.00134021 0.999999 -0.000777829 -0.00359904 0.000773173 0.999993 -0.053455 -0.427424 0.0882414
FixedParameters: 0 0 0

#Transform 149
Transform: AffineTransform_float_3_3
Parameters: 0.999993 0.0013444 0.0032832 -0.0013406 0.999998 -0.00134341 -0.0032848 0.00133859 0.999993 -0.054848 -0.434728 0.0742369
FixedParameters: 0 0 0

#Transform 150
Transform: AffineTransform_float_3_3
Parameters: 0.999993 0.0013434 0.00329561 -0.0013406 0.999998 -0.00103442 -0.00329739 0.00103058 0.999994 -0.049773 -0.45298 0.0728834
FixedParameters: 0 0 0

#Transform 151
Transform: AffineTransform_float_3_3
Parameters: 0.999994 0.000980776 0.00351695 -0.000977227 0.999999 -0.00107444 -0.00351805 0.00107156 0.999993 -0.0455142 -0.449198 0.0789056
FixedParameters: 0 0 0

#Transform 152
Transform: AffineTransform_float_3_3
Parameters: 0.999992 0.00111474 0.00371558 -0.00110926 0.999998 -0.00127813 -0.00371742 0.00127387 0.999993 -0.0486171 -0.466031 0.0557648
FixedParameters: 0 0 0

#Transform 153
Transform: AffineTransform_float_3_3
Parameters: 0.999992 0.00134374 0.00359861 -0.00134026 0.999998 -0.00104083 -0.00359939 0.00103617 0.999993 -0.0683864 -0.475678 0.0508317
FixedParameters: 0 0 0

#Transform 154
Transform: AffineTransform_float_3_3
Parameters: 0.999994 0.00147948 0.00330745 -0.00147652 0.999999 -0.00105389 -0.00330956 0.00104911 0.999994 -0.0688661 -0.475528 0.0395763
FixedParameters: 0 0 0

#Transform 155
Transform: AffineTransform_float_3_3
Parameters: 0.999994 0.0013549 0.00320235 -0.00135109 0.999999 -0.00122133 -0.00320465 0.00121667 0.999994 -0.0655197 -0.466395 0.0484685
FixedParameters: 0 0 0
