# transform file /out/sourcedata/freesurfer/sub-v1s3x0050816_ses-1/mri/transforms/cc_up.lta
# created by oesteban on Tue Mar 10 02:56:29 2026

type      = 0 # LINEAR_VOX_TO_VOX
nxforms   = 1
mean      = 129.0000 132.0000 129.0000
sigma     = 10000.0000
1 4 4
9.998298287391663e-01 -1.698510348796844e-02 -7.199142593890429e-03 3.400291442871094e+00 
1.698466204106808e-02 9.998557567596436e-01 -1.222958089783788e-04 8.849487304687500e+00 
7.200181484222412e-03 0.000000000000000e+00 9.999740719795227e-01 8.078111648559570e+00 
0.000000000000000e+00 0.000000000000000e+00 0.000000000000000e+00 1.000000000000000e+00 
src volume info
valid = 1  # volume info valid
filename = /out/sourcedata/freesurfer/sub-v1s3x0050816_ses-1/mri/norm.mgz
volume = 256 256 256
voxelsize = 1.000000000000000e+00 1.000000000000000e+00 1.000000000000000e+00
xras   = -1.000000000000000e+00 0.000000000000000e+00 0.000000000000000e+00
yras   = 0.000000000000000e+00 0.000000000000000e+00 -1.000000000000000e+00
zras   = 0.000000000000000e+00 1.000000000000000e+00 0.000000000000000e+00
cras   = -1.475463867187500e+00 -1.193395996093750e+01 -4.530944824218750e-01
dst volume info
valid = 1  # volume info valid
filename = /out/sourcedata/freesurfer/sub-v1s3x0050816_ses-1/mri/norm.mgz
volume = 256 256 256
voxelsize = 1.000000000000000e+00 1.000000000000000e+00 1.000000000000000e+00
xras   = -1.000000000000000e+00 0.000000000000000e+00 0.000000000000000e+00
yras   = 0.000000000000000e+00 0.000000000000000e+00 -1.000000000000000e+00
zras   = 0.000000000000000e+00 1.000000000000000e+00 0.000000000000000e+00
cras   = -1.475463867187500e+00 -1.193395996093750e+01 -4.530944824218750e-01
