# transform file /out/sourcedata/freesurfer/sub-v1s3x0050819_ses-1/mri/transforms/cc_up.lta
# created by oesteban on Tue Mar 10 03:06:49 2026

type      = 0 # LINEAR_VOX_TO_VOX
nxforms   = 1
mean      = 128.0000 129.0000 126.0000
sigma     = 10000.0000
1 4 4
9.997883439064026e-01 1.753124222159386e-02 1.076692249625921e-02 -2.801656007766724e+00 
-1.753022707998753e-02 9.998462796211243e-01 -1.887865655589849e-04 1.927641677856445e+01 
-1.076857838779688e-02 1.455191522836685e-11 9.999420642852783e-01 8.380863189697266e+00 
0.000000000000000e+00 0.000000000000000e+00 0.000000000000000e+00 1.000000000000000e+00 
src volume info
valid = 1  # volume info valid
filename = /out/sourcedata/freesurfer/sub-v1s3x0050819_ses-1/mri/norm.mgz
volume = 256 256 256
voxelsize = 1.000000000000000e+00 1.000000000000000e+00 1.000000000000000e+00
xras   = -1.000000000000000e+00 0.000000000000000e+00 0.000000000000000e+00
yras   = 0.000000000000000e+00 0.000000000000000e+00 -1.000000000000000e+00
zras   = 0.000000000000000e+00 1.000000000000000e+00 0.000000000000000e+00
cras   = 1.732864379882812e-01 -2.250900268554688e+01 8.741012573242188e+00
dst volume info
valid = 1  # volume info valid
filename = /out/sourcedata/freesurfer/sub-v1s3x0050819_ses-1/mri/norm.mgz
volume = 256 256 256
voxelsize = 1.000000000000000e+00 1.000000000000000e+00 1.000000000000000e+00
xras   = -1.000000000000000e+00 0.000000000000000e+00 0.000000000000000e+00
yras   = 0.000000000000000e+00 0.000000000000000e+00 -1.000000000000000e+00
zras   = 0.000000000000000e+00 1.000000000000000e+00 0.000000000000000e+00
cras   = 1.732864379882812e-01 -2.250900268554688e+01 8.741012573242188e+00
