# transform file /out/sourcedata/freesurfer/sub-v1s3x0050808_ses-1/mri/transforms/cc_up.lta
# created by oesteban on Tue Mar 10 02:06:37 2026

type      = 0 # LINEAR_VOX_TO_VOX
nxforms   = 1
mean      = 128.0000 130.0000 125.0000
sigma     = 10000.0000
1 4 4
9.998866915702820e-01 1.358055695891380e-02 -6.495424546301365e-03 2.658486962318420e-01 
-1.358027104288340e-02 9.999077916145325e-01 8.821961819194257e-05 1.673801612854004e+01 
6.496023852378130e-03 7.275957614183426e-12 9.999788999557495e-01 6.171062469482422e+00 
0.000000000000000e+00 0.000000000000000e+00 0.000000000000000e+00 1.000000000000000e+00 
src volume info
valid = 1  # volume info valid
filename = /out/sourcedata/freesurfer/sub-v1s3x0050808_ses-1/mri/norm.mgz
volume = 256 256 256
voxelsize = 1.000000000000000e+00 1.000000000000000e+00 1.000000000000000e+00
xras   = -9.999999403953552e-01 0.000000000000000e+00 0.000000000000000e+00
yras   = 0.000000000000000e+00 0.000000000000000e+00 -9.999999403953552e-01
zras   = 0.000000000000000e+00 1.000000000000000e+00 0.000000000000000e+00
cras   = -5.015235900878906e+00 -2.157030487060547e+01 1.741939544677734e+01
dst volume info
valid = 1  # volume info valid
filename = /out/sourcedata/freesurfer/sub-v1s3x0050808_ses-1/mri/norm.mgz
volume = 256 256 256
voxelsize = 1.000000000000000e+00 1.000000000000000e+00 1.000000000000000e+00
xras   = -9.999999403953552e-01 0.000000000000000e+00 0.000000000000000e+00
yras   = 0.000000000000000e+00 0.000000000000000e+00 -9.999999403953552e-01
zras   = 0.000000000000000e+00 1.000000000000000e+00 0.000000000000000e+00
cras   = -5.015235900878906e+00 -2.157030487060547e+01 1.741939544677734e+01
