#Insight Transform File V1.0
#Transform 0
Transform: AffineTransform_float_3_3
Parameters: 1 0.000221612 0.000594144 -0.000222388 1 0.000652868 -0.000593855 -0.000653131 0.999999 -0.0263034 0.0138196 0.0283464
FixedParameters: 0 0 0

#Transform 1
Transform: AffineTransform_float_3_3
Parameters: 0.99999 0.000370382 -0.0043084 -0.000375619 1 -0.00107139 0.0043076 0.00107261 0.99999 0.132236 0.0127347 0.0261784
FixedParameters: 0 0 0

#Transform 2
Transform: AffineTransform_float_3_3
Parameters: 0.999987 -7.66385e-06 -0.00498299 3.36034e-07 0.999999 -0.00153802 0.00498301 0.00153798 0.999987 0.157479 -0.0286284 -0.0605114
FixedParameters: 0 0 0

#Transform 3
Transform: AffineTransform_float_3_3
Parameters: 0.999984 -6.2194e-06 -0.00555799 -2.19498e-07 1 -0.00111902 0.005558 0.00111898 0.999984 0.164667 -0.037774 0.021963
FixedParameters: 0 0 0

#Transform 4
Transform: AffineTransform_float_3_3
Parameters: 0.99998 -8.34992e-06 -0.00622199 -3.50084e-07 0.999999 -0.00134202 0.006222 0.00134197 0.999979 0.161456 -0.0616718 -0.0119876
FixedParameters: 0 0 0

#Transform 5
Transform: AffineTransform_float_3_3
Parameters: 0.99997 0.00066236 -0.00777918 -0.000675647 0.999998 -0.0017518 0.00777783 0.00175621 0.999968 0.161523 -0.0790979 -0.0143527
FixedParameters: 0 0 0

#Transform 6
Transform: AffineTransform_float_3_3
Parameters: 0.99997 0.00027954 -0.00781642 -0.000290459 0.999999 -0.00146477 0.00781659 0.00146723 0.999969 0.171474 -0.0231672 0.0286289
FixedParameters: 0 0 0

#Transform 7
Transform: AffineTransform_float_3_3
Parameters: 0.999968 0.000662024 -0.00788918 -0.000675973 0.999998 -0.00176872 0.00788781 0.00177428 0.999968 0.173468 -0.105438 -0.0137196
FixedParameters: 0 0 0

#Transform 8
Transform: AffineTransform_float_3_3
Parameters: 0.999977 0.00167589 -0.0066643 -0.0016851 0.999997 -0.0013608 0.00666171 0.0013722 0.999977 0.136971 -0.0905954 -0.031845
FixedParameters: 0 0 0

#Transform 9
Transform: AffineTransform_float_3_3
Parameters: 0.999975 0.000969224 -0.00700222 -0.000978777 0.999998 -0.00125018 0.00700078 0.00125682 0.999974 0.1475 -0.0696485 0.0117398
FixedParameters: 0 0 0

#Transform 10
Transform: AffineTransform_float_3_3
Parameters: 0.999972 0.000905881 -0.00733226 -0.000924119 0.999996 -0.00246829 0.00732974 0.00247471 0.99997 0.151555 -0.136264 -0.0731135
FixedParameters: 0 0 0

#Transform 11
Transform: AffineTransform_float_3_3
Parameters: 0.999969 0.000863312 -0.00783031 -0.000883684 0.999996 -0.00263816 0.00782869 0.00264584 0.999966 0.13705 -0.0861189 -0.0891467
FixedParameters: 0 0 0

#Transform 12
Transform: AffineTransform_float_3_3
Parameters: 0.999966 0.000471873 -0.00814525 -0.000493127 0.999997 -0.00259207 0.00814375 0.00259593 0.999964 0.150075 -0.072841 -0.038923
FixedParameters: 0 0 0

#Transform 13
Transform: AffineTransform_float_3_3
Parameters: 0.999963 0.000213445 -0.00853676 -0.000242556 0.999995 -0.00334405 0.00853623 0.00334595 0.999958 0.141988 -0.119385 -0.0729995
FixedParameters: 0 0 0

#Transform 14
Transform: AffineTransform_float_3_3
Parameters: 0.999962 0.000606191 -0.00868214 -0.000635814 0.999994 -0.00343161 0.00867987 0.00343639 0.999957 0.126535 -0.0887127 -0.086001
FixedParameters: 0 0 0

#Transform 15
Transform: AffineTransform_float_3_3
Parameters: 0.999966 0.00055547 -0.00821769 -0.000579534 0.999996 -0.00298334 0.00821631 0.00298767 0.999962 0.12303 -0.107446 -0.0381975
FixedParameters: 0 0 0

#Transform 16
Transform: AffineTransform_float_3_3
Parameters: 0.999966 0.000560333 -0.00831006 -0.000589669 0.999994 -0.00356823 0.00830795 0.00357278 0.999959 0.134162 -0.107067 -0.0767449
FixedParameters: 0 0 0

#Transform 17
Transform: AffineTransform_float_3_3
Parameters: 0.999964 0.000531708 -0.00853608 -0.000563294 0.999992 -0.00378133 0.00853394 0.00378568 0.999957 0.133026 -0.161704 -0.0861005
FixedParameters: 0 0 0

#Transform 18
Transform: AffineTransform_float_3_3
Parameters: 0.999963 0.000580158 -0.00859028 -0.000613844 0.999993 -0.00382087 0.00858871 0.00382613 0.999956 0.133409 -0.121582 -0.127184
FixedParameters: 0 0 0

#Transform 19
Transform: AffineTransform_float_3_3
Parameters: 0.999963 0.000794501 -0.00858821 -0.000817499 0.999996 -0.00273308 0.0085858 0.00273992 0.99996 0.126371 -0.107931 -0.0592994
FixedParameters: 0 0 0

#Transform 20
Transform: AffineTransform_float_3_3
Parameters: 0.999963 0.000979644 -0.00852613 -0.000998362 0.999997 -0.00214957 0.00852387 0.00215743 0.999962 0.122386 -0.115216 -0.046409
FixedParameters: 0 0 0

#Transform 21
Transform: AffineTransform_float_3_3
Parameters: 0.999964 0.000623222 -0.00843948 -0.000642776 0.999997 -0.00234066 0.00843852 0.00234634 0.999961 0.129949 -0.169103 -0.0167665
FixedParameters: 0 0 0

#Transform 22
Transform: AffineTransform_float_3_3
Parameters: 0.999958 0.000603386 -0.00906365 -0.000613609 1 -0.00105748 0.00906236 0.00106351 0.999959 0.137335 -0.11736 0.0544253
FixedParameters: 0 0 0

#Transform 23
Transform: AffineTransform_float_3_3
Parameters: 0.999958 0.000644344 -0.00907226 -0.000647656 0.999999 -0.000400141 0.00907173 0.000405862 0.999959 0.127951 -0.202524 -0.0761909
FixedParameters: 0 0 0

#Transform 24
Transform: AffineTransform_float_3_3
Parameters: 0.999959 0.000697957 -0.00894787 -0.00070904 0.999999 -0.00123071 0.00894713 0.00123729 0.999959 0.126084 -0.247909 -0.119325
FixedParameters: 0 0 0

#Transform 25
Transform: AffineTransform_float_3_3
Parameters: 0.999962 0.000510063 -0.00868282 -0.000506942 1 0.000354415 0.00868218 -0.000350585 0.999962 0.133298 -0.239824 -0.0735451
FixedParameters: 0 0 0

#Transform 26
Transform: AffineTransform_float_3_3
Parameters: 0.999963 0.000988659 -0.00848692 -0.000987335 0.999999 8.23824e-05 0.00848707 -7.36118e-05 0.999964 0.120602 -0.201353 -0.0485256
FixedParameters: 0 0 0

#Transform 27
Transform: AffineTransform_float_3_3
Parameters: 0.999961 0.00103237 -0.00885061 -0.00102863 1 0.000385119 0.00885039 -0.000375878 0.999961 0.121236 -0.198283 -0.0409595
FixedParameters: 0 0 0

#Transform 28
Transform: AffineTransform_float_3_3
Parameters: 0.99996 0.000722622 -0.00899664 -0.000718383 0.999999 0.000516484 0.00899638 -0.00051052 0.99996 0.122679 -0.231872 -0.0376369
FixedParameters: 0 0 0

#Transform 29
Transform: AffineTransform_float_3_3
Parameters: 0.999963 0.000930267 -0.00862408 -0.000931733 0.999999 -8.09677e-05 0.00862392 8.90258e-05 0.999963 0.118685 -0.302471 -0.0899056
FixedParameters: 0 0 0

#Transform 30
Transform: AffineTransform_float_3_3
Parameters: 0.999963 0.000757045 -0.00863817 -0.000758959 0.999999 -0.000223452 0.00863783 0.000229548 0.999962 0.104548 -0.236699 -0.0792263
FixedParameters: 0 0 0

#Transform 31
Transform: AffineTransform_float_3_3
Parameters: 0.999964 0.000888177 -0.0085123 -0.00089182 1 -0.000327421 0.00851171 0.000335572 0.999963 0.100299 -0.238197 -0.100629
FixedParameters: 0 0 0

#Transform 32
Transform: AffineTransform_float_3_3
Parameters: 0.999961 0.000730922 -0.00872142 -0.000736074 0.999999 -0.000578602 0.00872157 0.000585397 0.999962 0.118011 -0.265227 -0.0620441
FixedParameters: 0 0 0

#Transform 33
Transform: AffineTransform_float_3_3
Parameters: 0.99996 0.00064377 -0.00899767 -0.000652232 1 -0.00102317 0.00899634 0.00102883 0.999959 0.118148 -0.2738 -0.0832329
FixedParameters: 0 0 0

#Transform 34
Transform: AffineTransform_float_3_3
Parameters: 0.999964 0.000533822 -0.00845227 -0.000538181 0.999999 -0.000492469 0.00845174 0.000496529 0.999964 0.10862 -0.293196 -0.034552
FixedParameters: 0 0 0

#Transform 35
Transform: AffineTransform_float_3_3
Parameters: 0.99996 0.000327191 -0.00891856 -0.000341808 0.999998 -0.00165902 0.00891745 0.00166198 0.999959 0.124551 -0.305043 -0.21081
FixedParameters: 0 0 0

#Transform 36
Transform: AffineTransform_float_3_3
Parameters: 0.999962 0.000285587 -0.00872152 -0.000300416 0.999999 -0.00176645 0.00872049 0.00176856 0.999961 0.162862 -0.305967 -0.0453475
FixedParameters: 0 0 0

#Transform 37
Transform: AffineTransform_float_3_3
Parameters: 0.999954 -0.000211154 -0.00961488 0.000205846 1 -0.000537004 0.00961511 0.000534994 0.999953 0.177379 -0.334345 -0.156455
FixedParameters: 0 0 0

#Transform 38
Transform: AffineTransform_float_3_3
Parameters: 0.999957 0.000142379 -0.00919141 -0.000166616 0.999997 -0.00267758 0.00919059 0.00267942 0.999954 0.174507 -0.312934 -0.0420414
FixedParameters: 0 0 0

#Transform 39
Transform: AffineTransform_float_3_3
Parameters: 0.999947 0.000191592 -0.0103167 -0.000228404 0.999994 -0.00352783 0.0103153 0.00353016 0.99994 0.207979 -0.355456 -0.161513
FixedParameters: 0 0 0

#Transform 40
Transform: AffineTransform_float_3_3
Parameters: 0.99996 0.000137774 -0.00901257 -0.000170225 0.999993 -0.00368561 0.00901243 0.00368739 0.999952 0.190935 -0.36357 -0.128895
FixedParameters: 0 0 0

#Transform 41
Transform: AffineTransform_float_3_3
Parameters: 0.99996 0.000155749 -0.00901248 -0.000181257 0.999996 -0.00280148 0.00901254 0.00280252 0.999956 0.184945 -0.382964 -0.1004
FixedParameters: 0 0 0

#Transform 42
Transform: AffineTransform_float_3_3
Parameters: 0.99996 0.00032166 -0.00901298 -0.00034834 0.999995 -0.00292098 0.00901202 0.00292402 0.999955 0.180426 -0.397686 -0.118948
FixedParameters: 0 0 0

#Transform 43
Transform: AffineTransform_float_3_3
Parameters: 0.999965 0.000754037 -0.00826666 -0.000771961 0.999998 -0.0021697 0.00826534 0.00217631 0.999964 0.167898 -0.354996 -0.0698453
FixedParameters: 0 0 0

#Transform 44
Transform: AffineTransform_float_3_3
Parameters: 0.999965 0.000661049 -0.00825845 -0.000678945 0.999998 -0.00217047 0.00825654 0.00217653 0.999963 0.164389 -0.403925 -0.0809306
FixedParameters: 0 0 0

#Transform 45
Transform: AffineTransform_float_3_3
Parameters: 0.999966 0.00054486 -0.00830135 -0.000565143 0.999997 -0.00242439 0.00829965 0.0024286 0.999962 0.17051 -0.452172 -0.129462
FixedParameters: 0 0 0

#Transform 46
Transform: AffineTransform_float_3_3
Parameters: 0.999965 0.000637897 -0.00834819 -0.000666107 0.999994 -0.00336456 0.0083458 0.00336944 0.999959 0.154923 -0.458383 -0.186973
FixedParameters: 0 0 0

#Transform 47
Transform: AffineTransform_float_3_3
Parameters: 0.999968 0.000405891 -0.00805042 -0.000433117 0.999994 -0.00336662 0.00804959 0.00336938 0.999962 0.188513 -0.395295 -0.0971032
FixedParameters: 0 0 0

#Transform 48
Transform: AffineTransform_float_3_3
Parameters: 0.999954 -0.000817106 -0.00948338 0.000709893 0.999936 -0.0112912 0.00949262 0.0112848 0.999892 0.258015 -0.361048 -0.277203
FixedParameters: 0 0 0

#Transform 49
Transform: AffineTransform_float_3_3
Parameters: 0.99997 0.000251982 -0.0078294 -0.000318013 0.999965 -0.00843177 0.0078266 0.00843423 0.999934 0.200068 -0.376023 -0.18769
FixedParameters: 0 0 0

#Transform 50
Transform: AffineTransform_float_3_3
Parameters: 0.999969 0.000398591 -0.0077811 -0.000454405 0.999973 -0.00724868 0.00777791 0.00725232 0.999944 0.188882 -0.390743 -0.155907
FixedParameters: 0 0 0

#Transform 51
Transform: AffineTransform_float_3_3
Parameters: 0.999964 0.000460791 -0.00854598 -0.000513208 0.999981 -0.00610784 0.00854303 0.00611216 0.999945 0.189112 -0.404648 -0.150689
FixedParameters: 0 0 0

#Transform 52
Transform: AffineTransform_float_3_3
Parameters: 0.999964 0.000677949 -0.00839171 -0.000734046 0.999978 -0.00667808 0.00838628 0.00668392 0.999942 0.178138 -0.46581 -0.265297
FixedParameters: 0 0 0

#Transform 53
Transform: AffineTransform_float_3_3
Parameters: 0.999962 0.000494152 -0.00878786 -0.000573852 0.999958 -0.00908631 0.00878315 0.00909069 0.99992 0.179909 -0.444577 -0.327251
FixedParameters: 0 0 0

#Transform 54
Transform: AffineTransform_float_3_3
Parameters: 0.999968 0.000536213 -0.00806979 -0.000603792 0.999964 -0.0084004 0.00806522 0.0084046 0.999932 0.166087 -0.443397 -0.251638
FixedParameters: 0 0 0

#Transform 55
Transform: AffineTransform_float_3_3
Parameters: 0.99996 0.000458807 -0.00885827 -0.000518203 0.999977 -0.00668167 0.00885574 0.00668533 0.999939 0.212614 -0.451468 -0.173912
FixedParameters: 0 0 0

#Transform 56
Transform: AffineTransform_float_3_3
Parameters: 0.999958 0.000164673 -0.00917428 -0.000225318 0.999979 -0.00657421 0.00917272 0.00657679 0.999937 0.213563 -0.498659 -0.189375
FixedParameters: 0 0 0

#Transform 57
Transform: AffineTransform_float_3_3
Parameters: 0.999962 0.000110481 -0.00868908 -0.000175516 0.999971 -0.00753975 0.00868792 0.00754124 0.999934 0.21133 -0.446902 -0.164023
FixedParameters: 0 0 0

#Transform 58
Transform: AffineTransform_float_3_3
Parameters: 0.999963 0.000523771 -0.0085631 -0.000587229 0.999972 -0.00738224 0.0085599 0.00738775 0.999936 0.200275 -0.514724 -0.20945
FixedParameters: 0 0 0

#Transform 59
Transform: AffineTransform_float_3_3
Parameters: 0.999962 0.000532328 -0.00861755 -0.000587661 0.999979 -0.00634217 0.00861344 0.00634782 0.999943 0.197441 -0.500588 -0.149298
FixedParameters: 0 0 0

#Transform 60
Transform: AffineTransform_float_3_3
Parameters: 0.999966 0.000538385 -0.00829431 -0.000587622 0.999982 -0.00586033 0.0082917 0.00586467 0.999949 0.208067 -0.51431 -0.136339
FixedParameters: 0 0 0

#Transform 61
Transform: AffineTransform_float_3_3
Parameters: 0.999965 0.000130241 -0.00829185 -0.000176757 0.999985 -0.00551772 0.00829115 0.00551927 0.999951 0.212337 -0.485223 -0.127185
FixedParameters: 0 0 0

#Transform 62
Transform: AffineTransform_float_3_3
Parameters: 0.999968 0.000354736 -0.00807553 -0.000388263 0.999992 -0.004118 0.00807347 0.004121 0.999959 0.208319 -0.503292 -0.111908
FixedParameters: 0 0 0

#Transform 63
Transform: AffineTransform_float_3_3
Parameters: 0.999965 -3.40723e-06 -0.00829106 -3.2406e-05 0.999991 -0.00439088 0.00829093 0.00439112 0.999956 0.205567 -0.533256 -0.177338
FixedParameters: 0 0 0

#Transform 64
Transform: AffineTransform_float_3_3
Parameters: 0.999966 3.34479e-05 -0.00833331 -7.85466e-05 0.999985 -0.00546554 0.0083327 0.00546647 0.999951 0.210158 -0.539647 -0.135138
FixedParameters: 0 0 0

#Transform 65
Transform: AffineTransform_float_3_3
Parameters: 0.999964 -0.000108658 -0.00855851 5.83479e-05 0.999982 -0.00591871 0.0085585 0.00591828 0.999946 0.212271 -0.544633 -0.153761
FixedParameters: 0 0 0

#Transform 66
Transform: AffineTransform_float_3_3
Parameters: 0.999966 -0.000136505 -0.00824525 7.94974e-05 0.999976 -0.00685288 0.00824573 0.0068521 0.999942 0.220994 -0.558219 -0.194523
FixedParameters: 0 0 0

#Transform 67
Transform: AffineTransform_float_3_3
Parameters: 0.999964 -4.86956e-05 -0.00841487 -1.569e-05 0.999971 -0.00768814 0.00841413 0.00768787 0.999935 0.21876 -0.534033 -0.205426
FixedParameters: 0 0 0

#Transform 68
Transform: AffineTransform_float_3_3
Parameters: 0.999963 0.00032656 -0.00867404 -0.000399439 0.999965 -0.00835085 0.00867097 0.00835415 0.999928 0.210455 -0.518173 -0.265546
FixedParameters: 0 0 0

#Transform 69
Transform: AffineTransform_float_3_3
Parameters: 0.999956 0.000152078 -0.00937169 -0.000233927 0.999962 -0.00874119 0.00937031 0.00874281 0.999918 0.225504 -0.552495 -0.294805
FixedParameters: 0 0 0

#Transform 70
Transform: AffineTransform_float_3_3
Parameters: 0.999941 -0.00163709 -0.0107193 0.00157891 0.999984 -0.00542524 0.0107277 0.00540776 0.999928 0.238268 -0.551506 -0.140342
FixedParameters: 0 0 0

#Transform 71
Transform: AffineTransform_float_3_3
Parameters: 0.999932 -0.00211501 -0.0114527 0.002053 0.999983 -0.00542288 0.0114643 0.00539912 0.999919 0.256979 -0.573418 -0.173597
FixedParameters: 0 0 0

#Transform 72
Transform: AffineTransform_float_3_3
Parameters: 0.999933 -0.00200917 -0.0113814 0.00194783 0.999983 -0.00538353 0.0113916 0.00536047 0.99992 0.258865 -0.56591 -0.159502
FixedParameters: 0 0 0

#Transform 73
Transform: AffineTransform_float_3_3
Parameters: 0.999915 -0.00227502 -0.0127914 0.00217398 0.999967 -0.00790648 0.0128086 0.00787753 0.999887 0.260459 -0.575672 -0.268077
FixedParameters: 0 0 0

#Transform 74
Transform: AffineTransform_float_3_3
Parameters: 0.999922 -0.00157411 -0.0123365 0.0014979 0.99998 -0.00617595 0.0123455 0.00615704 0.999905 0.255665 -0.572744 -0.192265
FixedParameters: 0 0 0

#Transform 75
Transform: AffineTransform_float_3_3
Parameters: 0.999951 -0.000486059 -0.00990553 0.000432938 0.999985 -0.00535855 0.00990746 0.00535344 0.999936 0.230574 -0.690183 -0.273565
FixedParameters: 0 0 0

#Transform 76
Transform: AffineTransform_float_3_3
Parameters: 0.99995 -0.000496871 -0.009918 0.000433133 0.999979 -0.00644061 0.00992099 0.00643639 0.99993 0.221882 -0.652446 -0.252446
FixedParameters: 0 0 0

#Transform 77
Transform: AffineTransform_float_3_3
Parameters: 0.999951 -0.000928619 -0.00980318 0.000865382 0.999978 -0.00649179 0.00980881 0.0064832 0.999931 0.215296 -0.643235 -0.217149
FixedParameters: 0 0 0

#Transform 78
Transform: AffineTransform_float_3_3
Parameters: 0.999945 -0.000607267 -0.0104578 0.000531733 0.999974 -0.00729396 0.0104622 0.00728805 0.999918 0.206356 -0.648027 -0.284668
FixedParameters: 0 0 0

#Transform 79
Transform: AffineTransform_float_3_3
Parameters: 0.999941 -0.000517153 -0.0108583 0.000432848 0.99997 -0.00775116 0.0108617 0.00774584 0.999911 0.21322 -0.650292 -0.322634
FixedParameters: 0 0 0

#Transform 80
Transform: AffineTransform_float_3_3
Parameters: 0.999945 -0.000505015 -0.0104858 0.000432984 0.999977 -0.00686892 0.0104892 0.00686409 0.999922 0.203025 -0.648176 -0.290163
FixedParameters: 0 0 0

#Transform 81
Transform: AffineTransform_float_3_3
Parameters: 0.99995 -0.000500864 -0.00996382 0.000433145 0.999976 -0.00681165 0.00996618 0.00680735 0.999927 0.197402 -0.694512 -0.279742
FixedParameters: 0 0 0

#Transform 82
Transform: AffineTransform_float_3_3
Parameters: 0.99994 -0.000932924 -0.0108553 0.000852074 0.999972 -0.00745669 0.0108627 0.00744731 0.999914 0.211092 -0.68704 -0.353167
FixedParameters: 0 0 0

#Transform 83
Transform: AffineTransform_float_3_3
Parameters: 0.999962 -0.000723713 -0.00867 0.000661287 0.999973 -0.00723401 0.00867501 0.00722799 0.999936 0.176571 -0.666372 -0.267812
FixedParameters: 0 0 0

#Transform 84
Transform: AffineTransform_float_3_3
Parameters: 0.99996 -0.000717763 -0.00890376 0.000662243 0.999981 -0.00615114 0.00890825 0.00614585 0.999942 0.195435 -0.71776 -0.274307
FixedParameters: 0 0 0

#Transform 85
Transform: AffineTransform_float_3_3
Parameters: 0.999952 -0.00057312 -0.0097089 0.000498886 0.99997 -0.0076342 0.00971309 0.00762979 0.999923 0.189407 -0.721629 -0.354288
FixedParameters: 0 0 0

#Transform 86
Transform: AffineTransform_float_3_3
Parameters: 0.999959 -0.000555867 -0.00909871 0.000499134 0.999981 -0.0062508 0.0091023 0.0062462 0.999939 0.192394 -0.730683 -0.271323
FixedParameters: 0 0 0

#Transform 87
Transform: AffineTransform_float_3_3
Parameters: 0.999955 -0.0010382 -0.00937294 0.0009818 0.999981 -0.00599847 0.00937905 0.00598953 0.999938 0.202861 -0.710685 -0.271223
FixedParameters: 0 0 0

#Transform 88
Transform: AffineTransform_float_3_3
Parameters: 0.999953 -0.00104422 -0.00963846 0.000981784 0.999978 -0.00645776 0.00964453 0.00644823 0.999932 0.200851 -0.736086 -0.32581
FixedParameters: 0 0 0

#Transform 89
Transform: AffineTransform_float_3_3
Parameters: 0.999949 -0.0010547 -0.0100516 0.000982311 0.999974 -0.00723425 0.0100584 0.00722477 0.999924 0.200398 -0.739619 -0.36959
FixedParameters: 0 0 0

#Transform 90
Transform: AffineTransform_float_3_3
Parameters: 0.999948 -0.000718797 -0.0101946 0.000653206 0.999979 -0.006456 0.0101984 0.00644901 0.999927 0.193327 -0.738173 -0.357814
FixedParameters: 0 0 0

#Transform 91
Transform: AffineTransform_float_3_3
Parameters: 0.999953 -0.000845124 -0.00970704 0.000785878 0.999981 -0.00609292 0.00971197 0.00608508 0.999935 0.194185 -0.746237 -0.30949
FixedParameters: 0 0 0

#Transform 92
Transform: AffineTransform_float_3_3
Parameters: 0.999956 -0.000739189 -0.00929784 0.000684803 0.999983 -0.00583062 0.00930214 0.00582337 0.99994 0.189426 -0.764012 -0.289316
FixedParameters: 0 0 0

#Transform 93
Transform: AffineTransform_float_3_3
Parameters: 0.999954 -0.000745826 -0.00963863 0.000687173 0.999981 -0.00610491 0.00964337 0.00609809 0.999935 0.195616 -0.754967 -0.303419
FixedParameters: 0 0 0

#Transform 94
Transform: AffineTransform_float_3_3
Parameters: 0.999946 -0.00104875 -0.010327 0.000988245 0.999982 -0.00588653 0.010333 0.00587548 0.99993 0.223498 -0.761573 -0.222416
FixedParameters: 0 0 0

#Transform 95
Transform: AffineTransform_float_3_3
Parameters: 0.999948 -0.000794464 -0.0101747 0.000738537 0.999985 -0.0055518 0.0101793 0.0055442 0.999933 0.217159 -0.767733 -0.202729
FixedParameters: 0 0 0

#Transform 96
Transform: AffineTransform_float_3_3
Parameters: 0.999947 -0.000796187 -0.0102687 0.000737818 0.999983 -0.00566888 0.0102723 0.00566112 0.999931 0.218498 -0.778699 -0.222839
FixedParameters: 0 0 0

#Transform 97
Transform: AffineTransform_float_3_3
Parameters: 0.999947 -0.00104837 -0.010264 0.000987626 0.999982 -0.00588545 0.01027 0.00587455 0.99993 0.223094 -0.809855 -0.247663
FixedParameters: 0 0 0

#Transform 98
Transform: AffineTransform_float_3_3
Parameters: 0.999947 -0.000980526 -0.0102613 0.000918471 0.999981 -0.00599874 0.0102677 0.00598925 0.99993 0.216117 -0.825 -0.240011
FixedParameters: 0 0 0

#Transform 99
Transform: AffineTransform_float_3_3
Parameters: 0.999944 -0.00105015 -0.010553 0.00098785 0.999982 -0.00589276 0.010559 0.00588224 0.999927 0.223704 -0.846471 -0.270936
FixedParameters: 0 0 0

#Transform 100
Transform: AffineTransform_float_3_3
Parameters: 0.999945 -0.00125281 -0.010357 0.00120119 0.999987 -0.00491071 0.010363 0.00489829 0.999935 0.223253 -0.83672 -0.165622
FixedParameters: 0 0 0

#Transform 101
Transform: AffineTransform_float_3_3
Parameters: 0.999948 -0.00101313 -0.0101615 0.000987868 0.999997 -0.00247817 0.0101635 0.00246783 0.999946 0.202259 -0.854082 0.00626237
FixedParameters: 0 0 0

#Transform 102
Transform: AffineTransform_float_3_3
Parameters: 0.999962 0.000514597 -0.00863555 -0.000507398 0.999999 0.000882415 0.00863645 -0.000877588 0.999963 0.209079 -0.904338 0.0190599
FixedParameters: 0 0 0

#Transform 103
Transform: AffineTransform_float_3_3
Parameters: 0.999982 0.000880199 -0.00596278 -0.000865806 0.999997 0.00255021 0.00596522 -0.0025458 0.999979 0.0918532 -0.939417 -0.13241
FixedParameters: 0 0 0

#Transform 104
Transform: AffineTransform_float_3_3
Parameters: 0.999971 -0.000654208 -0.00767997 0.000642792 0.999998 -0.00159198 0.00768104 0.00158702 0.999969 0.187127 -0.886349 -0.00499247
FixedParameters: 0 0 0

#Transform 105
Transform: AffineTransform_float_3_3
Parameters: 0.999962 0.000618106 -0.00862929 -0.000635889 0.999997 -0.00207059 0.00862769 0.00207641 0.99996 0.197263 -0.891896 0.0267414
FixedParameters: 0 0 0

#Transform 106
Transform: AffineTransform_float_3_3
Parameters: 0.999961 -3.53809e-05 -0.00882193 -9.37342e-06 0.999987 -0.00514312 0.00882207 0.00514389 0.999948 0.204213 -0.866903 -0.05798
FixedParameters: 0 0 0

#Transform 107
Transform: AffineTransform_float_3_3
Parameters: 0.999963 -8.09126e-06 -0.00861008 -3.80897e-05 0.999985 -0.00535287 0.00860992 0.00535312 0.999948 0.206481 -0.861606 -0.0756925
FixedParameters: 0 0 0

#Transform 108
Transform: AffineTransform_float_3_3
Parameters: 0.999976 0.000307794 -0.00698883 -0.000326202 0.999996 -0.00260378 0.00698718 0.00260621 0.999972 0.203905 -0.874191 0.0462178
FixedParameters: 0 0 0

#Transform 109
Transform: AffineTransform_float_3_3
Parameters: 0.999973 0.000343275 -0.00742279 -0.000360719 0.999998 -0.00225139 0.00742121 0.00225461 0.99997 0.207614 -0.89579 0.0391048
FixedParameters: 0 0 0

#Transform 110
Transform: AffineTransform_float_3_3
Parameters: 0.999974 0.000450061 -0.00711689 -0.000478932 0.999991 -0.00406469 0.00711411 0.00406831 0.999967 0.186844 -0.903804 -0.0641734
FixedParameters: 0 0 0

#Transform 111
Transform: AffineTransform_float_3_3
Parameters: 0.999974 0.00045036 -0.00717386 -0.000478645 0.999992 -0.00399167 0.00717215 0.00399433 0.999967 0.180758 -0.906981 -0.0378124
FixedParameters: 0 0 0

#Transform 112
Transform: AffineTransform_float_3_3
Parameters: 0.999969 0.000260755 -0.00784125 -0.000296243 0.99999 -0.00449382 0.00783975 0.00449618 0.999959 0.202706 -0.920223 -0.0841976
FixedParameters: 0 0 0

#Transform 113
Transform: AffineTransform_float_3_3
Parameters: 0.999967 0.000448353 -0.00802576 -0.000478641 0.999992 -0.00381628 0.00802422 0.00382072 0.99996 0.203092 -0.920286 -0.0596721
FixedParameters: 0 0 0

#Transform 114
Transform: AffineTransform_float_3_3
Parameters: 0.999966 0.000254575 -0.00821814 -0.000289423 0.999991 -0.00418776 0.00821686 0.00419023 0.999957 0.225639 -0.928986 -0.0809795
FixedParameters: 0 0 0

#Transform 115
Transform: AffineTransform_float_3_3
Parameters: 0.999963 0.00015334 -0.00852789 -0.000197656 0.999987 -0.0051185 0.00852709 0.00512049 0.99995 0.225317 -0.91951 -0.0938113
FixedParameters: 0 0 0

#Transform 116
Transform: AffineTransform_float_3_3
Parameters: 0.999963 0.000229625 -0.00852837 -0.000275386 0.999985 -0.00543785 0.00852762 0.00543916 0.999949 0.217622 -0.899871 -0.0768212
FixedParameters: 0 0 0

#Transform 117
Transform: AffineTransform_float_3_3
Parameters: 0.999963 -4.28118e-05 -0.00852689 -8.13876e-07 0.999987 -0.00513818 0.00852711 0.00513782 0.999951 0.219269 -0.928617 -0.0659959
FixedParameters: 0 0 0

#Transform 118
Transform: AffineTransform_float_3_3
Parameters: 0.999963 2.9914e-05 -0.00852727 -7.50807e-05 0.999986 -0.00528655 0.00852672 0.00528745 0.999949 0.219025 -0.926696 -0.0976894
FixedParameters: 0 0 0

#Transform 119
Transform: AffineTransform_float_3_3
Parameters: 0.999955 -0.000861967 -0.00937845 0.000811036 0.999985 -0.00543685 0.00938254 0.00542915 0.999941 0.217471 -0.950669 -0.19097
FixedParameters: 0 0 0

#Transform 120
Transform: AffineTransform_float_3_3
Parameters: 0.999968 -0.00204187 -0.00775766 0.00193414 0.999904 -0.0137585 0.00778433 0.0137426 0.999876 0.258958 -1.00865 -0.337919
FixedParameters: 0 0 0

#Transform 121
Transform: AffineTransform_float_3_3
Parameters: 0.999968 -0.000859618 -0.00804141 0.000754385 0.999914 -0.0131285 0.00805159 0.0131215 0.999881 0.240949 -1.02011 -0.328923
FixedParameters: 0 0 0

#Transform 122
Transform: AffineTransform_float_3_3
Parameters: 0.999932 -0.000821115 -0.011581 0.000778892 0.999993 -0.00372627 0.011584 0.00371774 0.999926 0.23103 -0.976682 -0.034722
FixedParameters: 0 0 0

#Transform 123
Transform: AffineTransform_float_3_3
Parameters: 0.99994 -0.000872174 -0.0109319 0.000831821 0.999993 -0.00367932 0.0109351 0.00366968 0.999934 0.23752 -0.994593 -0.0881528
FixedParameters: 0 0 0

#Transform 124
Transform: AffineTransform_float_3_3
Parameters: 0.999945 -0.000475713 -0.010471 0.000429289 0.99999 -0.00446274 0.010473 0.00445826 0.999935 0.228384 -1.0028 -0.141075
FixedParameters: 0 0 0

#Transform 125
Transform: AffineTransform_float_3_3
Parameters: 0.999958 -0.00190029 -0.00895471 0.0018557 0.999986 -0.00495282 0.00896428 0.00493517 0.999947 0.272404 -1.00678 -0.1853
FixedParameters: 0 0 0

#Transform 126
Transform: AffineTransform_float_3_3
Parameters: 0.999942 -4.4515e-05 -0.010825 -4.75148e-05 0.999964 -0.00854599 0.010825 0.00854602 0.999905 0.233413 -1.18461 -0.42845
FixedParameters: 0 0 0

#Transform 127
Transform: AffineTransform_float_3_3
Parameters: 0.999956 -0.0011954 -0.00936068 0.00116159 0.999992 -0.00368004 0.00936534 0.00366897 0.99995 0.252716 -1.00935 0.103431
FixedParameters: 0 0 0

#Transform 128
Transform: AffineTransform_float_3_3
Parameters: 0.999946 -0.00150346 -0.0103421 0.00146954 0.999994 -0.00333938 0.010347 0.00332363 0.999941 0.241562 -1.03531 0.205845
FixedParameters: 0 0 0

#Transform 129
Transform: AffineTransform_float_3_3
Parameters: 0.999936 -0.00178409 -0.0111108 0.00175791 0.999995 -0.00235768 0.0111151 0.00233832 0.999935 0.256262 -1.07595 0.098591
FixedParameters: 0 0 0

#Transform 130
Transform: AffineTransform_float_3_3
Parameters: 0.999942 -0.0017719 -0.0105567 0.0017571 0.999997 -0.00132563 0.0105593 0.00130736 0.999944 0.252871 -1.06132 0.160961
FixedParameters: 0 0 0

#Transform 131
Transform: AffineTransform_float_3_3
Parameters: 0.999942 -0.00207613 -0.0106388 0.00206987 0.999997 -0.000587055 0.0106402 0.000564943 0.999943 0.258344 -1.07056 0.147183
FixedParameters: 0 0 0

#Transform 132
Transform: AffineTransform_float_3_3
Parameters: 0.999939 -0.00165966 -0.0108695 0.00165034 0.999998 -0.000897992 0.0108705 0.000880012 0.99994 0.261708 -1.10184 0.243282
FixedParameters: 0 0 0

#Transform 133
Transform: AffineTransform_float_3_3
Parameters: 0.999944 -0.00164149 -0.0105066 0.00162651 0.999997 -0.00148317 0.0105084 0.00146583 0.999943 0.258441 -1.12632 0.178299
FixedParameters: 0 0 0

#Transform 134
Transform: AffineTransform_float_3_3
Parameters: 0.999948 -0.00121899 -0.0101692 0.00120402 0.999998 -0.00147932 0.0101708 0.00146768 0.999947 0.247526 -1.10773 0.148235
FixedParameters: 0 0 0

#Transform 135
Transform: AffineTransform_float_3_3
Parameters: 0.999947 -0.0012241 -0.0101626 0.00120389 0.999998 -0.00198434 0.0101644 0.00197166 0.999947 0.259275 -1.09287 0.157323
FixedParameters: 0 0 0

#Transform 136
Transform: AffineTransform_float_3_3
Parameters: 0.999948 -0.00080774 -0.010101 0.000783259 0.999996 -0.00245304 0.0101029 0.00244496 0.999946 0.242025 -1.09566 0.0944875
FixedParameters: 0 0 0

#Transform 137
Transform: AffineTransform_float_3_3
Parameters: 0.999942 -0.000658995 -0.0107319 0.000623006 0.999994 -0.00335688 0.0107341 0.00335012 0.999937 0.244279 -1.09047 0.375393
FixedParameters: 0 0 0

#Transform 138
Transform: AffineTransform_float_3_3
Parameters: 0.999939 -0.00148613 -0.0109948 0.00143187 0.999987 -0.00492905 0.0110022 0.00491295 0.999928 0.25724 -1.04888 0.423972
FixedParameters: 0 0 0

#Transform 139
Transform: AffineTransform_float_3_3
Parameters: 0.99993 -0.00191867 -0.0116205 0.00189132 0.999996 -0.00239214 0.0116255 0.00236986 0.999929 0.263032 -1.13449 0.37486
FixedParameters: 0 0 0

#Transform 140
Transform: AffineTransform_float_3_3
Parameters: 0.999939 -0.00137916 -0.0109152 0.00135683 0.999997 -0.00203793 0.0109178 0.00202207 0.999939 0.247286 -1.11821 0.244477
FixedParameters: 0 0 0

#Transform 141
Transform: AffineTransform_float_3_3
Parameters: 0.999932 -0.00052163 -0.0116117 0.000515369 0.999999 -0.000574023 0.0116123 0.000567981 0.999933 0.242917 -1.07423 0.604098
FixedParameters: 0 0 0

#Transform 142
Transform: AffineTransform_float_3_3
Parameters: 0.999942 -0.00106178 -0.0107253 0.00104423 0.999998 -0.0016623 0.0107277 0.00165171 0.999941 0.247261 -1.11151 0.451399
FixedParameters: 0 0 0

#Transform 143
Transform: AffineTransform_float_3_3
Parameters: 0.999947 -0.00092727 -0.0101931 0.000894733 0.999994 -0.00316928 0.0101969 0.00316071 0.999943 0.229559 -1.12446 0.272939
FixedParameters: 0 0 0

#Transform 144
Transform: AffineTransform_float_3_3
Parameters: 0.999946 -0.00106427 -0.0103392 0.00104673 0.999998 -0.00167591 0.0103408 0.00166508 0.999945 0.248071 -1.0833 0.370089
FixedParameters: 0 0 0

#Transform 145
Transform: AffineTransform_float_3_3
Parameters: 0.999944 -0.000854137 -0.010567 0.000841863 0.999999 -0.00115296 0.010568 0.00114404 0.999943 0.230325 -1.14312 0.342068
FixedParameters: 0 0 0

#Transform 146
Transform: AffineTransform_float_3_3
Parameters: 0.999967 -0.000925681 -0.00800138 0.000929314 0.999999 0.000410577 0.00800161 -0.00041842 0.999968 0.214398 -1.14266 0.404493
FixedParameters: 0 0 0

#Transform 147
Transform: AffineTransform_float_3_3
Parameters: 0.999963 -0.00112827 -0.0085433 0.00115373 0.999995 0.00289025 0.0085407 -0.00289975 0.99996 0.219488 -1.14859 0.424438
FixedParameters: 0 0 0

#Transform 148
Transform: AffineTransform_float_3_3
Parameters: 0.999959 -0.00321791 -0.00838057 0.00322208 0.999994 0.000474016 0.00837843 -0.000500981 0.999965 0.194669 -1.16977 0.298059
FixedParameters: 0 0 0

#Transform 149
Transform: AffineTransform_float_3_3
Parameters: 0.999953 -0.00165721 -0.00954053 0.00166579 0.999998 0.000913151 0.00953947 -0.000928853 0.999954 0.241039 -1.18312 0.401777
FixedParameters: 0 0 0

#Transform 150
Transform: AffineTransform_float_3_3
Parameters: 0.999955 -0.00143164 -0.00944291 0.00143135 0.999999 -7.55196e-05 0.00944311 6.14837e-05 0.999956 0.226109 -1.1974 0.350616
FixedParameters: 0 0 0

#Transform 151
Transform: AffineTransform_float_3_3
Parameters: 0.999957 -0.00125933 -0.00912813 0.00125268 0.999999 -0.000698464 0.00912987 0.000687532 0.999958 0.205473 -1.26039 0.205268
FixedParameters: 0 0 0

#Transform 152
Transform: AffineTransform_float_3_3
Parameters: 0.99996 -0.0024479 -0.00859803 0.0023731 0.999959 -0.00871076 0.00861898 0.00869025 0.999925 0.269218 -1.30744 -0.00319056
FixedParameters: 0 0 0

#Transform 153
Transform: AffineTransform_float_3_3
Parameters: 0.999942 -0.00128608 -0.0107588 0.0010839 0.999824 -0.0187688 0.0107812 0.0187552 0.999766 0.263237 -1.35289 -0.0813855
FixedParameters: 0 0 0

#Transform 154
Transform: AffineTransform_float_3_3
Parameters: 0.999946 -0.00102322 -0.0104017 0.000852777 0.999866 -0.0163558 0.0104173 0.0163462 0.999812 0.271049 -1.33155 -0.031866
FixedParameters: 0 0 0

#Transform 155
Transform: AffineTransform_float_3_3
Parameters: 0.999933 -0.0020676 -0.0113235 0.00188738 0.999871 -0.0159374 0.0113555 0.0159146 0.999809 0.289977 -1.37118 0.04829
FixedParameters: 0 0 0
