#Insight Transform File V1.0
#Transform 0
Transform: AffineTransform_float_3_3
Parameters: 1 -0.000315486 0.000321524 0.000315513 0.999999 0.0015101 -0.000322477 -0.0015099 0.999999 0.0306464 0.113684 0.0976438
FixedParameters: 0 0 0

#Transform 1
Transform: AffineTransform_float_3_3
Parameters: 0.999999 0.000355 0.000621571 -0.000356 0.999998 0.00160878 -0.000621427 -0.00160922 0.999998 0.0285174 0.0832684 0.161555
FixedParameters: 0 0 0

#Transform 2
Transform: AffineTransform_float_3_3
Parameters: 1 5.52336e-05 0.000621069 -5.67663e-05 0.999999 0.00123397 -0.00062093 -0.00123403 0.999999 0.0128533 0.0779086 0.082144
FixedParameters: 0 0 0

#Transform 3
Transform: AffineTransform_float_3_3
Parameters: 0.999999 0.000210585 0.000785381 -0.000211416 0.999999 0.00180184 -0.00078562 -0.00180217 0.999998 0.0079773 0.113316 0.0928447
FixedParameters: 0 0 0

#Transform 4
Transform: AffineTransform_float_3_3
Parameters: 1 0.00010986 0.000621203 -0.000111139 0.999999 0.00183493 -0.000620797 -0.00183507 0.999998 0.0123067 0.0977506 0.0206447
FixedParameters: 0 0 0

#Transform 5
Transform: AffineTransform_float_3_3
Parameters: 1 -5.15186e-05 0.000198866 5.1481e-05 0.999996 0.00260701 -0.000199135 -0.00260699 0.999996 0.018179 0.137362 0.0781697
FixedParameters: 0 0 0

#Transform 6
Transform: AffineTransform_float_3_3
Parameters: 1 -5.40626e-05 -0.000488993 5.39374e-05 1 -0.000128026 0.000489007 0.000127974 1 0.00889192 0.125022 0.00814658
FixedParameters: 0 0 0

#Transform 7
Transform: AffineTransform_float_3_3
Parameters: 1 -0.000564823 -0.000157637 0.000565178 0.999999 0.00112791 0.000157363 -0.00112809 1 0.0309355 0.0913074 0.0169028
FixedParameters: 0 0 0

#Transform 8
Transform: AffineTransform_float_3_3
Parameters: 1 -0.000242961 -4.8199e-05 0.000243039 0.999999 0.000818988 4.78009e-05 -0.000819011 0.999999 0.0306866 0.068824 0.0174897
FixedParameters: 0 0 0

#Transform 9
Transform: AffineTransform_float_3_3
Parameters: 1 5.887e-05 0.000238032 -5.91299e-05 1 0.000545986 -0.000237968 -0.000546014 1 0.0195822 0.043352 0.078365
FixedParameters: 0 0 0

#Transform 10
Transform: AffineTransform_float_3_3
Parameters: 1 6.2805e-05 0.000238051 -6.31949e-05 0.999999 0.000818984 -0.000237948 -0.000819014 0.999999 0.0154744 0.0501891 0.033131
FixedParameters: 0 0 0

#Transform 11
Transform: AffineTransform_float_3_3
Parameters: 1 -0.000182254 0.000151696 0.000181746 0.999998 0.00167003 -0.000152304 -0.00166997 0.999998 0.0178051 0.0681664 0.0181549
FixedParameters: 0 0 0

#Transform 12
Transform: AffineTransform_float_3_3
Parameters: 1 -2.71924e-05 0.000247979 2.68075e-05 0.999999 0.000776006 -0.000248021 -0.000775993 0.999999 0.0056949 0.0583342 0.0399171
FixedParameters: 0 0 0

#Transform 13
Transform: AffineTransform_float_3_3
Parameters: 1 -2.70508e-05 0.000218994 2.69492e-05 1 0.000232006 -0.000219006 -0.000231994 1 0.00725551 0.0363902 0.0421137
FixedParameters: 0 0 0

#Transform 14
Transform: AffineTransform_float_3_3
Parameters: 1 -2.70681e-05 0.000143987 2.69319e-05 1 0.000473004 -0.000144013 -0.000472996 1 0.000333423 0.0335086 0.0732886
FixedParameters: 0 0 0

#Transform 15
Transform: AffineTransform_float_3_3
Parameters: 1 0.000184848 8.83193e-05 -0.000185153 0.999998 0.00172698 -8.86803e-05 -0.00172701 0.999998 0.00640619 0.069006 0.124384
FixedParameters: 0 0 0

#Transform 16
Transform: AffineTransform_float_3_3
Parameters: 1 -2.67969e-05 -0.000143038 2.6203e-05 0.999999 0.00142 0.000142963 -0.00142 0.999999 0.0104397 0.068536 0.114318
FixedParameters: 0 0 0

#Transform 17
Transform: AffineTransform_float_3_3
Parameters: 1 5.29856e-05 6.50118e-05 -5.30144e-05 1 0.000221997 -6.49882e-05 -0.000222003 1 -9.72626e-05 0.0247434 0.0454062
FixedParameters: 0 0 0

#Transform 18
Transform: AffineTransform_float_3_3
Parameters: 1 -2.69964e-05 4.10023e-05 2.70036e-05 1 -8.69989e-05 -4.09977e-05 8.70011e-05 1 0.0104968 0.0143857 0.109805
FixedParameters: 0 0 0

#Transform 19
Transform: AffineTransform_float_3_3
Parameters: 1 -2.69991e-05 4.10006e-05 2.70009e-05 1 -2.09989e-05 -4.09994e-05 2.10011e-05 1 0.00178786 0.00341055 0.0798099
FixedParameters: 0 0 0

#Transform 20
Transform: AffineTransform_float_3_3
Parameters: 1 4.0008e-05 -3.59911e-05 -3.9992e-05 1 0.000222001 3.60089e-05 -0.000221999 1 -0.00626712 0.00646592 0.0327432
FixedParameters: 0 0 0

#Transform 21
Transform: AffineTransform_float_3_3
Parameters: 1 0.000151991 4.10337e-05 -0.000152009 1 0.000221994 -4.09663e-05 -0.000222006 1 -0.00654999 0.0141779 0.0427998
FixedParameters: 0 0 0

#Transform 22
Transform: AffineTransform_float_3_3
Parameters: 1 0.00056001 -4.58757e-05 -0.00055999 1 0.000222026 4.61243e-05 -0.000221974 1 -0.000358886 0.042786 0.100974
FixedParameters: 0 0 0

#Transform 23
Transform: AffineTransform_float_3_3
Parameters: 1 0.00038015 -0.000301811 -0.00037985 1 0.000496115 0.000302188 -0.000495885 1 -0.0203694 0.0242704 0.0322774
FixedParameters: 0 0 0

#Transform 24
Transform: AffineTransform_float_3_3
Parameters: 1 0.000565052 -0.000107728 -0.000564948 0.999999 0.000482061 0.000107272 -0.000481939 1 -0.0223995 0.0391346 0.0594935
FixedParameters: 0 0 0

#Transform 25
Transform: AffineTransform_float_3_3
Parameters: 0.999999 0.000809035 -0.000100717 -0.000808964 0.999999 0.000350081 0.000100283 -0.000349919 1 -0.0269454 0.0350851 0.0570653
FixedParameters: 0 0 0

#Transform 26
Transform: AffineTransform_float_3_3
Parameters: 1 0.000640976 -0.000212072 -0.000641024 1 -0.000112864 0.000211927 0.000113136 1 -0.0239224 0.0124443 0.108559
FixedParameters: 0 0 0

#Transform 27
Transform: AffineTransform_float_3_3
Parameters: 1 0.000907281 -0.000351862 -0.000907721 0.999998 -0.00205068 0.00035014 0.00205032 0.999998 -0.02345 -0.0156382 0.0243959
FixedParameters: 0 0 0

#Transform 28
Transform: AffineTransform_float_3_3
Parameters: 0.999999 0.000952516 -0.000199322 -0.000952481 0.999996 -0.00243681 0.00019668 0.00243619 0.999997 -0.0245492 -0.0206168 0.00551408
FixedParameters: 0 0 0

#Transform 29
Transform: AffineTransform_float_3_3
Parameters: 1 0.00102115 -0.000401167 -0.00102185 0.999997 -0.00212059 0.000398833 0.00212141 0.999997 -0.0181438 -0.0402968 -0.0162087
FixedParameters: 0 0 0

#Transform 30
Transform: AffineTransform_float_3_3
Parameters: 0.999999 0.00092643 -0.000358477 -0.000926569 0.999999 -0.00159367 0.000356524 0.00159333 0.999998 -0.0151471 -0.0218268 -0.0211073
FixedParameters: 0 0 0

#Transform 31
Transform: AffineTransform_float_3_3
Parameters: 1 0.000763222 0.000808632 -0.000765776 0.999994 0.00344138 -0.00080537 -0.00344162 0.999994 -0.0271583 -0.0299353 0.256015
FixedParameters: 0 0 0

#Transform 32
Transform: AffineTransform_float_3_3
Parameters: 1 0.000531702 0.000220718 -0.000532297 0.999999 0.00135088 -0.000219281 -0.00135112 0.999999 -0.0201387 -0.00234853 0.180234
FixedParameters: 0 0 0

#Transform 33
Transform: AffineTransform_float_3_3
Parameters: 0.999999 0.000880049 -6.63514e-05 -0.000879951 1 0.000737059 6.66485e-05 -0.000736942 0.999999 -0.0214332 -0.00195038 0.143554
FixedParameters: 0 0 0

#Transform 34
Transform: AffineTransform_float_3_3
Parameters: 0.999999 0.000849085 -0.000114372 -0.000848915 1 0.000740097 0.000114628 -0.000739903 0.999999 -0.0265395 0.00491238 0.146485
FixedParameters: 0 0 0

#Transform 35
Transform: AffineTransform_float_3_3
Parameters: 1 0.000902854 -0.000469282 -0.000903146 0.999999 -0.000311576 0.000468719 0.000311423 1 -0.0183566 -0.0203543 0.102902
FixedParameters: 0 0 0

#Transform 36
Transform: AffineTransform_float_3_3
Parameters: 1 0.00107793 -0.000299238 -0.00107807 1 -0.000220678 0.000298762 0.000221322 1 -0.0216678 -0.00149147 0.0879806
FixedParameters: 0 0 0

#Transform 37
Transform: AffineTransform_float_3_3
Parameters: 0.999999 0.0013008 -0.000685379 -0.0013012 0.999999 -0.000291108 0.000684621 0.000291891 0.999999 -0.0256937 -0.0129732 0.110227
FixedParameters: 0 0 0

#Transform 38
Transform: AffineTransform_float_3_3
Parameters: 1 0.00107186 -0.000376405 -0.00107214 1 -0.000377597 0.000376596 0.000377404 1 -0.0214988 -0.0097688 0.0986961
FixedParameters: 0 0 0

#Transform 39
Transform: AffineTransform_float_3_3
Parameters: 1 0.00103843 -0.000238512 -0.00103957 0.999996 -0.00241775 0.000235487 0.00241824 0.999997 -0.0309595 -0.0772852 0.0361221
FixedParameters: 0 0 0

#Transform 40
Transform: AffineTransform_float_3_3
Parameters: 0.999999 0.00141252 -0.000221057 -0.00141247 0.999996 -0.00216369 0.000217944 0.00216431 0.999997 -0.027928 -0.0568399 0.0212877
FixedParameters: 0 0 0

#Transform 41
Transform: AffineTransform_float_3_3
Parameters: 0.999999 0.00132968 -0.000402055 -0.00133032 0.999999 -0.000793465 0.000400945 0.000793533 0.999999 -0.0261843 -0.051832 0.152148
FixedParameters: 0 0 0

#Transform 42
Transform: AffineTransform_float_3_3
Parameters: 0.999999 0.00131756 -0.000565376 -0.00131844 0.999996 -0.00256026 0.000561626 0.00256074 0.999997 -0.0259877 -0.0772573 0.0603827
FixedParameters: 0 0 0

#Transform 43
Transform: AffineTransform_float_3_3
Parameters: 1 0.00105383 -0.000370493 -0.00105417 1 -0.00046761 0.000369508 0.00046739 1 -0.0210591 -0.0234023 0.154176
FixedParameters: 0 0 0

#Transform 44
Transform: AffineTransform_float_3_3
Parameters: 0.999999 0.00085498 0.000392873 -0.000854018 0.999996 -0.00248934 -0.000395126 0.00248866 0.999997 -0.0501183 -0.0937643 0.0234855
FixedParameters: 0 0 0

#Transform 45
Transform: AffineTransform_float_3_3
Parameters: 0.999999 0.000911324 0.000144974 -0.000911675 0.999997 -0.00222313 -0.000147028 0.00222387 0.999997 -0.0476586 -0.080509 0.0172415
FixedParameters: 0 0 0

#Transform 46
Transform: AffineTransform_float_3_3
Parameters: 0.999999 0.00133343 -0.000208698 -0.00133457 0.999996 -0.00277273 0.0002053 0.00277328 0.999996 -0.0480271 -0.0930468 0.0295265
FixedParameters: 0 0 0

#Transform 47
Transform: AffineTransform_float_3_3
Parameters: 0.999999 0.00134152 -0.000207122 -0.00134148 0.999997 -0.00232673 0.000204879 0.00232728 0.999998 -0.0386084 -0.0841386 0.0289399
FixedParameters: 0 0 0

#Transform 48
Transform: AffineTransform_float_3_3
Parameters: 0.999999 0.00136262 -0.000186791 -0.00136338 0.999997 -0.00204775 0.000183208 0.00204825 0.999998 -0.0369676 -0.0939535 0.029932
FixedParameters: 0 0 0

#Transform 49
Transform: AffineTransform_float_3_3
Parameters: 0.999999 0.00140293 -0.000397258 -0.00140207 0.999999 -0.000183443 0.000396743 0.000183557 1 -0.0378205 -0.0656298 0.0966758
FixedParameters: 0 0 0

#Transform 50
Transform: AffineTransform_float_3_3
Parameters: 0.999999 0.00128001 -0.000250967 -0.00127999 0.999999 2.63213e-05 0.000251033 -2.56787e-05 1 -0.036473 -0.0600014 0.103829
FixedParameters: 0 0 0

#Transform 51
Transform: AffineTransform_float_3_3
Parameters: 0.999998 0.00157277 -0.000469753 -0.00157222 0.999998 -0.000478262 0.000469246 0.000479738 1 -0.0398551 -0.0573951 0.0833965
FixedParameters: 0 0 0

#Transform 52
Transform: AffineTransform_float_3_3
Parameters: 0.999998 0.0015608 -0.000547567 -0.0015612 0.999998 -0.000363145 0.000547432 0.000363855 1 -0.0395908 -0.0805065 0.0930258
FixedParameters: 0 0 0

#Transform 53
Transform: AffineTransform_float_3_3
Parameters: 0.999998 0.00173375 -0.000211072 -0.00173425 0.999998 -0.00119464 0.000208927 0.00119536 1 -0.0614153 -0.101788 0.148886
FixedParameters: 0 0 0

#Transform 54
Transform: AffineTransform_float_3_3
Parameters: 0.999998 0.00173317 -0.000883622 -0.00173483 0.999998 -0.000934469 0.000881377 0.00093653 0.999999 -0.0608077 -0.0814617 0.203162
FixedParameters: 0 0 0

#Transform 55
Transform: AffineTransform_float_3_3
Parameters: 0.999998 0.00173323 -0.00104628 -0.00173477 0.999998 -0.000735187 0.00104572 0.000736814 0.999999 -0.0434912 -0.0781725 0.175422
FixedParameters: 0 0 0

#Transform 56
Transform: AffineTransform_float_3_3
Parameters: 0.999998 0.00216246 -0.000712692 -0.00216354 0.999996 -0.00216846 0.000708309 0.00216954 0.999997 -0.0405729 -0.126974 0.204238
FixedParameters: 0 0 0

#Transform 57
Transform: AffineTransform_float_3_3
Parameters: 0.999997 0.00232221 -0.00131688 -0.0023218 0.999997 0.00091606 0.00131912 -0.00091294 0.999998 -0.0463509 -0.0582552 0.337215
FixedParameters: 0 0 0

#Transform 58
Transform: AffineTransform_float_3_3
Parameters: 0.999998 0.00222319 -0.000738438 -0.00222381 0.999997 -0.00109536 0.000736562 0.00109764 0.999999 -0.0727186 -0.111204 0.17601
FixedParameters: 0 0 0

#Transform 59
Transform: AffineTransform_float_3_3
Parameters: 0.999998 0.00190118 -0.000413795 -0.00190282 0.999996 -0.00199522 0.000410204 0.00199578 0.999998 -0.0612832 -0.128191 0.12479
FixedParameters: 0 0 0

#Transform 60
Transform: AffineTransform_float_3_3
Parameters: 0.999997 0.00212921 -0.000442798 -0.00212979 0.999996 -0.00178306 0.000439202 0.00178394 0.999999 -0.0661987 -0.0899636 0.156415
FixedParameters: 0 0 0

#Transform 61
Transform: AffineTransform_float_3_3
Parameters: 0.999998 0.00230664 -0.000375451 -0.00230736 0.99999 -0.00366214 0.000367552 0.00366286 0.999993 -0.0693874 -0.10631 0.0813657
FixedParameters: 0 0 0

#Transform 62
Transform: AffineTransform_float_3_3
Parameters: 0.999997 0.00226786 -0.000657436 -0.00226914 0.999992 -0.00327652 0.000650566 0.00327849 0.999995 -0.0686658 -0.122691 0.100275
FixedParameters: 0 0 0

#Transform 63
Transform: AffineTransform_float_3_3
Parameters: 0.999997 0.00223462 -0.000945643 -0.00223638 0.999995 -0.00252289 0.000939358 0.00252511 0.999996 -0.0569961 -0.0832239 0.165311
FixedParameters: 0 0 0

#Transform 64
Transform: AffineTransform_float_3_3
Parameters: 0.999994 0.00297098 -0.00129558 -0.00297602 0.999988 -0.00389316 0.00128442 0.00389683 0.999991 -0.0648741 -0.181795 0.0819544
FixedParameters: 0 0 0

#Transform 65
Transform: AffineTransform_float_3_3
Parameters: 0.999996 0.00267652 -0.00105577 -0.00267749 0.999996 -0.00140718 0.00105223 0.00140982 0.999999 -0.0541662 -0.139692 0.189045
FixedParameters: 0 0 0

#Transform 66
Transform: AffineTransform_float_3_3
Parameters: 0.999995 0.00293931 -0.00112443 -0.00294069 0.999994 -0.0015037 0.00112057 0.0015073 0.999998 -0.0591641 -0.159963 0.18308
FixedParameters: 0 0 0

#Transform 67
Transform: AffineTransform_float_3_3
Parameters: 0.999995 0.00315422 -0.00112501 -0.00315578 0.999994 -0.00158546 0.00111999 0.00158854 0.999998 -0.0630633 -0.184351 0.237145
FixedParameters: 0 0 0

#Transform 68
Transform: AffineTransform_float_3_3
Parameters: 0.999995 0.00315194 -0.00113911 -0.00315706 0.999985 -0.00447043 0.00112489 0.00447357 0.99999 -0.0723981 -0.216874 0.120051
FixedParameters: 0 0 0

#Transform 69
Transform: AffineTransform_float_3_3
Parameters: 0.999994 0.00310672 -0.00116013 -0.00310928 0.999993 -0.0019704 0.00115387 0.0019736 0.999998 -0.0621555 -0.184966 0.143526
FixedParameters: 0 0 0

#Transform 70
Transform: AffineTransform_float_3_3
Parameters: 0.999996 0.00277268 -0.000777319 -0.00277532 0.999991 -0.00299785 0.00076968 0.00300015 0.999995 -0.0832984 -0.212092 0.0231431
FixedParameters: 0 0 0

#Transform 71
Transform: AffineTransform_float_3_3
Parameters: 0.999996 0.00265419 -0.000987028 -0.00265881 0.999985 -0.0049024 0.000973975 0.00490461 0.999988 -0.0765482 -0.197453 0.0574469
FixedParameters: 0 0 0

#Transform 72
Transform: AffineTransform_float_3_3
Parameters: 0.999996 0.00260712 -0.00112602 -0.00261087 0.99999 -0.00345407 0.00111699 0.00345693 0.999994 -0.0718921 -0.154351 0.128195
FixedParameters: 0 0 0

#Transform 73
Transform: AffineTransform_float_3_3
Parameters: 0.999995 0.00293653 -0.00120647 -0.00294047 0.999992 -0.00288147 0.00119753 0.00288553 0.999995 -0.0754895 -0.133106 0.130895
FixedParameters: 0 0 0

#Transform 74
Transform: AffineTransform_float_3_3
Parameters: 0.999993 0.00309715 -0.00176576 -0.00310084 0.999993 -0.00217954 0.00175924 0.00218446 0.999996 -0.0757018 -0.141713 0.145516
FixedParameters: 0 0 0

#Transform 75
Transform: AffineTransform_float_3_3
Parameters: 0.999996 0.00248575 -0.00129717 -0.00249025 0.999992 -0.00328378 0.00128882 0.00328722 0.999994 -0.0733475 -0.17307 0.0986842
FixedParameters: 0 0 0

#Transform 76
Transform: AffineTransform_float_3_3
Parameters: 0.999996 0.00278693 -0.00128804 -0.00279208 0.999989 -0.00395442 0.00127696 0.00395858 0.999992 -0.0788585 -0.222791 0.112537
FixedParameters: 0 0 0

#Transform 77
Transform: AffineTransform_float_3_3
Parameters: 0.999995 0.00288898 -0.00135985 -0.00289501 0.999986 -0.00444109 0.00134615 0.00444591 0.999989 -0.064681 -0.239228 0.0931517
FixedParameters: 0 0 0

#Transform 78
Transform: AffineTransform_float_3_3
Parameters: 0.999994 0.00298751 -0.00127395 -0.00299349 0.999986 -0.00432821 0.00126105 0.00433179 0.99999 -0.0825595 -0.25905 0.0869914
FixedParameters: 0 0 0

#Transform 79
Transform: AffineTransform_float_3_3
Parameters: 0.999994 0.00312911 -0.00182143 -0.00313389 0.999992 -0.00268831 0.00181257 0.00269369 0.999994 -0.0851752 -0.307804 0.156798
FixedParameters: 0 0 0

#Transform 80
Transform: AffineTransform_float_3_3
Parameters: 0.999994 0.00298159 -0.00140213 -0.00298441 0.999994 -0.00171782 0.00139687 0.00172217 0.999997 -0.0742258 -0.308197 0.251786
FixedParameters: 0 0 0

#Transform 81
Transform: AffineTransform_float_3_3
Parameters: 0.999992 0.00364855 -0.00123624 -0.00365045 0.999992 -0.0019825 0.00122876 0.0019865 0.999998 -0.0731955 -0.258358 0.209615
FixedParameters: 0 0 0

#Transform 82
Transform: AffineTransform_float_3_3
Parameters: 0.999992 0.00352867 -0.0015685 -0.00353232 0.999992 -0.00212248 0.00156049 0.00212852 0.999996 -0.0708998 -0.250585 0.215759
FixedParameters: 0 0 0

#Transform 83
Transform: AffineTransform_float_3_3
Parameters: 0.999993 0.00339299 -0.00188163 -0.00339501 0.999993 -0.00106662 0.00187737 0.00107338 0.999997 -0.067727 -0.220912 0.228665
FixedParameters: 0 0 0

#Transform 84
Transform: AffineTransform_float_3_3
Parameters: 0.999991 0.00353957 -0.00207443 -0.00354042 0.999993 -0.000682661 0.00207157 0.000690338 0.999997 -0.0783189 -0.218529 0.195267
FixedParameters: 0 0 0

#Transform 85
Transform: AffineTransform_float_3_3
Parameters: 0.999991 0.00396122 -0.00165028 -0.00396278 0.999991 -0.00107747 0.00164572 0.00108453 0.999998 -0.0785719 -0.236594 0.251058
FixedParameters: 0 0 0

#Transform 86
Transform: AffineTransform_float_3_3
Parameters: 0.999991 0.00415114 -0.00147808 -0.00415487 0.99999 -0.00194188 0.00146992 0.00194812 0.999997 -0.082147 -0.256879 0.185627
FixedParameters: 0 0 0

#Transform 87
Transform: AffineTransform_float_3_3
Parameters: 0.999991 0.00377608 -0.00180831 -0.00378092 0.999989 -0.00272419 0.00179769 0.00273081 0.999994 -0.075398 -0.285173 0.177781
FixedParameters: 0 0 0

#Transform 88
Transform: AffineTransform_float_3_3
Parameters: 0.999992 0.00365283 -0.00170726 -0.00365917 0.999986 -0.00362478 0.00169473 0.00363122 0.999992 -0.0734055 -0.337303 0.112979
FixedParameters: 0 0 0

#Transform 89
Transform: AffineTransform_float_3_3
Parameters: 0.999991 0.00376577 -0.00182599 -0.00377223 0.999985 -0.00397415 0.00181101 0.00398086 0.999991 -0.0665515 -0.340601 0.154443
FixedParameters: 0 0 0

#Transform 90
Transform: AffineTransform_float_3_3
Parameters: 0.999992 0.0037533 -0.00180284 -0.00375771 0.99999 -0.00261525 0.00179317 0.00262175 0.999995 -0.07493 -0.301593 0.152434
FixedParameters: 0 0 0

#Transform 91
Transform: AffineTransform_float_3_3
Parameters: 0.999989 0.00449798 -0.00116474 -0.00450102 0.999987 -0.00260579 0.00115226 0.00261121 0.999996 -0.0930419 -0.293811 0.264368
FixedParameters: 0 0 0

#Transform 92
Transform: AffineTransform_float_3_3
Parameters: 0.999988 0.00487907 -0.00119646 -0.00488494 0.999976 -0.00500822 0.00117254 0.00501379 0.999986 -0.0866732 -0.342869 0.16316
FixedParameters: 0 0 0

#Transform 93
Transform: AffineTransform_float_3_3
Parameters: 0.999986 0.00498145 -0.00146347 -0.00498754 0.999978 -0.00450376 0.00144053 0.00451124 0.999989 -0.0907441 -0.353159 0.104689
FixedParameters: 0 0 0

#Transform 94
Transform: AffineTransform_float_3_3
Parameters: 0.999989 0.00454774 -0.00157816 -0.00455426 0.999981 -0.00398786 0.00155983 0.00399514 0.999991 -0.0880152 -0.309756 0.141393
FixedParameters: 0 0 0

#Transform 95
Transform: AffineTransform_float_3_3
Parameters: 0.99999 0.00434269 -0.0014856 -0.00434932 0.999982 -0.00427558 0.00146741 0.00428142 0.99999 -0.0773491 -0.332105 0.145249
FixedParameters: 0 0 0

#Transform 96
Transform: AffineTransform_float_3_3
Parameters: 0.999988 0.00458305 -0.00160203 -0.00458995 0.99998 -0.0043627 0.00158197 0.0043703 0.999989 -0.0818509 -0.346614 0.177155
FixedParameters: 0 0 0

#Transform 97
Transform: AffineTransform_float_3_3
Parameters: 0.999991 0.00397925 -0.00191212 -0.00398575 0.999986 -0.00354041 0.00189788 0.00354859 0.999992 -0.0784075 -0.38334 0.209342
FixedParameters: 0 0 0

#Transform 98
Transform: AffineTransform_float_3_3
Parameters: 0.999989 0.00415687 -0.00219854 -0.00416413 0.999986 -0.00324888 0.00218546 0.00325812 0.999993 -0.0743158 -0.429549 0.179395
FixedParameters: 0 0 0

#Transform 99
Transform: AffineTransform_float_3_3
Parameters: 0.999991 0.00400795 -0.00179084 -0.00401105 0.999991 -0.00170283 0.00178416 0.00171017 0.999997 -0.0875397 -0.346153 0.261581
FixedParameters: 0 0 0

#Transform 100
Transform: AffineTransform_float_3_3
Parameters: 0.99999 0.00420577 -0.00161008 -0.00420922 0.999987 -0.00263025 0.00159892 0.00263675 0.999995 -0.091599 -0.36519 0.244761
FixedParameters: 0 0 0

#Transform 101
Transform: AffineTransform_float_3_3
Parameters: 0.999992 0.00373361 -0.00180348 -0.0037424 0.999982 -0.00467229 0.00178652 0.00467871 0.999988 -0.0832424 -0.501505 0.091333
FixedParameters: 0 0 0

#Transform 102
Transform: AffineTransform_float_3_3
Parameters: 0.999999 0.00114703 0.00047819 -0.00114997 0.999979 0.00625946 -0.000470811 -0.00625955 0.999981 -0.0641033 -0.553148 0.578131
FixedParameters: 0 0 0

#Transform 103
Transform: AffineTransform_float_3_3
Parameters: 0.999997 0.00252297 6.52562e-05 -0.00252303 0.999996 0.000497837 -6.47433e-05 -0.000498165 1 -0.0845344 -0.503489 0.316883
FixedParameters: 0 0 0

#Transform 104
Transform: AffineTransform_float_3_3
Parameters: 0.999995 0.00293416 -0.000547531 -0.00293484 0.999994 -0.0015434 0.000542469 0.0015446 0.999998 -0.0919465 -0.485367 0.241434
FixedParameters: 0 0 0

#Transform 105
Transform: AffineTransform_float_3_3
Parameters: 0.999998 0.00205487 -6.16564e-05 -0.00205513 0.999996 -0.00226588 5.63452e-05 0.00226512 0.999998 -0.0762745 -0.576869 0.392475
FixedParameters: 0 0 0

#Transform 106
Transform: AffineTransform_float_3_3
Parameters: 0.999993 0.00308948 -0.0017291 -0.00309452 0.999992 -0.00261667 0.0017209 0.00262133 0.999995 -0.0949191 -0.471257 0.58022
FixedParameters: 0 0 0

#Transform 107
Transform: AffineTransform_float_3_3
Parameters: 0.999986 0.00477913 -0.00195594 -0.00478387 0.999986 -0.00249268 0.00194406 0.00250233 0.999995 -0.116966 -0.435723 0.530822
FixedParameters: 0 0 0

#Transform 108
Transform: AffineTransform_float_3_3
Parameters: 0.999986 0.00515808 -0.0016394 -0.00516193 0.999984 -0.00239857 0.0016276 0.00240643 0.999996 -0.1324 -0.41128 0.517256
FixedParameters: 0 0 0

#Transform 109
Transform: AffineTransform_float_3_3
Parameters: 0.999988 0.00461813 -0.00176975 -0.00462286 0.999985 -0.00275585 0.00175625 0.00276414 0.999994 -0.129503 -0.446435 0.361174
FixedParameters: 0 0 0

#Transform 110
Transform: AffineTransform_float_3_3
Parameters: 0.999989 0.0045258 -0.0013274 -0.0045302 0.999984 -0.00317802 0.0013126 0.00318398 0.999994 -0.138553 -0.475871 0.309625
FixedParameters: 0 0 0

#Transform 111
Transform: AffineTransform_float_3_3
Parameters: 0.999987 0.00488947 -0.00134263 -0.00489354 0.999983 -0.00339548 0.00132638 0.00340153 0.999994 -0.145232 -0.482354 0.305727
FixedParameters: 0 0 0

#Transform 112
Transform: AffineTransform_float_3_3
Parameters: 0.999989 0.00469486 -0.00108016 -0.00469914 0.999982 -0.00386297 0.00106184 0.00386803 0.999992 -0.145254 -0.496302 0.250388
FixedParameters: 0 0 0

#Transform 113
Transform: AffineTransform_float_3_3
Parameters: 0.999988 0.00463107 -0.00164478 -0.00463792 0.999982 -0.00361641 0.00162722 0.00362358 0.999992 -0.140332 -0.464929 0.244416
FixedParameters: 0 0 0

#Transform 114
Transform: AffineTransform_float_3_3
Parameters: 0.999987 0.00491814 -0.00137182 -0.00492486 0.999975 -0.00504031 0.00134717 0.00504769 0.999987 -0.127027 -0.487722 0.143349
FixedParameters: 0 0 0

#Transform 115
Transform: AffineTransform_float_3_3
Parameters: 0.999986 0.00514454 -0.00124502 -0.00515146 0.999973 -0.00524666 0.00121798 0.00525234 0.999985 -0.14395 -0.449695 0.145541
FixedParameters: 0 0 0

#Transform 116
Transform: AffineTransform_float_3_3
Parameters: 0.999984 0.00542844 -0.00108694 -0.00543156 0.99998 -0.00330015 0.00106907 0.00330585 0.999994 -0.148118 -0.472105 0.419919
FixedParameters: 0 0 0

#Transform 117
Transform: AffineTransform_float_3_3
Parameters: 0.999983 0.00542723 -0.00177563 -0.00543176 0.999981 -0.0026894 0.00176137 0.0026996 0.999995 -0.114656 -0.514153 0.248017
FixedParameters: 0 0 0

#Transform 118
Transform: AffineTransform_float_3_3
Parameters: 0.999983 0.00542624 -0.00181728 -0.00543176 0.99998 -0.00317818 0.00179972 0.00318782 0.999994 -0.140952 -0.514269 0.291854
FixedParameters: 0 0 0

#Transform 119
Transform: AffineTransform_float_3_3
Parameters: 0.999984 0.00542612 -0.00188503 -0.00543189 0.999981 -0.00313081 0.00186798 0.00314119 0.999994 -0.142895 -0.518104 0.361155
FixedParameters: 0 0 0

#Transform 120
Transform: AffineTransform_float_3_3
Parameters: 0.999984 0.00533454 -0.00150153 -0.00533946 0.999979 -0.00365604 0.00148247 0.00366397 0.999992 -0.155984 -0.537705 0.288649
FixedParameters: 0 0 0

#Transform 121
Transform: AffineTransform_float_3_3
Parameters: 0.999982 0.00568107 -0.0016174 -0.00568593 0.999979 -0.00305686 0.0016006 0.00306515 0.999994 -0.151653 -0.497237 0.330306
FixedParameters: 0 0 0

#Transform 122
Transform: AffineTransform_float_3_3
Parameters: 0.999987 0.00492891 -0.00174431 -0.00493509 0.999981 -0.00350544 0.00172669 0.00351456 0.999993 -0.126851 -0.547827 0.279521
FixedParameters: 0 0 0

#Transform 123
Transform: AffineTransform_float_3_3
Parameters: 0.999986 0.00445812 -0.00291156 -0.00446488 0.999987 -0.00236103 0.00290143 0.00237497 0.999993 -0.0708302 -0.544739 0.33296
FixedParameters: 0 0 0

#Transform 124
Transform: AffineTransform_float_3_3
Parameters: 0.999984 0.00492047 -0.00278215 -0.00492853 0.999983 -0.00306834 0.00276685 0.00308267 0.999992 -0.0967141 -0.549375 0.273746
FixedParameters: 0 0 0

#Transform 125
Transform: AffineTransform_float_3_3
Parameters: 0.999984 0.00497992 -0.00274553 -0.00498808 0.999982 -0.00331036 0.00272846 0.00332464 0.999991 -0.100599 -0.573295 0.34496
FixedParameters: 0 0 0

#Transform 126
Transform: AffineTransform_float_3_3
Parameters: 0.999984 0.00499943 -0.00265481 -0.00501157 0.999976 -0.00475077 0.00263019 0.00476323 0.999985 -0.0958251 -0.625259 0.263779
FixedParameters: 0 0 0

#Transform 127
Transform: AffineTransform_float_3_3
Parameters: 0.999986 0.00456998 -0.00273215 -0.00457902 0.999984 -0.00330554 0.00271685 0.00331746 0.999991 -0.0738884 -0.599522 0.337642
FixedParameters: 0 0 0
