#Insight Transform File V1.0
#Transform 0
Transform: AffineTransform_float_3_3
Parameters: 0.999999 0.000470212 0.000836443 -0.000471788 1 0.000942606 -0.000835556 -0.000942394 0.999999 -0.117477 0.0703486 0.0331309
FixedParameters: 0 0 0

#Transform 1
Transform: AffineTransform_float_3_3
Parameters: 1 -3.89761e-05 0.000102009 3.90239e-05 1 -0.000233996 -0.000101991 0.000234004 1 -0.0902429 0.108912 0.0849293
FixedParameters: 0 0 0

#Transform 2
Transform: AffineTransform_float_3_3
Parameters: 1 -0.000358069 0.000293917 0.000358931 1 0.000233105 -0.000294084 -0.000233895 1 -0.0851835 0.124519 0.107926
FixedParameters: 0 0 0

#Transform 3
Transform: AffineTransform_float_3_3
Parameters: 1 0.000130895 0.000520026 -0.000131105 1 0.000201932 -0.000519973 -0.000202068 1 -0.0945097 0.152416 0.110888
FixedParameters: 0 0 0

#Transform 4
Transform: AffineTransform_float_3_3
Parameters: 1 0.000322967 5.41964e-05 -0.000323033 1 0.000607982 -5.48036e-05 -0.000608017 1 -0.0701253 0.141906 0.123728
FixedParameters: 0 0 0

#Transform 5
Transform: AffineTransform_float_3_3
Parameters: 0.999999 0.000705216 -0.000242372 -0.000704783 1 0.000890171 0.000243627 -0.000889828 0.999999 -0.090062 0.152213 0.129702
FixedParameters: 0 0 0

#Transform 6
Transform: AffineTransform_float_3_3
Parameters: 1 0.000543918 -0.000139318 -0.000544081 0.999999 -0.000583924 0.000139682 0.000584076 1 -0.0832634 0.108602 -0.0333227
FixedParameters: 0 0 0

#Transform 7
Transform: AffineTransform_float_3_3
Parameters: 1 0.000328572 -0.000438572 -0.000327428 0.999999 0.00130314 0.000439427 -0.00130286 0.999999 -0.0607341 0.116723 0.162295
FixedParameters: 0 0 0

#Transform 8
Transform: AffineTransform_float_3_3
Parameters: 1 0.000328584 -0.000476598 -0.000327416 0.999999 0.00122416 0.000477401 -0.00122384 0.999999 -0.0572943 0.0711731 0.0762701
FixedParameters: 0 0 0

#Transform 9
Transform: AffineTransform_float_3_3
Parameters: 1 -7.07276e-05 -0.000139139 7.12722e-05 0.999998 0.00195899 0.000138861 -0.00195901 0.999998 -0.0511202 0.0582568 0.113784
FixedParameters: 0 0 0

#Transform 10
Transform: AffineTransform_float_3_3
Parameters: 1 -0.00017719 0.000211841 0.000176809 0.999999 0.000899037 -0.000212159 -0.000898962 0.999999 -0.0520618 0.0317172 0.013708
FixedParameters: 0 0 0

#Transform 11
Transform: AffineTransform_float_3_3
Parameters: 0.999999 0.000816913 0.000315223 -0.000817086 0.999999 0.000272742 -0.000315777 -0.000273258 1 -0.0878666 0.0243577 0.0923935
FixedParameters: 0 0 0

#Transform 12
Transform: AffineTransform_float_3_3
Parameters: 1 0.00027798 0.000212026 -0.00027802 1 9.29411e-05 -0.000211974 -9.30589e-05 1 -0.0538146 0.0337407 0.079966
FixedParameters: 0 0 0

#Transform 13
Transform: AffineTransform_float_3_3
Parameters: 1 0.000379062 -0.000215891 -0.000378938 1 0.000287082 0.000216109 -0.000287918 1 -0.0503723 0.0492098 0.139725
FixedParameters: 0 0 0

#Transform 14
Transform: AffineTransform_float_3_3
Parameters: 1 0.000268171 0.000440896 -0.000267829 1 -0.000388118 -0.000441104 0.000387882 1 -0.0396588 0.0207879 0.0731402
FixedParameters: 0 0 0

#Transform 15
Transform: AffineTransform_float_3_3
Parameters: 0.999999 0.000353146 0.000888941 -0.000352853 1 -0.000165314 -0.000889057 0.000164686 0.999999 -0.0399425 0.00691466 0.149729
FixedParameters: 0 0 0

#Transform 16
Transform: AffineTransform_float_3_3
Parameters: 1 -0.000326 -1.41484e-07 0.000326 1 0.000434 -1.41484e-07 -0.000434 1 -0.0183964 0.0372713 0.0962751
FixedParameters: 0 0 0

#Transform 17
Transform: AffineTransform_float_3_3
Parameters: 1 -9.92504e-05 0.000505951 9.87495e-05 1 0.00049505 -0.000506049 -0.00049495 0.999999 -0.010864 0.0105771 0.0262257
FixedParameters: 0 0 0

#Transform 18
Transform: AffineTransform_float_3_3
Parameters: 1 4.49513e-05 0.000234009 -4.50487e-05 1 0.000207989 -0.000233991 -0.000208011 1 -0.0113593 0.0203623 0.0417594
FixedParameters: 0 0 0

#Transform 19
Transform: AffineTransform_float_3_3
Parameters: 1 -7.56858e-05 -0.000279085 7.63141e-05 1 0.00112598 0.000278914 -0.00112602 1 -0.00437823 0.0739043 0.150578
FixedParameters: 0 0 0

#Transform 20
Transform: AffineTransform_float_3_3
Parameters: 1 0.000124898 0.000270047 -0.000125102 1 0.000376966 -0.000269953 -0.000377034 1 -0.0132324 0.021489 0.00585384
FixedParameters: 0 0 0

#Transform 21
Transform: AffineTransform_float_3_3
Parameters: 1 0.000246978 -3.91368e-05 -0.000247022 1 -0.00055399 3.88631e-05 0.000554009 1 -0.0299089 -0.0395782 -0.0988882
FixedParameters: 0 0 0

#Transform 22
Transform: AffineTransform_float_3_3
Parameters: 1 -4.6017e-05 -0.000154995 4.59829e-05 1 -0.000110007 0.000155005 0.000109993 1 -0.00610186 -0.0334907 -0.0603405
FixedParameters: 0 0 0

#Transform 23
Transform: AffineTransform_float_3_3
Parameters: 1 -0.000401163 -0.000168613 0.000400838 1 -0.000964068 0.000168386 0.000963933 0.999999 0.00142799 -0.0594704 -0.09539
FixedParameters: 0 0 0

#Transform 24
Transform: AffineTransform_float_3_3
Parameters: 1 -3.72649e-05 -0.000168942 3.6735e-05 0.999999 -0.00156801 0.000169058 0.00156799 0.999999 0.0137768 -0.0282302 -0.0370576
FixedParameters: 0 0 0

#Transform 25
Transform: AffineTransform_float_3_3
Parameters: 0.999999 -0.000459787 -0.000608406 0.000459213 0.999999 -0.00129328 0.000608594 0.00129272 0.999999 0.0450517 -0.0463003 -0.0938327
FixedParameters: 0 0 0

#Transform 26
Transform: AffineTransform_float_3_3
Parameters: 1 0.000689912 -0.000100605 -0.000690088 1 -0.000876931 9.93947e-05 0.000877069 0.999999 -0.0120545 -0.0195248 -0.0724995
FixedParameters: 0 0 0

#Transform 27
Transform: AffineTransform_float_3_3
Parameters: 1 0.000218964 -7.1111e-05 -0.000219036 1 -0.000506984 7.08889e-05 0.000507015 1 -0.0123569 -0.0216575 -0.0586597
FixedParameters: 0 0 0

#Transform 28
Transform: AffineTransform_float_3_3
Parameters: 1 0.000448962 -9.81733e-05 -0.000448038 1 -0.000385956 9.7827e-05 0.000386044 1 -0.0247418 -0.080418 -0.118914
FixedParameters: 0 0 0

#Transform 29
Transform: AffineTransform_float_3_3
Parameters: 1 0.000285984 -0.00011204 -0.000286016 1 -0.000140968 0.00011196 0.000141032 1 -0.0143623 -0.072322 -0.09727
FixedParameters: 0 0 0

#Transform 30
Transform: AffineTransform_float_3_3
Parameters: 1 0.000286052 4.06359e-05 -0.000285949 0.999999 -0.00127301 -4.0364e-05 0.00127299 0.999999 -0.00188295 -0.0797985 -0.153009
FixedParameters: 0 0 0

#Transform 31
Transform: AffineTransform_float_3_3
Parameters: 1 0.000235017 1.06402e-05 -0.000234983 0.999999 -0.001531 -1.13598e-05 0.001531 0.999999 0.0299816 -0.096073 -0.217564
FixedParameters: 0 0 0

#Transform 32
Transform: AffineTransform_float_3_3
Parameters: 1 0.000198555 -0.000445199 -0.000198445 0.999999 -0.000999912 0.000444802 0.00100009 1 0.0260721 -0.0851853 -0.212206
FixedParameters: 0 0 0

#Transform 33
Transform: AffineTransform_float_3_3
Parameters: 1 -0.000190058 -0.000420974 0.000189942 1 -0.00013708 0.000421026 0.00013692 1 0.0560385 -0.104025 -0.146944
FixedParameters: 0 0 0

#Transform 34
Transform: AffineTransform_float_3_3
Parameters: 0.999999 0.000492305 0.00073819 -0.000500703 0.999945 0.0104606 -0.000733802 -0.0104604 0.999945 -0.0563176 0.230772 1.35992
FixedParameters: 0 0 0

#Transform 35
Transform: AffineTransform_float_3_3
Parameters: 0.999999 0.000699763 0.00127578 -0.000703234 0.999996 0.0025381 -0.00127322 -0.00253889 0.999996 -0.0314499 0.0782062 0.497325
FixedParameters: 0 0 0

#Transform 36
Transform: AffineTransform_float_3_3
Parameters: 0.999999 0.000716061 0.00108062 -0.00071694 1 0.000869226 -0.00108038 -0.000869775 0.999999 -0.0126358 -0.0113155 0.241755
FixedParameters: 0 0 0

#Transform 37
Transform: AffineTransform_float_3_3
Parameters: 1 0.000727978 0.000783951 -0.000729023 0.999999 0.00130543 -0.000783049 -0.00130557 0.999999 -0.0145487 -0.0145869 0.239585
FixedParameters: 0 0 0

#Transform 38
Transform: AffineTransform_float_3_3
Parameters: 1 0.000417645 0.000450329 -0.000418355 0.999999 0.000787811 -0.00045067 -0.000788188 0.999999 0.0026767 0.00615726 0.229733
FixedParameters: 0 0 0

#Transform 39
Transform: AffineTransform_float_3_3
Parameters: 1 0.000607726 0.000819204 -0.000607274 1 0.000334502 -0.000818797 -0.000335498 0.999999 0.00146744 -0.0180588 0.213058
FixedParameters: 0 0 0

#Transform 40
Transform: AffineTransform_float_3_3
Parameters: 0.999999 0.0011364 0.000819831 -0.0011366 0.999999 0.000730069 -0.00081917 -0.000730932 1 -0.0187327 -0.0187112 0.270816
FixedParameters: 0 0 0

#Transform 41
Transform: AffineTransform_float_3_3
Parameters: 0.999999 0.00108184 0.000876192 -0.00108216 1 0.000177052 -0.000875808 -0.000177948 0.999999 -0.0235259 -0.0473054 0.257205
FixedParameters: 0 0 0

#Transform 42
Transform: AffineTransform_float_3_3
Parameters: 0.999999 0.00114916 0.000705733 -0.00114884 1 -0.000232811 -0.000706267 0.000232189 0.999999 -0.0150768 -0.108044 0.175241
FixedParameters: 0 0 0

#Transform 43
Transform: AffineTransform_float_3_3
Parameters: 0.999999 0.000792851 -9.13074e-05 -0.000793151 0.999999 -0.00164893 9.06921e-05 0.00164907 0.999998 0.0380655 -0.174678 0.0423702
FixedParameters: 0 0 0

#Transform 44
Transform: AffineTransform_float_3_3
Parameters: 1 0.000326524 0.00023728 -0.000325477 0.999998 -0.00220508 -0.000237718 0.00220492 0.999997 0.0372572 -0.149752 -0.0271734
FixedParameters: 0 0 0

#Transform 45
Transform: AffineTransform_float_3_3
Parameters: 0.999999 0.000632418 0.000684692 -0.000631581 0.999997 -0.00206943 -0.000686308 0.00206957 0.999997 0.0178981 -0.141284 0.00541021
FixedParameters: 0 0 0

#Transform 46
Transform: AffineTransform_float_3_3
Parameters: 0.999999 0.00105416 0.000977674 -0.00105184 0.999997 -0.00220903 -0.000980325 0.00220797 0.999997 -0.0023728 -0.161062 0.0207323
FixedParameters: 0 0 0

#Transform 47
Transform: AffineTransform_float_3_3
Parameters: 0.999999 0.00132541 0.00106478 -0.0013216 0.999994 -0.00319141 -0.00106922 0.00319059 0.999995 -0.0311481 -0.19786 0.00748141
FixedParameters: 0 0 0

#Transform 48
Transform: AffineTransform_float_3_3
Parameters: 0.999999 0.00135317 0.000539071 -0.00135183 0.999996 -0.00216573 -0.000541927 0.00216427 0.999997 -0.0262699 -0.156131 0.0232117
FixedParameters: 0 0 0

#Transform 49
Transform: AffineTransform_float_3_3
Parameters: 0.999998 0.000561147 0.00151637 -0.000553849 0.999989 -0.00470984 -0.00151962 0.00470915 0.999988 -0.0485694 -0.0803405 0.171485
FixedParameters: 0 0 0

#Transform 50
Transform: AffineTransform_float_3_3
Parameters: 0.999997 0.000726305 0.0020181 -0.000720697 0.999997 -0.00262746 -0.0020199 0.00262654 0.999994 -0.0445443 -0.0429842 0.309027
FixedParameters: 0 0 0

#Transform 51
Transform: AffineTransform_float_3_3
Parameters: 0.999999 0.00112779 0.0014543 -0.00112321 0.999994 -0.00329264 -0.00145771 0.00329136 0.999993 -0.0355324 -0.177209 0.0749208
FixedParameters: 0 0 0

#Transform 52
Transform: AffineTransform_float_3_3
Parameters: 0.999998 0.000929148 0.00171222 -0.000923853 0.999995 -0.00300459 -0.00171478 0.00300341 0.999994 -0.0170822 -0.203481 0.208307
FixedParameters: 0 0 0

#Transform 53
Transform: AffineTransform_float_3_3
Parameters: 0.999999 1.64225e-05 0.00124496 -1.35774e-05 0.999996 -0.00274902 -0.00124504 0.00274898 0.999996 0.0124559 -0.158928 0.263645
FixedParameters: 0 0 0

#Transform 54
Transform: AffineTransform_float_3_3
Parameters: 0.999998 0.000354505 0.00168064 -0.000348495 0.999993 -0.00386859 -0.00168236 0.00386841 0.999991 -0.00562703 -0.197646 0.154355
FixedParameters: 0 0 0

#Transform 55
Transform: AffineTransform_float_3_3
Parameters: 1 -4.63209e-05 0.0011722 5.16782e-05 0.999992 -0.00399194 -0.0011718 0.00399206 0.999992 0.0197344 -0.164733 0.169756
FixedParameters: 0 0 0

#Transform 56
Transform: AffineTransform_float_3_3
Parameters: 0.999999 0.000510541 0.00147243 -0.00050646 0.999995 -0.00308275 -0.00147357 0.00308225 0.999994 0.00230088 -0.10497 0.284138
FixedParameters: 0 0 0

#Transform 57
Transform: AffineTransform_float_3_3
Parameters: 0.999998 0.000520624 0.00191448 -0.000514377 0.999995 -0.00293699 -0.00191552 0.00293601 0.999994 0.0314799 -0.190139 0.206713
FixedParameters: 0 0 0

#Transform 58
Transform: AffineTransform_float_3_3
Parameters: 0.999999 0.000662146 0.001693 -0.000656855 0.999995 -0.00303812 -0.001695 0.00303688 0.999994 -0.00311672 -0.214118 0.163385
FixedParameters: 0 0 0

#Transform 59
Transform: AffineTransform_float_3_3
Parameters: 0.999997 0.000809322 0.00200366 -0.000800681 0.999991 -0.00415062 -0.00200634 0.00414939 0.99999 0.0107911 -0.247272 0.0255808
FixedParameters: 0 0 0

#Transform 60
Transform: AffineTransform_float_3_3
Parameters: 0.999997 0.000789088 0.00231392 -0.000779912 0.999992 -0.00392581 -0.00231708 0.00392418 0.999989 0.00363878 -0.227061 -0.0010347
FixedParameters: 0 0 0

#Transform 61
Transform: AffineTransform_float_3_3
Parameters: 0.999998 0.00104173 0.00206462 -0.00103527 0.999994 -0.00325815 -0.00206838 0.00325585 0.999992 0.0229931 -0.217627 0.0367151
FixedParameters: 0 0 0

#Transform 62
Transform: AffineTransform_float_3_3
Parameters: 0.999998 0.00100335 0.00185658 -0.000997648 0.999993 -0.00341786 -0.00186042 0.00341514 0.999993 0.0210747 -0.287496 -0.00095049
FixedParameters: 0 0 0

#Transform 63
Transform: AffineTransform_float_3_3
Parameters: 0.999998 0.000931007 0.00151633 -0.000924994 0.999991 -0.00395741 -0.00151967 0.00395659 0.999991 0.0260311 -0.314095 0.0232712
FixedParameters: 0 0 0

#Transform 64
Transform: AffineTransform_float_3_3
Parameters: 0.999999 0.000468195 0.00150208 -0.000461804 0.999992 -0.0041227 -0.00150392 0.0041213 0.999991 0.0431937 -0.31951 -0.068741
FixedParameters: 0 0 0

#Transform 65
Transform: AffineTransform_float_3_3
Parameters: 0.999998 0.000712489 0.00177261 -0.000703514 0.999989 -0.00478526 -0.00177539 0.00478375 0.999987 0.0409792 -0.335273 -0.110862
FixedParameters: 0 0 0

#Transform 66
Transform: AffineTransform_float_3_3
Parameters: 0.999999 0.000595255 0.00138633 -0.000588742 0.999989 -0.00450782 -0.00138967 0.00450718 0.999989 0.0455469 -0.360022 -0.101761
FixedParameters: 0 0 0

#Transform 67
Transform: AffineTransform_float_3_3
Parameters: 0.999998 0.00159739 0.00123808 -0.00159162 0.99999 -0.00433798 -0.00124491 0.00433602 0.99999 -0.0148433 -0.268047 0.0845808
FixedParameters: 0 0 0

#Transform 68
Transform: AffineTransform_float_3_3
Parameters: 0.999998 0.00114481 0.00117637 -0.00113919 0.999987 -0.00492835 -0.00118163 0.00492766 0.999987 -0.00944947 -0.283324 0.0532967
FixedParameters: 0 0 0

#Transform 69
Transform: AffineTransform_float_3_3
Parameters: 0.999999 0.00105746 0.000988254 -0.00105355 0.99999 -0.00449805 -0.000992749 0.00449696 0.99999 0.000744509 -0.322003 0.0570751
FixedParameters: 0 0 0

#Transform 70
Transform: AffineTransform_float_3_3
Parameters: 0.999998 0.00077867 0.00138082 -0.000773333 0.999992 -0.00410207 -0.00138318 0.00410093 0.99999 0.0309622 -0.368885 -0.0552616
FixedParameters: 0 0 0

#Transform 71
Transform: AffineTransform_float_3_3
Parameters: 0.999999 0.00045591 0.00139776 -0.000449089 0.999987 -0.00493963 -0.00140024 0.00493936 0.999987 0.038837 -0.42789 -0.174037
FixedParameters: 0 0 0

#Transform 72
Transform: AffineTransform_float_3_3
Parameters: 0.999999 0.000917483 0.00108037 -0.000912513 0.999987 -0.00506499 -0.00108563 0.00506401 0.999986 0.0323617 -0.343692 -0.0499747
FixedParameters: 0 0 0

#Transform 73
Transform: AffineTransform_float_3_3
Parameters: 0.999999 0.000886537 0.00102108 -0.000882464 0.99999 -0.0044349 -0.00102492 0.00443409 0.999989 0.0295724 -0.309783 0.0317745
FixedParameters: 0 0 0

#Transform 74
Transform: AffineTransform_float_3_3
Parameters: 0.999999 0.000749046 0.00116678 -0.000743954 0.999991 -0.00431887 -0.00117022 0.00431813 0.99999 0.0138847 -0.397419 -0.0628049
FixedParameters: 0 0 0

#Transform 75
Transform: AffineTransform_float_3_3
Parameters: 0.999999 0.00063355 0.001167 -0.00062845 0.999988 -0.00474974 -0.00117 0.00474926 0.999988 0.0209977 -0.415361 -0.110116
FixedParameters: 0 0 0

#Transform 76
Transform: AffineTransform_float_3_3
Parameters: 0.999999 0.000579199 0.00116744 -0.000573799 0.99999 -0.00444868 -0.00117056 0.00444833 0.99999 0.0144968 -0.419707 -0.085782
FixedParameters: 0 0 0

#Transform 77
Transform: AffineTransform_float_3_3
Parameters: 0.999998 0.00133337 0.00108623 -0.00132663 0.999982 -0.00584545 -0.00109377 0.00584355 0.999983 0.0142552 -0.447829 -0.151829
FixedParameters: 0 0 0

#Transform 78
Transform: AffineTransform_float_3_3
Parameters: 0.999999 0.000926826 0.00151965 -0.000918178 0.999983 -0.0057984 -0.00152435 0.0057966 0.999982 0.0426656 -0.423017 -0.14528
FixedParameters: 0 0 0

#Transform 79
Transform: AffineTransform_float_3_3
Parameters: 0.999999 0.000809808 0.000987264 -0.000804193 0.999982 -0.0058698 -0.000991737 0.0058682 0.999983 0.04487 -0.404078 -0.132382
FixedParameters: 0 0 0

#Transform 80
Transform: AffineTransform_float_3_3
Parameters: 0.999999 0.000723803 0.00124708 -0.000716197 0.999985 -0.0054469 -0.00125092 0.0054461 0.999985 0.0528418 -0.426294 -0.0948577
FixedParameters: 0 0 0

#Transform 81
Transform: AffineTransform_float_3_3
Parameters: 0.999998 0.000871982 0.00137861 -0.00086502 0.999987 -0.0050572 -0.00138239 0.0050558 0.999987 0.0278762 -0.449952 -0.0976336
FixedParameters: 0 0 0

#Transform 82
Transform: AffineTransform_float_3_3
Parameters: 0.999999 0.000274571 0.00120252 -0.000268433 0.999985 -0.00546033 -0.00120348 0.00546068 0.999985 0.0415266 -0.492123 -0.21466
FixedParameters: 0 0 0

#Transform 83
Transform: AffineTransform_float_3_3
Parameters: 0.999999 0.00015354 0.00147013 -0.000144461 0.999983 -0.00580722 -0.00147086 0.00580678 0.999982 0.0575293 -0.515954 -0.266867
FixedParameters: 0 0 0

#Transform 84
Transform: AffineTransform_float_3_3
Parameters: 0.999999 0.000718251 0.00159531 -0.000709747 0.999987 -0.00516614 -0.00159969 0.00516486 0.999986 0.0193856 -0.470749 -0.199011
FixedParameters: 0 0 0

#Transform 85
Transform: AffineTransform_float_3_3
Parameters: 0.999999 0.000685701 0.00112114 -0.0006803 0.999991 -0.00418776 -0.00112386 0.00418723 0.99999 0.00542709 -0.457909 0.0192331
FixedParameters: 0 0 0

#Transform 86
Transform: AffineTransform_float_3_3
Parameters: 0.999999 0.000397931 0.00138302 -0.00039107 0.999988 -0.00500755 -0.00138498 0.00500745 0.999986 0.0430837 -0.557553 -0.229487
FixedParameters: 0 0 0

#Transform 87
Transform: AffineTransform_float_3_3
Parameters: 0.999998 0.0005372 0.00179669 -0.000525799 0.999981 -0.00622796 -0.00180031 0.00622705 0.999979 0.0686486 -0.609839 -0.385356
FixedParameters: 0 0 0

#Transform 88
Transform: AffineTransform_float_3_3
Parameters: 0.999999 0.000241326 0.00146265 -0.000233677 0.999984 -0.00569035 -0.00146335 0.00568965 0.999982 0.0710307 -0.553172 -0.312703
FixedParameters: 0 0 0

#Transform 89
Transform: AffineTransform_float_3_3
Parameters: 0.999999 0.000690573 0.00118419 -0.000683429 0.999985 -0.00554182 -0.00118781 0.00554119 0.999984 0.0520315 -0.525685 -0.211684
FixedParameters: 0 0 0

#Transform 90
Transform: AffineTransform_float_3_3
Parameters: 1 0.000289579 0.00105722 -0.000283422 0.99998 -0.0062183 -0.00105878 0.0062177 0.99998 0.0370324 -0.553065 -0.225355
FixedParameters: 0 0 0

#Transform 91
Transform: AffineTransform_float_3_3
Parameters: 0.999999 0.000531929 0.00172968 -0.000521067 0.99998 -0.00631391 -0.00173332 0.00631209 0.999978 0.0646432 -0.614173 -0.299586
FixedParameters: 0 0 0

#Transform 92
Transform: AffineTransform_float_3_3
Parameters: 0.999999 0.000431274 0.0014109 -0.000420726 0.999974 -0.00727361 -0.0014141 0.00727341 0.999973 0.0844195 -0.588187 -0.308892
FixedParameters: 0 0 0

#Transform 93
Transform: AffineTransform_float_3_3
Parameters: 0.999999 0.000782287 0.00102925 -0.00077571 0.999981 -0.0060938 -0.00103475 0.0060932 0.999981 0.0784347 -0.557936 -0.198152
FixedParameters: 0 0 0

#Transform 94
Transform: AffineTransform_float_3_3
Parameters: 0.999999 0.000529513 0.000789993 -0.000524486 0.999983 -0.00570242 -0.000793003 0.00570158 0.999984 0.0617219 -0.602139 -0.27376
FixedParameters: 0 0 0

#Transform 95
Transform: AffineTransform_float_3_3
Parameters: 0.999998 0.000634708 0.00151898 -0.000624292 0.99998 -0.00638296 -0.00152301 0.00638204 0.999978 0.0553076 -0.654517 -0.334076
FixedParameters: 0 0 0

#Transform 96
Transform: AffineTransform_float_3_3
Parameters: 1 0.000251577 0.00109529 -0.000243418 0.999976 -0.00691227 -0.00109771 0.00691173 0.999975 0.0731204 -0.656746 -0.386601
FixedParameters: 0 0 0

#Transform 97
Transform: AffineTransform_float_3_3
Parameters: 0.999999 0.000216115 0.00135858 -0.000206881 0.999977 -0.00670628 -0.00136042 0.00670571 0.999976 0.0630757 -0.647008 -0.367159
FixedParameters: 0 0 0

#Transform 98
Transform: AffineTransform_float_3_3
Parameters: 0.999997 0.00114082 0.00205477 -0.00114419 0.999998 0.00154965 -0.00205323 -0.00155135 0.999996 -0.0173534 -0.578896 0.339856
FixedParameters: 0 0 0

#Transform 99
Transform: AffineTransform_float_3_3
Parameters: 0.999999 0.000529623 0.000774212 -0.000527378 0.999994 -0.00338341 -0.000775789 0.00338359 0.999994 0.039731 -0.676594 -0.118473
FixedParameters: 0 0 0

#Transform 100
Transform: AffineTransform_float_3_3
Parameters: 0.999999 0.000123864 0.00137431 -0.000116139 0.999983 -0.00572016 -0.00137469 0.00572083 0.999982 0.0611747 -0.665557 -0.244317
FixedParameters: 0 0 0

#Transform 101
Transform: AffineTransform_float_3_3
Parameters: 0.999999 0.00112698 0.00134803 -0.00112102 0.999989 -0.00442752 -0.00135298 0.00442548 0.99999 0.0594964 -0.607873 -0.149646
FixedParameters: 0 0 0

#Transform 102
Transform: AffineTransform_float_3_3
Parameters: 0.999999 0.000738334 0.00134955 -0.000731668 0.999988 -0.00468799 -0.00135244 0.00468701 0.999988 0.0545743 -0.619788 -0.0288947
FixedParameters: 0 0 0

#Transform 103
Transform: AffineTransform_float_3_3
Parameters: 0.999999 0.000234591 0.00135154 -0.000225412 0.99998 -0.00635331 -0.00135246 0.00635269 0.999979 0.079599 -0.69407 -0.23759
FixedParameters: 0 0 0

#Transform 104
Transform: AffineTransform_float_3_3
Parameters: 0.999997 -0.0021367 0.000537532 0.00214231 0.999947 -0.0100639 -0.000516465 0.0100651 0.999949 0.183124 -0.660497 -0.284575
FixedParameters: 0 0 0

#Transform 105
Transform: AffineTransform_float_3_3
Parameters: 0.999999 -0.0016551 0.00077671 0.00166191 0.999969 -0.00766473 -0.000764283 0.00766628 0.999971 0.157727 -0.685992 -0.259141
FixedParameters: 0 0 0

#Transform 106
Transform: AffineTransform_float_3_3
Parameters: 0.999999 -0.00169259 0.000420961 0.00169541 0.999964 -0.0082393 -0.000407045 0.0082397 0.999966 0.193443 -0.670502 -0.183948
FixedParameters: 0 0 0

#Transform 107
Transform: AffineTransform_float_3_3
Parameters: 0.999997 -0.00253075 -0.00022287 0.00252725 0.999877 -0.0154726 0.000262132 0.0154714 0.999881 0.228182 -0.744989 -0.270294
FixedParameters: 0 0 0

#Transform 108
Transform: AffineTransform_float_3_3
Parameters: 0.999996 -0.00248425 -0.000812309 0.00247376 0.999921 -0.0123801 0.000842687 0.012378 0.999923 0.21494 -0.746217 -0.244684
FixedParameters: 0 0 0

#Transform 109
Transform: AffineTransform_float_3_3
Parameters: 0.999997 -0.00180808 0.00153561 0.00183192 0.999875 -0.0157182 -0.00150739 0.0157218 0.999876 0.17045 -0.809317 -0.61768
FixedParameters: 0 0 0

#Transform 110
Transform: AffineTransform_float_3_3
Parameters: 0.999998 -0.00162277 0.000549818 0.00162923 0.999908 -0.0134141 -0.00052819 0.0134159 0.99991 0.19275 -0.773057 -0.584546
FixedParameters: 0 0 0

#Transform 111
Transform: AffineTransform_float_3_3
Parameters: 0.999999 -0.00161236 0.000761572 0.00162064 0.999932 -0.0114868 -0.000742432 0.0114882 0.999933 0.190819 -0.789003 -0.501189
FixedParameters: 0 0 0

#Transform 112
Transform: AffineTransform_float_3_3
Parameters: 0.999998 -0.00182701 0.000874336 0.00183798 0.999917 -0.0127334 -0.000850664 0.0127346 0.999918 0.214031 -0.858861 -0.611657
FixedParameters: 0 0 0

#Transform 113
Transform: AffineTransform_float_3_3
Parameters: 0.999997 -0.00249806 -0.000113263 0.00249593 0.999876 -0.0155123 0.000152735 0.0155117 0.999879 0.267226 -0.805152 -0.436064
FixedParameters: 0 0 0

#Transform 114
Transform: AffineTransform_float_3_3
Parameters: 0.999997 -0.00249317 0.000219856 0.00249583 0.9999 -0.0139715 -0.000185146 0.0139725 0.999903 0.251971 -0.799601 -0.513585
FixedParameters: 0 0 0

#Transform 115
Transform: AffineTransform_float_3_3
Parameters: 0.999998 -0.00189459 0.000347032 0.00189941 0.999911 -0.0131964 -0.000321961 0.0131976 0.999913 0.229942 -0.86163 -0.580421
FixedParameters: 0 0 0

#Transform 116
Transform: AffineTransform_float_3_3
Parameters: 0.999999 -0.00183093 0.00023523 0.00183406 0.999903 -0.0137676 -0.000209768 0.0137684 0.999905 0.218471 -0.935161 -0.585702
FixedParameters: 0 0 0

#Transform 117
Transform: AffineTransform_float_3_3
Parameters: 0.999998 -0.00204771 -0.000503635 0.00203929 0.999887 -0.014856 0.000534353 0.0148549 0.999889 0.265163 -0.938193 -0.630864
FixedParameters: 0 0 0

#Transform 118
Transform: AffineTransform_float_3_3
Parameters: 0.999998 -0.00170172 -0.000435916 0.00169428 0.999852 -0.0171288 0.000465089 0.0171282 0.999853 0.230995 -0.847662 -0.487393
FixedParameters: 0 0 0

#Transform 119
Transform: AffineTransform_float_3_3
Parameters: 0.999998 -0.00201077 -0.00109143 0.00199523 0.999896 -0.0142662 0.00111958 0.0142638 0.999897 0.245208 -0.874867 -0.554658
FixedParameters: 0 0 0

#Transform 120
Transform: AffineTransform_float_3_3
Parameters: 0.999998 -0.00185001 -0.000440466 0.00184398 0.99991 -0.0132828 0.000465534 0.0132822 0.999911 0.243696 -0.922302 -0.444972
FixedParameters: 0 0 0

#Transform 121
Transform: AffineTransform_float_3_3
Parameters: 0.999999 -0.00141594 -0.000443404 0.00140905 0.999882 -0.0152886 0.000465595 0.0152874 0.999883 0.270403 -0.970748 -0.537773
FixedParameters: 0 0 0

#Transform 122
Transform: AffineTransform_float_3_3
Parameters: 0.999998 -0.00204117 0.000450116 0.00204983 0.999833 -0.0181471 -0.000412869 0.0181479 0.999835 0.253088 -0.952855 -0.50016
FixedParameters: 0 0 0

#Transform 123
Transform: AffineTransform_float_3_3
Parameters: 0.999999 0.00128127 -0.000588247 -0.00129372 0.999792 -0.0203893 0.000561739 0.0203897 0.999792 0.101426 -0.859347 -0.149934
FixedParameters: 0 0 0

#Transform 124
Transform: AffineTransform_float_3_3
Parameters: 0.999996 0.00158503 -0.00231447 -0.00162298 0.999862 -0.0164963 0.00228854 0.0164997 0.999861 0.0722561 -0.901653 -0.0196471
FixedParameters: 0 0 0

#Transform 125
Transform: AffineTransform_float_3_3
Parameters: 0.999998 -0.00121607 -0.00120004 0.00119393 0.999833 -0.0182265 0.00122196 0.0182255 0.999833 0.200016 -1.03754 -0.507558
FixedParameters: 0 0 0

#Transform 126
Transform: AffineTransform_float_3_3
Parameters: 0.999998 -0.00138503 -0.00126916 0.00135897 0.999793 -0.0202888 0.00129684 0.0202873 0.999794 0.215963 -0.983624 -0.462011
FixedParameters: 0 0 0

#Transform 127
Transform: AffineTransform_float_3_3
Parameters: 0.999996 -0.000409078 -0.00304218 0.000345905 0.999786 -0.0207062 0.00305082 0.0207049 0.999781 0.23865 -0.92307 -0.305665
FixedParameters: 0 0 0

#Transform 128
Transform: AffineTransform_float_3_3
Parameters: 0.999999 0.000573117 -0.00172527 -0.000605878 0.999817 -0.01912 0.00171373 0.019121 0.999815 0.120241 -1.00547 -0.178095
FixedParameters: 0 0 0

#Transform 129
Transform: AffineTransform_float_3_3
Parameters: 0.999999 0.00139259 -0.000233109 -0.00139741 0.999796 -0.0201507 0.000204882 0.0201513 0.999797 0.0961024 -1.08784 -0.430774
FixedParameters: 0 0 0

#Transform 130
Transform: AffineTransform_float_3_3
Parameters: 0.999964 -0.00437415 0.0073619 0.00458086 0.999589 -0.0283193 -0.0072351 0.0283527 0.999572 0.310814 -1.22738 -0.995927
FixedParameters: 0 0 0

#Transform 131
Transform: AffineTransform_float_3_3
Parameters: 0.999987 -0.00251572 0.00445569 0.00262729 0.999681 -0.0251476 -0.0043913 0.0251594 0.999674 0.266572 -1.24273 -1.2506
FixedParameters: 0 0 0

#Transform 132
Transform: AffineTransform_float_3_3
Parameters: 0.999995 -0.00225921 0.00215543 0.00230878 0.999724 -0.0233851 -0.00210158 0.0233899 0.999724 0.258961 -1.19092 -1.19294
FixedParameters: 0 0 0

#Transform 133
Transform: AffineTransform_float_3_3
Parameters: 0.999997 -0.00135962 0.00210504 0.00140738 0.999731 -0.0231531 -0.00207297 0.0231559 0.999729 0.192825 -1.21482 -1.04225
FixedParameters: 0 0 0

#Transform 134
Transform: AffineTransform_float_3_3
Parameters: 0.999997 -0.00144848 0.00193002 0.00149452 0.999715 -0.0237982 -0.00189497 0.0238008 0.999715 0.225543 -1.34185 -1.36844
FixedParameters: 0 0 0

#Transform 135
Transform: AffineTransform_float_3_3
Parameters: 0.999998 -0.00170961 0.00103969 0.0017364 0.999662 -0.0259353 -0.000995298 0.0259378 0.999663 0.271406 -1.33014 -1.38195
FixedParameters: 0 0 0

#Transform 136
Transform: AffineTransform_float_3_3
Parameters: 0.999999 -0.000860383 0.000232843 0.000865619 0.999679 -0.0253008 -0.000211166 0.0253012 0.99968 0.269537 -1.27458 -1.18708
FixedParameters: 0 0 0

#Transform 137
Transform: AffineTransform_float_3_3
Parameters: 0.999999 -0.000706615 0.000310388 0.0007144 0.9997 -0.0244758 -0.000293603 0.0244752 0.999701 0.279698 -1.3564 -1.17844
FixedParameters: 0 0 0

#Transform 138
Transform: AffineTransform_float_3_3
Parameters: 0.999999 -0.00111597 0.000639804 0.00113201 0.999671 -0.0256213 -0.000610197 0.0256217 0.999672 0.24669 -1.39897 -1.37669
FixedParameters: 0 0 0

#Transform 139
Transform: AffineTransform_float_3_3
Parameters: 0.999999 -0.00115747 0.000434076 0.00116853 0.999619 -0.0275695 -0.000401936 0.0275705 0.99962 0.195974 -1.38331 -1.42874
FixedParameters: 0 0 0

#Transform 140
Transform: AffineTransform_float_3_3
Parameters: 0.999998 -0.00169073 0.00108506 0.00171727 0.999694 -0.0246822 -0.00104293 0.0246838 0.999695 0.192225 -1.37929 -1.45099
FixedParameters: 0 0 0

#Transform 141
Transform: AffineTransform_float_3_3
Parameters: 0.999996 -0.000943582 0.00259025 0.000999413 0.999761 -0.0218665 -0.00256876 0.0218695 0.999757 0.122752 -1.36429 -1.14335
FixedParameters: 0 0 0

#Transform 142
Transform: AffineTransform_float_3_3
Parameters: 0.999995 -0.00303225 0.000578407 0.00304374 0.999763 -0.0215253 -0.0005126 0.0215267 0.999768 0.162717 -1.16055 -0.926499
FixedParameters: 0 0 0

#Transform 143
Transform: AffineTransform_float_3_3
Parameters: 0.999997 -0.0011619 0.00245287 0.00121911 0.999725 -0.0234091 -0.00242513 0.0234119 0.999723 0.0913524 -1.32021 -1.12802
FixedParameters: 0 0 0

#Transform 144
Transform: AffineTransform_float_3_3
Parameters: 0.999991 -0.00340511 0.00223147 0.0034589 0.999691 -0.0246055 -0.00214753 0.0246135 0.999694 0.13433 -1.2702 -1.04286
FixedParameters: 0 0 0

#Transform 145
Transform: AffineTransform_float_3_3
Parameters: 0.999987 -0.00298096 0.00429343 0.00312603 0.99941 -0.0341821 -0.00418858 0.034195 0.999407 0.134914 -1.40051 -1.54287
FixedParameters: 0 0 0

#Transform 146
Transform: AffineTransform_float_3_3
Parameters: 0.999995 -0.00199671 0.00242969 0.00205729 0.999673 -0.0254881 -0.00237833 0.0254929 0.999672 0.05287 -1.281 -0.586254
FixedParameters: 0 0 0

#Transform 147
Transform: AffineTransform_float_3_3
Parameters: 0.999999 -0.00111635 0.00145937 0.00115067 0.999728 -0.0232654 -0.00143362 0.0232666 0.999729 -0.000748334 -1.3031 -0.501047
FixedParameters: 0 0 0

#Transform 148
Transform: AffineTransform_float_3_3
Parameters: 0.999996 -0.00100459 0.00264087 0.00107441 0.999641 -0.0267963 -0.00261315 0.0267988 0.999638 0.031072 -1.39556 -0.907653
FixedParameters: 0 0 0

#Transform 149
Transform: AffineTransform_float_3_3
Parameters: 0.999997 -0.00147964 0.00215989 0.00153936 0.999614 -0.0277438 -0.00211811 0.0277472 0.999612 0.0737364 -1.39238 -1.00693
FixedParameters: 0 0 0

#Transform 150
Transform: AffineTransform_float_3_3
Parameters: 0.99997 -0.00636138 -0.00436269 0.00626461 0.999743 -0.021761 0.0045003 0.021733 0.999753 0.0769207 -0.928865 0.829732
FixedParameters: 0 0 0

#Transform 151
Transform: AffineTransform_float_3_3
Parameters: 0.999963 -0.00342024 -0.00780084 0.00327075 0.999811 -0.0191922 0.00786518 0.0191658 0.999786 -0.178123 -0.918891 1.08409
FixedParameters: 0 0 0

#Transform 152
Transform: AffineTransform_float_3_3
Parameters: 0.999997 -0.00218603 0.000270647 0.00219593 0.998984 -0.0450005 -0.000171356 0.0450005 0.998987 -0.217071 -0.825253 0.148553
FixedParameters: 0 0 0

#Transform 153
Transform: AffineTransform_float_3_3
Parameters: 0.999976 -0.00665541 0.00187693 0.0067166 0.999387 -0.0343752 -0.00164705 0.0343868 0.999407 -0.0155699 -1.01234 0.316951
FixedParameters: 0 0 0

#Transform 154
Transform: AffineTransform_float_3_3
Parameters: 0.999985 -0.00534808 -0.000485659 0.00532894 0.999434 -0.0332111 0.000662338 0.0332079 0.999448 0.0462246 -1.29266 -0.4078
FixedParameters: 0 0 0

#Transform 155
Transform: AffineTransform_float_3_3
Parameters: 0.999999 -0.00171041 -0.000747348 0.00169257 0.99974 -0.0227113 0.000786642 0.0227097 0.999742 -0.0515888 -1.23725 0.473577
FixedParameters: 0 0 0
