# transform file /out/sourcedata/freesurfer/sub-v1s3x0050787_ses-1/mri/transforms/cc_up.lta
# created by oesteban on Tue Mar 10 00:57:39 2026

type      = 0 # LINEAR_VOX_TO_VOX
nxforms   = 1
mean      = 125.0000 133.0000 124.0000
sigma     = 10000.0000
1 4 4
9.944496750831604e-01 1.004431676119566e-02 1.047322899103165e-01 -1.225831985473633e+01 
-9.989071637392044e-03 9.999495148658752e-01 -1.052017440088093e-03 9.402821540832520e+00 
-1.047375723719597e-01 0.000000000000000e+00 9.944998621940613e-01 3.103147315979004e+01 
0.000000000000000e+00 0.000000000000000e+00 0.000000000000000e+00 1.000000000000000e+00 
src volume info
valid = 1  # volume info valid
filename = /out/sourcedata/freesurfer/sub-v1s3x0050787_ses-1/mri/norm.mgz
volume = 256 256 256
voxelsize = 1.000000000000000e+00 1.000000000000000e+00 1.000000000000000e+00
xras   = -1.000000000000000e+00 0.000000000000000e+00 0.000000000000000e+00
yras   = 0.000000000000000e+00 0.000000000000000e+00 -9.999999403953552e-01
zras   = 0.000000000000000e+00 9.999999403953552e-01 0.000000000000000e+00
cras   = 1.399291992187500e+01 -1.345052337646484e+01 9.105529785156250e+00
dst volume info
valid = 1  # volume info valid
filename = /out/sourcedata/freesurfer/sub-v1s3x0050787_ses-1/mri/norm.mgz
volume = 256 256 256
voxelsize = 1.000000000000000e+00 1.000000000000000e+00 1.000000000000000e+00
xras   = -1.000000000000000e+00 0.000000000000000e+00 0.000000000000000e+00
yras   = 0.000000000000000e+00 0.000000000000000e+00 -9.999999403953552e-01
zras   = 0.000000000000000e+00 9.999999403953552e-01 0.000000000000000e+00
cras   = 1.399291992187500e+01 -1.345052337646484e+01 9.105529785156250e+00
