# transform file /out/sourcedata/freesurfer/sub-v1s3x0050777_ses-1/mri/transforms/cc_up.lta
# created by oesteban on Tue Mar 10 00:47:18 2026

type      = 0 # LINEAR_VOX_TO_VOX
nxforms   = 1
mean      = 131.0000 136.0000 124.0000
sigma     = 10000.0000
1 4 4
9.952697753906250e-01 -4.856201633810997e-02 8.414129167795181e-02 -3.702619552612305e+00 
4.838940128684044e-02 9.988201260566711e-01 4.090897738933563e-03 -1.597211718559265e+00 
-8.424068242311478e-02 0.000000000000000e+00 9.964454770088196e-01 2.633455848693848e+01 
0.000000000000000e+00 0.000000000000000e+00 0.000000000000000e+00 1.000000000000000e+00 
src volume info
valid = 1  # volume info valid
filename = /out/sourcedata/freesurfer/sub-v1s3x0050777_ses-1/mri/norm.mgz
volume = 256 256 256
voxelsize = 1.000000000000000e+00 1.000000000000000e+00 1.000000000000000e+00
xras   = -1.000000000000000e+00 0.000000000000000e+00 0.000000000000000e+00
yras   = 0.000000000000000e+00 0.000000000000000e+00 -9.999999403953552e-01
zras   = 0.000000000000000e+00 9.999999403953552e-01 0.000000000000000e+00
cras   = 1.070829772949219e+01 -1.090043640136719e+01 -3.611701965332031e+00
dst volume info
valid = 1  # volume info valid
filename = /out/sourcedata/freesurfer/sub-v1s3x0050777_ses-1/mri/norm.mgz
volume = 256 256 256
voxelsize = 1.000000000000000e+00 1.000000000000000e+00 1.000000000000000e+00
xras   = -1.000000000000000e+00 0.000000000000000e+00 0.000000000000000e+00
yras   = 0.000000000000000e+00 0.000000000000000e+00 -9.999999403953552e-01
zras   = 0.000000000000000e+00 9.999999403953552e-01 0.000000000000000e+00
cras   = 1.070829772949219e+01 -1.090043640136719e+01 -3.611701965332031e+00
