# transform file /out/sourcedata/freesurfer/sub-v1s3x0050781_ses-1/mri/transforms/cc_up.lta
# created by oesteban on Tue Mar 10 01:01:57 2026

type      = 0 # LINEAR_VOX_TO_VOX
nxforms   = 1
mean      = 127.0000 135.0000 127.0000
sigma     = 10000.0000
1 4 4
9.994785785675049e-01 1.809297874569893e-02 2.674794010818005e-02 -5.349551677703857e+00 
-1.808650419116020e-02 9.998363852500916e-01 -4.840291221626103e-04 1.139360809326172e+01 
-2.675232104957104e-02 0.000000000000000e+00 9.996421933174133e-01 9.467957496643066e+00 
0.000000000000000e+00 0.000000000000000e+00 0.000000000000000e+00 1.000000000000000e+00 
src volume info
valid = 1  # volume info valid
filename = /out/sourcedata/freesurfer/sub-v1s3x0050781_ses-1/mri/norm.mgz
volume = 256 256 256
voxelsize = 1.000000000000000e+00 1.000000000000000e+00 1.000000000000000e+00
xras   = -1.000000000000000e+00 0.000000000000000e+00 0.000000000000000e+00
yras   = 0.000000000000000e+00 0.000000000000000e+00 -1.000000000000000e+00
zras   = 0.000000000000000e+00 1.000000000000000e+00 0.000000000000000e+00
cras   = 5.236206054687500e-01 -1.965332031250000e+01 1.318003845214844e+01
dst volume info
valid = 1  # volume info valid
filename = /out/sourcedata/freesurfer/sub-v1s3x0050781_ses-1/mri/norm.mgz
volume = 256 256 256
voxelsize = 1.000000000000000e+00 1.000000000000000e+00 1.000000000000000e+00
xras   = -1.000000000000000e+00 0.000000000000000e+00 0.000000000000000e+00
yras   = 0.000000000000000e+00 0.000000000000000e+00 -1.000000000000000e+00
zras   = 0.000000000000000e+00 1.000000000000000e+00 0.000000000000000e+00
cras   = 5.236206054687500e-01 -1.965332031250000e+01 1.318003845214844e+01
