#Insight Transform File V1.0
#Transform 0
Transform: AffineTransform_float_3_3
Parameters: 0.999991 -0.00281129 0.0030106 0.00281271 0.999996 -0.000565537 -0.0030094 0.000573465 0.999996 0.178151 0.0633255 -0.248175
FixedParameters: 0 0 0

#Transform 1
Transform: AffineTransform_float_3_3
Parameters: 0.999995 -0.000413299 0.00315816 0.000390702 0.999975 0.00705827 -0.00316084 -0.00705673 0.99997 0.0289645 0.0785919 -0.0131046
FixedParameters: 0 0 0

#Transform 2
Transform: AffineTransform_float_3_3
Parameters: 0.999997 -0.00171058 0.0020588 0.00169642 0.999977 0.00657852 -0.0020702 -0.00657548 0.999976 0.151738 0.0782624 0.0336011
FixedParameters: 0 0 0

#Transform 3
Transform: AffineTransform_float_3_3
Parameters: 0.999996 -0.00170738 0.00193489 0.00169662 0.999984 0.0053553 -0.00194411 -0.0053517 0.999984 0.13993 0.0880006 -0.0627009
FixedParameters: 0 0 0

#Transform 4
Transform: AffineTransform_float_3_3
Parameters: 0.999996 -0.00122002 0.00227105 0.00120698 0.999983 0.00572476 -0.00227794 -0.00572124 0.999981 0.0883031 0.0571457 -0.102639
FixedParameters: 0 0 0

#Transform 5
Transform: AffineTransform_float_3_3
Parameters: 0.999998 0.000496198 0.00180856 -0.000508798 0.999975 0.00708509 -0.00180444 -0.00708591 0.999974 -0.0107203 0.0413889 -0.0770244
FixedParameters: 0 0 0

#Transform 6
Transform: AffineTransform_float_3_3
Parameters: 0.999998 0.00065598 0.00178983 -0.000669022 0.999973 0.00728382 -0.00178517 -0.00728519 0.999972 -0.01465 0.0491081 -0.0518317
FixedParameters: 0 0 0

#Transform 7
Transform: AffineTransform_float_3_3
Parameters: 0.999986 0.00174325 0.00513796 -0.00180175 0.999935 0.0112559 -0.00511804 -0.0112651 0.999924 -0.0651611 -0.000825895 0.23334
FixedParameters: 0 0 0

#Transform 8
Transform: AffineTransform_float_3_3
Parameters: 0.999994 0.000472482 0.00361852 -0.000484517 0.999995 0.00318227 -0.00361748 -0.00318473 0.999989 -0.0136026 0.0617734 -0.0873729
FixedParameters: 0 0 0

#Transform 9
Transform: AffineTransform_float_3_3
Parameters: 0.999997 0.00136368 0.00237387 -0.00137833 0.999978 0.00646675 -0.00236514 -0.00646925 0.999977 -0.00807708 0.0636973 -0.094415
FixedParameters: 0 0 0

#Transform 10
Transform: AffineTransform_float_3_3
Parameters: 0.999998 0.00105558 0.00171968 -0.00106742 0.999973 0.00723618 -0.00171232 -0.00723783 0.999973 -0.0183366 0.026291 0.0166035
FixedParameters: 0 0 0

#Transform 11
Transform: AffineTransform_float_3_3
Parameters: 0.999998 0.00108905 0.00204159 -0.00110494 0.999969 0.00782577 -0.00203241 -0.00782823 0.999968 -0.034957 0.0743698 0.00989794
FixedParameters: 0 0 0

#Transform 12
Transform: AffineTransform_float_3_3
Parameters: 0.999999 0.00053593 0.00073572 -0.000541065 0.999976 0.0069086 -0.000731279 -0.00690839 0.999976 -0.00639746 0.0474481 0.210652
FixedParameters: 0 0 0

#Transform 13
Transform: AffineTransform_float_3_3
Parameters: 0.999998 0.000724314 0.00141496 -0.000731686 0.999985 0.00543897 -0.00141104 -0.00544003 0.999984 -0.0188343 0.0596948 0.159839
FixedParameters: 0 0 0

#Transform 14
Transform: AffineTransform_float_3_3
Parameters: 0.999998 0.00103063 0.00178379 -0.00104438 0.999971 0.00751316 -0.0017762 -0.00751485 0.99997 -0.0136449 0.0509005 0.110934
FixedParameters: 0 0 0

#Transform 15
Transform: AffineTransform_float_3_3
Parameters: 0.999996 -0.000351082 0.0027261 0.000335919 0.999984 0.00553093 -0.0027279 -0.00553006 0.999981 0.0202658 0.0359899 0.0171214
FixedParameters: 0 0 0

#Transform 16
Transform: AffineTransform_float_3_3
Parameters: 0.999999 0.000528586 0.00141341 -0.000535416 0.999989 0.00454124 -0.00141158 -0.00454175 0.999988 -0.0646504 0.0726715 -0.0465231
FixedParameters: 0 0 0

#Transform 17
Transform: AffineTransform_float_3_3
Parameters: 0.999999 9.71671e-05 0.000928982 -9.68327e-05 1 -0.00018009 -0.000929017 0.00017991 0.999999 -0.00089496 0.048723 0.235028
FixedParameters: 0 0 0

#Transform 18
Transform: AffineTransform_float_3_3
Parameters: 0.999999 0.000379803 0.000929899 -0.000381196 0.999997 0.00236265 -0.000929101 -0.00236335 0.999997 0.0107862 0.0293409 0.320955
FixedParameters: 0 0 0

#Transform 19
Transform: AffineTransform_float_3_3
Parameters: 1 0.000221117 0.000464422 -0.000221885 0.999998 0.0019039 -0.000464579 -0.0019031 0.999998 0.0202077 0.0157886 0.274364
FixedParameters: 0 0 0

#Transform 20
Transform: AffineTransform_float_3_3
Parameters: 1 3.94842e-05 -0.000365948 -3.85157e-05 0.999999 0.00132301 0.000366051 -0.00132299 0.999999 -0.013448 0.0194656 0.0688524
FixedParameters: 0 0 0

#Transform 21
Transform: AffineTransform_float_3_3
Parameters: 0.999994 0.0010844 0.00324421 -0.00107561 0.999996 -0.00258851 -0.0032468 0.0025855 0.999992 -0.210225 0.0308755 -0.101532
FixedParameters: 0 0 0

#Transform 22
Transform: AffineTransform_float_3_3
Parameters: 0.999987 0.000570538 0.00495536 -0.000564462 0.999999 -0.00111881 -0.00495663 0.00111619 0.999987 -0.140578 0.0777479 -0.030112
FixedParameters: 0 0 0

#Transform 23
Transform: AffineTransform_float_3_3
Parameters: 0.999983 0.00278797 0.0051002 -0.00279203 0.999996 0.000782773 -0.00509779 -0.000797226 0.999986 -0.289738 0.0719547 -0.582387
FixedParameters: 0 0 0

#Transform 24
Transform: AffineTransform_float_3_3
Parameters: 0.999994 0.00147258 0.00333788 -0.00149743 0.999972 0.00732705 -0.00332711 -0.00733195 0.999967 -0.169134 0.0147213 -0.261912
FixedParameters: 0 0 0

#Transform 25
Transform: AffineTransform_float_3_3
Parameters: 0.999995 0.00136912 0.00267726 -0.00138888 0.999972 0.00743832 -0.00266674 -0.00744169 0.999969 -0.114633 0.0226972 -0.138242
FixedParameters: 0 0 0

#Transform 26
Transform: AffineTransform_float_3_3
Parameters: 0.999994 0.00136723 0.00297111 -0.00138978 0.999972 0.00733791 -0.00296188 -0.00734209 0.999968 -0.118285 0.0167876 -0.180796
FixedParameters: 0 0 0

#Transform 27
Transform: AffineTransform_float_3_3
Parameters: 0.999994 0.000806095 0.0031976 -0.000827902 0.999976 0.00685539 -0.0031914 -0.00685761 0.999972 -0.0829671 0.00975366 -0.159271
FixedParameters: 0 0 0

#Transform 28
Transform: AffineTransform_float_3_3
Parameters: 0.999994 0.00118468 0.00306953 -0.00120433 0.99998 0.00630134 -0.00306247 -0.00630467 0.999976 -0.0899556 0.0317684 -0.22358
FixedParameters: 0 0 0

#Transform 29
Transform: AffineTransform_float_3_3
Parameters: 0.999995 0.00122208 0.00270433 -0.00123592 0.999986 0.00515068 -0.00269767 -0.00515432 0.999983 -0.119909 -0.000878196 -0.307101
FixedParameters: 0 0 0

#Transform 30
Transform: AffineTransform_float_3_3
Parameters: 0.999988 0.00266806 0.00409894 -0.00271195 0.999939 0.010753 -0.00407006 -0.010764 0.999934 -0.170478 0.0121543 -0.157269
FixedParameters: 0 0 0

#Transform 31
Transform: AffineTransform_float_3_3
Parameters: 1 0.000367407 0.00102194 -0.000369591 0.999996 0.00253862 -0.00102007 -0.00253838 0.999997 -0.0734483 0.0333729 -0.379229
FixedParameters: 0 0 0

#Transform 32
Transform: AffineTransform_float_3_3
Parameters: 0.999998 0.000693096 0.00182149 -0.000696904 0.999998 0.00214374 -0.00181951 -0.00214527 0.999996 -0.127121 0.0598343 -0.521685
FixedParameters: 0 0 0

#Transform 33
Transform: AffineTransform_float_3_3
Parameters: 1 -3.59551e-06 -0.000117013 4.40445e-06 0.999994 0.003457 0.000116985 -0.003457 0.999994 -0.112054 0.0551729 -0.54842
FixedParameters: 0 0 0

#Transform 34
Transform: AffineTransform_float_3_3
Parameters: 0.999995 0.000614488 0.00329248 -0.000637509 0.999975 0.00714494 -0.00328753 -0.00714706 0.999969 -0.119396 0.0780086 -0.0618657
FixedParameters: 0 0 0

#Transform 35
Transform: AffineTransform_float_3_3
Parameters: 0.999996 0.000612293 0.00270291 -0.000624706 0.999988 0.00470233 -0.00270009 -0.00470467 0.999986 -0.120396 0.00794736 -0.495499
FixedParameters: 0 0 0

#Transform 36
Transform: AffineTransform_float_3_3
Parameters: 0.999994 0.000287052 0.00343863 -0.000305944 0.999985 0.00551098 -0.00343637 -0.00551202 0.999979 -0.11724 0.0165954 -0.605172
FixedParameters: 0 0 0

#Transform 37
Transform: AffineTransform_float_3_3
Parameters: 0.999994 0.00146052 0.00314764 -0.00147947 0.999981 0.00587538 -0.00313836 -0.00587962 0.999978 -0.190462 -0.00849186 -0.550473
FixedParameters: 0 0 0

#Transform 38
Transform: AffineTransform_float_3_3
Parameters: 0.999997 0.00131559 0.0023358 -0.00131741 0.999999 0.000603925 -0.0023352 -0.000607074 0.999997 -0.146151 0.0586937 -0.772216
FixedParameters: 0 0 0

#Transform 39
Transform: AffineTransform_float_3_3
Parameters: 0.999997 0.00144769 0.00189182 -0.00146331 0.999966 0.00811926 -0.00187918 -0.00812175 0.999966 -0.152977 -0.024224 -0.464935
FixedParameters: 0 0 0

#Transform 40
Transform: AffineTransform_float_3_3
Parameters: 0.999988 0.00139094 0.00484905 -0.00143907 0.999949 0.00992215 -0.00483596 -0.00992885 0.999939 -0.158009 -0.030516 -0.462224
FixedParameters: 0 0 0

#Transform 41
Transform: AffineTransform_float_3_3
Parameters: 0.999994 0.000877423 0.00329175 -0.000906579 0.999962 0.00869006 -0.00328424 -0.00869293 0.999957 -0.135258 -0.0536287 -0.555698
FixedParameters: 0 0 0

#Transform 42
Transform: AffineTransform_float_3_3
Parameters: 0.99999 0.0020215 0.00394345 -0.0020595 0.999953 0.00952997 -0.00392354 -0.00953803 0.999947 -0.193782 -0.043274 -0.50224
FixedParameters: 0 0 0

#Transform 43
Transform: AffineTransform_float_3_3
Parameters: 0.999988 0.00223159 0.0043231 -0.00227241 0.999953 0.00936628 -0.00430189 -0.0093757 0.999947 -0.209627 -0.0832233 -0.597975
FixedParameters: 0 0 0

#Transform 44
Transform: AffineTransform_float_3_3
Parameters: 0.999994 0.00199717 0.00280313 -0.00202183 0.999961 0.00852538 -0.00278586 -0.00853061 0.999959 -0.190777 -0.115669 -0.662004
FixedParameters: 0 0 0

#Transform 45
Transform: AffineTransform_float_3_3
Parameters: 0.999992 0.0014199 0.00356794 -0.00145209 0.999959 0.00900989 -0.00355406 -0.00901512 0.999953 -0.172626 -0.0951037 -0.582167
FixedParameters: 0 0 0

#Transform 46
Transform: AffineTransform_float_3_3
Parameters: 0.999988 0.00237693 0.00413162 -0.00242608 0.999926 0.0119131 -0.00410338 -0.0119229 0.999921 -0.203522 -0.125972 -0.469193
FixedParameters: 0 0 0

#Transform 47
Transform: AffineTransform_float_3_3
Parameters: 0.999995 0.00133923 0.00292998 -0.00136277 0.999966 0.00812505 -0.00291902 -0.00812895 0.999962 -0.161438 -0.0776187 -0.671238
FixedParameters: 0 0 0

#Transform 48
Transform: AffineTransform_float_3_3
Parameters: 0.999995 0.00180077 0.00263283 -0.00182823 0.999945 0.0103762 -0.00261417 -0.0103808 0.999942 -0.162577 -0.111116 -0.569729
FixedParameters: 0 0 0

#Transform 49
Transform: AffineTransform_float_3_3
Parameters: 0.999994 0.00192693 0.00263402 -0.00195407 0.999945 0.0103119 -0.00261398 -0.0103171 0.999944 -0.185504 -0.0732271 -0.578726
FixedParameters: 0 0 0

#Transform 50
Transform: AffineTransform_float_3_3
Parameters: 0.999996 0.00081952 0.00271158 -0.000841475 0.999968 0.00792975 -0.00270441 -0.00793225 0.999965 -0.136647 -0.0630313 -0.71158
FixedParameters: 0 0 0

#Transform 51
Transform: AffineTransform_float_3_3
Parameters: 0.999984 0.00261588 0.00500634 -0.00267512 0.999927 0.0118388 -0.00497466 -0.0118522 0.999918 -0.255203 -0.131249 -0.583845
FixedParameters: 0 0 0

#Transform 52
Transform: AffineTransform_float_3_3
Parameters: 0.999991 0.00237165 0.00352679 -0.00241036 0.999935 0.0111966 -0.00350022 -0.0112044 0.999931 -0.251307 -0.115485 -0.757233
FixedParameters: 0 0 0

#Transform 53
Transform: AffineTransform_float_3_3
Parameters: 0.999988 0.00269953 0.00404755 -0.00275548 0.999902 0.013762 -0.00401044 -0.013773 0.999897 -0.258801 -0.141625 -0.873486
FixedParameters: 0 0 0

#Transform 54
Transform: AffineTransform_float_3_3
Parameters: 0.999996 0.00083007 0.00269517 -0.000852937 0.999964 0.00851774 -0.00268883 -0.00852027 0.99996 -0.0945467 -0.0748997 -0.809829
FixedParameters: 0 0 0

#Transform 55
Transform: AffineTransform_float_3_3
Parameters: 0.999996 0.00159319 0.00227003 -0.00161381 0.999961 0.00875038 -0.00225596 -0.00875463 0.999959 -0.150054 -0.0803451 -0.710737
FixedParameters: 0 0 0

#Transform 56
Transform: AffineTransform_float_3_3
Parameters: 0.999994 0.00182611 0.00269771 -0.00185289 0.999952 0.00962705 -0.00267928 -0.00963194 0.99995 -0.179816 -0.0865593 -0.723382
FixedParameters: 0 0 0

#Transform 57
Transform: AffineTransform_float_3_3
Parameters: 0.999993 0.00210693 0.00287379 -0.00213507 0.999949 0.00979992 -0.00285321 -0.00980607 0.999948 -0.194789 -0.0799909 -0.773869
FixedParameters: 0 0 0

#Transform 58
Transform: AffineTransform_float_3_3
Parameters: 0.999995 0.00211529 0.00262907 -0.00213972 0.999953 0.00943143 -0.00260993 -0.00943658 0.999952 -0.197388 -0.0936291 -0.797953
FixedParameters: 0 0 0

#Transform 59
Transform: AffineTransform_float_3_3
Parameters: 0.999996 0.0021244 0.0021347 -0.0021446 0.99995 0.00969646 -0.0021133 -0.00970053 0.99995 -0.188916 -0.104359 -0.790497
FixedParameters: 0 0 0

#Transform 60
Transform: AffineTransform_float_3_3
Parameters: 0.999995 0.00202719 0.00243799 -0.00205081 0.99995 0.00980205 -0.00241801 -0.00980695 0.999949 -0.196303 -0.113305 -0.770374
FixedParameters: 0 0 0

#Transform 61
Transform: AffineTransform_float_3_3
Parameters: 0.999996 0.00189355 0.00177875 -0.00191045 0.999949 0.00985763 -0.00176025 -0.00986036 0.99995 -0.186836 -0.135427 -0.908403
FixedParameters: 0 0 0

#Transform 62
Transform: AffineTransform_float_3_3
Parameters: 0.999998 0.00201657 7.22765e-05 -0.00201744 0.999977 0.00658287 -5.97204e-05 -0.00658314 0.999979 -0.21122 -0.137314 -1.08888
FixedParameters: 0 0 0

#Transform 63
Transform: AffineTransform_float_3_3
Parameters: 1 0.00112673 0.000382759 -0.00112928 0.999982 0.00599257 -0.000376239 -0.00599343 0.999982 -0.158098 -0.129915 -1.02303
FixedParameters: 0 0 0

#Transform 64
Transform: AffineTransform_float_3_3
Parameters: 0.999998 0.00196552 0.00074954 -0.00196748 0.999992 0.00332453 -0.000743461 -0.00332647 0.999994 -0.209447 -0.137139 -0.924025
FixedParameters: 0 0 0

#Transform 65
Transform: AffineTransform_float_3_3
Parameters: 0.999997 0.00219058 0.00159778 -0.00220243 0.999972 0.00718451 -0.00158222 -0.00718749 0.999973 -0.231211 -0.146153 -0.910147
FixedParameters: 0 0 0

#Transform 66
Transform: AffineTransform_float_3_3
Parameters: 0.999996 0.00160793 0.00210559 -0.00162306 0.999973 0.00717361 -0.00209341 -0.00717739 0.999972 -0.196702 -0.134019 -0.953936
FixedParameters: 0 0 0

#Transform 67
Transform: AffineTransform_float_3_3
Parameters: 0.999997 0.0017955 0.00190766 -0.00181149 0.99996 0.00868157 -0.00189134 -0.00868542 0.99996 -0.204607 -0.184396 -0.775207
FixedParameters: 0 0 0

#Transform 68
Transform: AffineTransform_float_3_3
Parameters: 0.999996 0.00214817 0.00179731 -0.00216484 0.999954 0.00941715 -0.00177769 -0.00942086 0.999954 -0.186994 -0.197005 -0.603849
FixedParameters: 0 0 0

#Transform 69
Transform: AffineTransform_float_3_3
Parameters: 0.999995 0.00201419 0.0023438 -0.0020378 0.99995 0.00977127 -0.00232319 -0.00977672 0.999949 -0.203585 -0.186239 -0.697409
FixedParameters: 0 0 0

#Transform 70
Transform: AffineTransform_float_3_3
Parameters: 0.999996 0.00201768 0.00188193 -0.00203732 0.999944 0.0103212 -0.00186107 -0.0103248 0.999945 -0.188523 -0.187235 -0.644636
FixedParameters: 0 0 0

#Transform 71
Transform: AffineTransform_float_3_3
Parameters: 0.999998 0.00142309 0.00135536 -0.00143091 0.999982 0.00585407 -0.00134765 -0.00585593 0.999982 -0.178353 -0.178059 -0.86335
FixedParameters: 0 0 0

#Transform 72
Transform: AffineTransform_float_3_3
Parameters: 0.999991 0.00218576 0.00357144 -0.00221324 0.999966 0.00792317 -0.00355357 -0.00793084 0.999962 -0.230471 -0.182823 -0.700101
FixedParameters: 0 0 0

#Transform 73
Transform: AffineTransform_float_3_3
Parameters: 0.999995 0.00109532 0.00293029 -0.00111168 0.999983 0.00569677 -0.00292371 -0.00570023 0.999979 -0.16081 -0.19567 -0.876889
FixedParameters: 0 0 0

#Transform 74
Transform: AffineTransform_float_3_3
Parameters: 0.999982 0.00223253 0.00544061 -0.00225046 0.999991 0.00338982 -0.00543339 -0.00340219 0.99998 -0.237536 -0.183014 -1.14968
FixedParameters: 0 0 0

#Transform 75
Transform: AffineTransform_float_3_3
Parameters: 0.999989 0.00188666 0.0044336 -0.00191634 0.999976 0.00662358 -0.0044204 -0.00663142 0.999968 -0.237899 -0.203888 -1.00012
FixedParameters: 0 0 0

#Transform 76
Transform: AffineTransform_float_3_3
Parameters: 0.999991 0.00181926 0.00382634 -0.00184573 0.999975 0.006733 -0.00381365 -0.00674 0.99997 -0.226523 -0.22276 -1.0921
FixedParameters: 0 0 0

#Transform 77
Transform: AffineTransform_float_3_3
Parameters: 0.99999 0.00174352 0.00397117 -0.00177147 0.999975 0.00692503 -0.00395882 -0.00693297 0.999968 -0.228781 -0.240014 -1.03771
FixedParameters: 0 0 0

#Transform 78
Transform: AffineTransform_float_3_3
Parameters: 0.99999 0.00185629 0.00404928 -0.00188471 0.999973 0.00709844 -0.00403571 -0.00710656 0.999966 -0.258186 -0.247561 -1.02799
FixedParameters: 0 0 0

#Transform 79
Transform: AffineTransform_float_3_3
Parameters: 0.99996 0.00246212 0.00866836 -0.00251887 0.999976 0.00655643 -0.00865165 -0.00657857 0.999941 -0.299616 -0.297557 -0.357861
FixedParameters: 0 0 0

#Transform 80
Transform: AffineTransform_float_3_3
Parameters: 0.999976 0.00315753 0.00606389 -0.00316546 0.999994 0.00122183 -0.0060591 -0.00124116 0.999981 -0.26644 -0.419081 -0.358029
FixedParameters: 0 0 0

#Transform 81
Transform: AffineTransform_float_3_3
Parameters: 0.999979 0.00389278 0.00519203 -0.00394222 0.999945 0.00969673 -0.00515397 -0.00971727 0.999939 -0.261152 -0.279005 -0.131256
FixedParameters: 0 0 0

#Transform 82
Transform: AffineTransform_float_3_3
Parameters: 0.999964 0.0055414 0.0063365 -0.00571061 0.999621 0.0269068 -0.00618549 -0.0269412 0.999618 -0.334749 -0.205362 0.305353
FixedParameters: 0 0 0

#Transform 83
Transform: AffineTransform_float_3_3
Parameters: 0.99998 0.00409772 0.00469537 -0.00416629 0.999881 0.0148407 -0.00463464 -0.0148603 0.999879 -0.288715 -0.20264 -0.0091858
FixedParameters: 0 0 0

#Transform 84
Transform: AffineTransform_float_3_3
Parameters: 0.99998 0.00400452 0.00490342 -0.0040755 0.999888 0.0144503 -0.00484557 -0.0144697 0.999883 -0.30077 -0.204411 -0.0909543
FixedParameters: 0 0 0

#Transform 85
Transform: AffineTransform_float_3_3
Parameters: 0.999982 0.00391369 0.00470623 -0.00397831 0.999898 0.0137345 -0.00465176 -0.0137525 0.999894 -0.285349 -0.212097 -0.0913362
FixedParameters: 0 0 0

#Transform 86
Transform: AffineTransform_float_3_3
Parameters: 0.999982 0.00395018 0.00453845 -0.00401283 0.999895 0.013918 -0.00448355 -0.013936 0.999893 -0.296065 -0.281661 -0.172454
FixedParameters: 0 0 0

#Transform 87
Transform: AffineTransform_float_3_3
Parameters: 0.99999 0.00279913 0.00366768 -0.00284386 0.99992 0.0122857 -0.00363232 -0.0122953 0.999918 -0.222247 -0.282859 -0.269312
FixedParameters: 0 0 0

#Transform 88
Transform: AffineTransform_float_3_3
Parameters: 0.999976 0.00279024 0.00631503 -0.00284375 0.999959 0.00851924 -0.00629097 -0.00853775 0.999944 -0.242956 -0.298769 -0.428167
FixedParameters: 0 0 0

#Transform 89
Transform: AffineTransform_float_3_3
Parameters: 0.999979 0.00304806 0.00569973 -0.00310294 0.999948 0.00965551 -0.00567028 -0.00967248 0.999937 -0.250268 -0.288502 -0.372633
FixedParameters: 0 0 0

#Transform 90
Transform: AffineTransform_float_3_3
Parameters: 0.999983 0.00333445 0.0049337 -0.00339054 0.999928 0.0114985 -0.00489431 -0.0115155 0.999921 -0.273456 -0.312516 -0.259818
FixedParameters: 0 0 0

#Transform 91
Transform: AffineTransform_float_3_3
Parameters: 0.999982 0.00309063 0.00525774 -0.00313337 0.999961 0.00826068 -0.00523127 -0.00827732 0.999952 -0.242234 -0.339928 -0.464664
FixedParameters: 0 0 0

#Transform 92
Transform: AffineTransform_float_3_3
Parameters: 0.999982 0.00308002 0.00526098 -0.00312898 0.999951 0.0093277 -0.00523202 -0.00934428 0.999942 -0.253682 -0.314339 -0.493576
FixedParameters: 0 0 0

#Transform 93
Transform: AffineTransform_float_3_3
Parameters: 0.999981 0.00325632 0.0050907 -0.00331269 0.999932 0.0111663 -0.0050543 -0.0111827 0.999924 -0.279371 -0.330361 -0.469381
FixedParameters: 0 0 0

#Transform 94
Transform: AffineTransform_float_3_3
Parameters: 0.999985 0.00255805 0.00484876 -0.00260995 0.999939 0.0107385 -0.00482123 -0.0107505 0.99993 -0.237114 -0.325976 -0.385212
FixedParameters: 0 0 0

#Transform 95
Transform: AffineTransform_float_3_3
Parameters: 0.999988 0.00209681 0.0044714 -0.0021462 0.999937 0.0110245 -0.0044486 -0.0110335 0.999929 -0.178323 -0.374715 -0.421119
FixedParameters: 0 0 0

#Transform 96
Transform: AffineTransform_float_3_3
Parameters: 0.999985 0.00251007 0.00483279 -0.00256194 0.999941 0.0105618 -0.00480619 -0.0105742 0.999932 -0.233219 -0.342462 -0.361852
FixedParameters: 0 0 0

#Transform 97
Transform: AffineTransform_float_3_3
Parameters: 0.999969 0.00235654 0.00759743 -0.00243746 0.999941 0.0105988 -0.00757157 -0.0106172 0.999915 -0.282913 -0.299859 -0.327277
FixedParameters: 0 0 0

#Transform 98
Transform: AffineTransform_float_3_3
Parameters: 0.999981 0.00228082 0.00572525 -0.00233118 0.999959 0.00877382 -0.00570475 -0.00878718 0.999945 -0.236603 -0.318668 -0.341871
FixedParameters: 0 0 0

#Transform 99
Transform: AffineTransform_float_3_3
Parameters: 0.999978 0.00235832 0.0061078 -0.00240867 0.999962 0.00830246 -0.00608819 -0.00831753 0.999947 -0.25325 -0.355495 -0.423799
FixedParameters: 0 0 0

#Transform 100
Transform: AffineTransform_float_3_3
Parameters: 0.999979 0.00248835 0.00606996 -0.00254565 0.999951 0.00950875 -0.00604606 -0.00952325 0.999937 -0.256059 -0.372124 -0.399832
FixedParameters: 0 0 0

#Transform 101
Transform: AffineTransform_float_3_3
Parameters: 0.999979 0.00248951 0.00602266 -0.00254649 0.999952 0.00938986 -0.00599933 -0.00940513 0.999938 -0.26309 -0.390243 -0.355446
FixedParameters: 0 0 0

#Transform 102
Transform: AffineTransform_float_3_3
Parameters: 0.999981 0.00251024 0.00553136 -0.00254576 0.999976 0.00646704 -0.00551563 -0.00648096 0.999964 -0.247446 -0.491041 -0.207572
FixedParameters: 0 0 0

#Transform 103
Transform: AffineTransform_float_3_3
Parameters: 0.999985 0.00280009 0.00458469 -0.00282391 0.999983 0.00521813 -0.00456931 -0.00523087 0.999976 -0.233279 -0.464778 -0.123075
FixedParameters: 0 0 0

#Transform 104
Transform: AffineTransform_float_3_3
Parameters: 0.999984 0.00326843 0.00445558 -0.00329956 0.999971 0.00686941 -0.00443341 -0.0068846 0.999967 -0.250729 -0.503193 -0.163415
FixedParameters: 0 0 0

#Transform 105
Transform: AffineTransform_float_3_3
Parameters: 0.999984 0.00313083 0.00467933 -0.00316017 0.999974 0.00645532 -0.00465868 -0.00646969 0.999968 -0.261187 -0.491015 -0.223297
FixedParameters: 0 0 0

#Transform 106
Transform: AffineTransform_float_3_3
Parameters: 0.999985 0.0032876 0.00441504 -0.0033164 0.999973 0.00666746 -0.00439296 -0.00668255 0.999968 -0.252763 -0.491933 -0.307714
FixedParameters: 0 0 0

#Transform 107
Transform: AffineTransform_float_3_3
Parameters: 0.999975 0.00142275 0.00694023 -0.00141925 0.999999 -0.000544863 -0.00694177 0.000535137 0.999976 -0.229919 -0.527833 0.00917642
FixedParameters: 0 0 0

#Transform 108
Transform: AffineTransform_float_3_3
Parameters: 0.999984 0.00269562 0.00498326 -0.00270938 0.999992 0.00267954 -0.00497674 -0.00269346 0.999984 -0.211305 -0.519905 -0.0622933
FixedParameters: 0 0 0

#Transform 109
Transform: AffineTransform_float_3_3
Parameters: 0.999986 0.00287289 0.00460321 -0.0028861 0.999992 0.00284276 -0.0045948 -0.00285624 0.999986 -0.226473 -0.526129 -0.163116
FixedParameters: 0 0 0

#Transform 110
Transform: AffineTransform_float_3_3
Parameters: 0.999984 0.003052 0.00460697 -0.00306999 0.999987 0.00390391 -0.00459503 -0.00391808 0.999982 -0.233676 -0.527209 -0.125603
FixedParameters: 0 0 0

#Transform 111
Transform: AffineTransform_float_3_3
Parameters: 0.999987 0.00294824 0.00419312 -0.00296475 0.999988 0.00375662 -0.00418188 -0.00376838 0.999984 -0.205178 -0.53938 -0.105786
FixedParameters: 0 0 0

#Transform 112
Transform: AffineTransform_float_3_3
Parameters: 0.999986 0.00307308 0.00425355 -0.00308892 0.999988 0.00374091 -0.00424145 -0.00375409 0.999984 -0.203678 -0.54664 -0.111647
FixedParameters: 0 0 0

#Transform 113
Transform: AffineTransform_float_3_3
Parameters: 0.999983 0.00311568 0.00503477 -0.00313332 0.999989 0.00343629 -0.00502424 -0.00345172 0.999982 -0.220035 -0.546953 -0.17854
FixedParameters: 0 0 0

#Transform 114
Transform: AffineTransform_float_3_3
Parameters: 0.999989 0.00242648 0.00401602 -0.00244252 0.999988 0.00411323 -0.00400597 -0.00412276 0.999983 -0.18878 -0.565731 -0.149946
FixedParameters: 0 0 0

#Transform 115
Transform: AffineTransform_float_3_3
Parameters: 0.999988 0.0025258 0.00402994 -0.0025402 0.99999 0.0035238 -0.00402106 -0.00353319 0.999985 -0.189326 -0.596642 -0.195352
FixedParameters: 0 0 0

#Transform 116
Transform: AffineTransform_float_3_3
Parameters: 0.999988 0.00237109 0.00432087 -0.00238991 0.999988 0.00414372 -0.00431112 -0.00415427 0.999982 -0.184206 -0.580281 -0.173035
FixedParameters: 0 0 0

#Transform 117
Transform: AffineTransform_float_3_3
Parameters: 0.999988 0.0024107 0.00430686 -0.0024293 0.999987 0.00448159 -0.00429614 -0.00449141 0.99998 -0.212449 -0.590063 -0.229606
FixedParameters: 0 0 0

#Transform 118
Transform: AffineTransform_float_3_3
Parameters: 0.999989 0.00218561 0.00419316 -0.00220438 0.999987 0.00462381 -0.00418284 -0.0046332 0.999981 -0.179259 -0.594687 -0.303846
FixedParameters: 0 0 0

#Transform 119
Transform: AffineTransform_float_3_3
Parameters: 0.999989 0.00198731 0.00441928 -0.00200969 0.999985 0.00513618 -0.00440873 -0.00514482 0.999977 -0.198944 -0.586089 -0.285627
FixedParameters: 0 0 0

#Transform 120
Transform: AffineTransform_float_3_3
Parameters: 0.999987 0.00253938 0.00441859 -0.00255661 0.999989 0.00375875 -0.00440841 -0.00377024 0.999983 -0.204457 -0.580624 -0.23638
FixedParameters: 0 0 0

#Transform 121
Transform: AffineTransform_float_3_3
Parameters: 0.999987 0.00260721 0.00442133 -0.00262779 0.999985 0.00470344 -0.00440868 -0.00471455 0.999979 -0.206035 -0.627468 -0.237674
FixedParameters: 0 0 0

#Transform 122
Transform: AffineTransform_float_3_3
Parameters: 0.999988 0.00241475 0.00442012 -0.00243525 0.999986 0.00458129 -0.00440888 -0.0045917 0.999979 -0.192719 -0.624448 -0.249902
FixedParameters: 0 0 0

#Transform 123
Transform: AffineTransform_float_3_3
Parameters: 0.999988 0.00269049 0.00426038 -0.00270951 0.999986 0.00458051 -0.00424862 -0.00459149 0.99998 -0.215229 -0.631663 -0.244749
FixedParameters: 0 0 0

#Transform 124
Transform: AffineTransform_float_3_3
Parameters: 0.999987 0.00281323 0.0044242 -0.00283677 0.999982 0.00537552 -0.0044088 -0.00538848 0.999976 -0.224826 -0.691149 -0.23371
FixedParameters: 0 0 0

#Transform 125
Transform: AffineTransform_float_3_3
Parameters: 0.999989 0.00260951 0.00395061 -0.00262949 0.999983 0.00519067 -0.00393739 -0.00520033 0.999978 -0.198971 -0.660332 -0.220327
FixedParameters: 0 0 0

#Transform 126
Transform: AffineTransform_float_3_3
Parameters: 0.999988 0.0025 0.0041932 -0.002522 0.999983 0.00524949 -0.00418081 -0.00526052 0.999978 -0.208403 -0.672849 -0.225295
FixedParameters: 0 0 0

#Transform 127
Transform: AffineTransform_float_3_3
Parameters: 0.999987 0.00253792 0.00458239 -0.00255309 0.999992 0.00328935 -0.00457461 -0.00330066 0.999984 -0.17292 -0.741832 -0.363003
FixedParameters: 0 0 0

#Transform 128
Transform: AffineTransform_float_3_3
Parameters: 0.999967 0.00254705 0.00761942 -0.00232196 0.999565 -0.0294006 -0.00769057 0.0293824 0.999538 -0.190765 -0.755233 -1.42747
FixedParameters: 0 0 0

#Transform 129
Transform: AffineTransform_float_3_3
Parameters: 0.999972 0.0034194 0.00664489 -0.00338161 0.999979 -0.00563063 -0.00666311 0.00560838 0.999962 -0.303838 -0.662766 -0.676969
FixedParameters: 0 0 0

#Transform 130
Transform: AffineTransform_float_3_3
Parameters: 0.999988 0.00265541 0.00424338 -0.00264859 0.999995 -0.00175126 -0.00424763 0.00173974 0.99999 -0.252371 -0.676888 -0.615246
FixedParameters: 0 0 0

#Transform 131
Transform: AffineTransform_float_3_3
Parameters: 0.999983 0.0037444 0.00443861 -0.00376359 0.999983 0.00441437 -0.0044214 -0.00443163 0.999981 -0.259578 -0.72636 -0.228638
FixedParameters: 0 0 0

#Transform 132
Transform: AffineTransform_float_3_3
Parameters: 0.999982 0.00357578 0.00479041 -0.00359523 0.999986 0.00400985 -0.00477659 -0.00402716 0.999981 -0.259882 -0.685165 -0.316942
FixedParameters: 0 0 0

#Transform 133
Transform: AffineTransform_float_3_3
Parameters: 0.999983 0.00333046 0.00488064 -0.00334554 0.99999 0.00317873 -0.00487036 -0.00319528 0.999983 -0.242068 -0.697719 -0.330915
FixedParameters: 0 0 0

#Transform 134
Transform: AffineTransform_float_3_3
Parameters: 0.999981 0.00321102 0.00528868 -0.00322197 0.999992 0.002068 -0.00528232 -0.002085 0.999984 -0.243895 -0.702546 -0.26398
FixedParameters: 0 0 0

#Transform 135
Transform: AffineTransform_float_3_3
Parameters: 0.999979 0.00286049 0.00591564 -0.00286752 0.999995 0.00126206 -0.00591236 -0.00127894 0.999981 -0.234026 -0.689729 -0.304756
FixedParameters: 0 0 0

#Transform 136
Transform: AffineTransform_float_3_3
Parameters: 0.999984 0.00259232 0.00506154 -0.00260768 0.999993 0.00289585 -0.00505345 -0.00290915 0.999983 -0.228033 -0.6985 -0.378888
FixedParameters: 0 0 0

#Transform 137
Transform: AffineTransform_float_3_3
Parameters: 0.999982 0.00270157 0.00522201 -0.00271642 0.999992 0.00294887 -0.00521399 -0.00296314 0.999982 -0.232597 -0.71474 -0.38921
FixedParameters: 0 0 0

#Transform 138
Transform: AffineTransform_float_3_3
Parameters: 0.999985 0.00259164 0.00481547 -0.00261036 0.999988 0.00401849 -0.00480453 -0.00403151 0.999981 -0.238576 -0.748695 -0.42743
FixedParameters: 0 0 0

#Transform 139
Transform: AffineTransform_float_3_3
Parameters: 0.999983 0.00196621 0.00537397 -0.00200379 0.999973 0.00703535 -0.00536002 -0.00704565 0.999961 -0.218904 -0.784931 -0.455866
FixedParameters: 0 0 0

#Transform 140
Transform: AffineTransform_float_3_3
Parameters: 0.999989 0.00263088 0.00406088 -0.00264313 0.999992 0.0029833 -0.00405312 -0.0029937 0.999988 -0.230324 -0.815253 -0.171403
FixedParameters: 0 0 0

#Transform 141
Transform: AffineTransform_float_3_3
Parameters: 0.999965 0.00204597 0.00803444 -0.00199603 0.999978 -0.00622225 -0.00804656 0.00620675 0.999949 -0.296802 -0.750672 -0.0686676
FixedParameters: 0 0 0

#Transform 142
Transform: AffineTransform_float_3_3
Parameters: 0.999961 0.0031014 0.00835731 -0.0030856 0.999993 -0.00185486 -0.0083627 0.00182914 0.999964 -0.314919 -0.764739 -0.110095
FixedParameters: 0 0 0

#Transform 143
Transform: AffineTransform_float_3_3
Parameters: 0.999965 0.0027642 0.00796859 -0.00276281 0.999996 -0.000161021 -0.00796942 0.000138976 0.999968 -0.274879 -0.792309 -0.203468
FixedParameters: 0 0 0

#Transform 144
Transform: AffineTransform_float_3_3
Parameters: 0.999967 0.0027162 0.00757188 -0.00272679 0.999996 0.0014154 -0.00756812 -0.0014366 0.999971 -0.272059 -0.777664 -0.249242
FixedParameters: 0 0 0

#Transform 145
Transform: AffineTransform_float_3_3
Parameters: 0.999969 0.00282338 0.00738076 -0.00284062 0.999993 0.00237811 -0.00737423 -0.0023989 0.99997 -0.250805 -0.794152 -0.275533
FixedParameters: 0 0 0

#Transform 146
Transform: AffineTransform_float_3_3
Parameters: 0.999973 0.00319891 0.00671708 -0.00322009 0.99999 0.00313146 -0.00670692 -0.00315254 0.999972 -0.269083 -0.810849 -0.298084
FixedParameters: 0 0 0

#Transform 147
Transform: AffineTransform_float_3_3
Parameters: 0.999972 0.00299303 0.00684662 -0.00299897 0.999995 0.000862492 -0.00684339 -0.000882507 0.999976 -0.245378 -0.813155 -0.247946
FixedParameters: 0 0 0

#Transform 148
Transform: AffineTransform_float_3_3
Parameters: 0.999972 0.00333598 0.00670303 -0.00332802 0.999993 -0.00120134 -0.00670697 0.00117966 0.999977 -0.317474 -0.833264 -0.29342
FixedParameters: 0 0 0

#Transform 149
Transform: AffineTransform_float_3_3
Parameters: 0.999972 0.00308953 0.00692089 -0.00309647 0.999995 0.000924596 -0.0069181 -0.0009464 0.999975 -0.29972 -0.816552 -0.329904
FixedParameters: 0 0 0

#Transform 150
Transform: AffineTransform_float_3_3
Parameters: 0.999967 0.00324852 0.0075448 -0.00325548 0.999995 0.000846467 -0.00754221 -0.000871531 0.999971 -0.318748 -0.82393 -0.298235
FixedParameters: 0 0 0

#Transform 151
Transform: AffineTransform_float_3_3
Parameters: 0.999973 0.00310943 0.0067671 -0.00311457 0.999995 0.000664942 -0.0067649 -0.000686054 0.999977 -0.306217 -0.852601 -0.260408
FixedParameters: 0 0 0

#Transform 152
Transform: AffineTransform_float_3_3
Parameters: 0.999975 0.00268567 0.00656918 -0.00269133 0.999996 0.000802341 -0.00656682 -0.000819657 0.999978 -0.25376 -0.830598 -0.28552
FixedParameters: 0 0 0

#Transform 153
Transform: AffineTransform_float_3_3
Parameters: 0.999975 0.0030929 0.00644257 -0.00309211 0.999995 -0.000148925 -0.00644343 0.000129074 0.999979 -0.290852 -0.842281 -0.329713
FixedParameters: 0 0 0

#Transform 154
Transform: AffineTransform_float_3_3
Parameters: 0.999981 0.00291111 0.00541725 -0.00291889 0.999994 0.00144922 -0.00541276 -0.00146478 0.999985 -0.29099 -0.840023 -0.338643
FixedParameters: 0 0 0

#Transform 155
Transform: AffineTransform_float_3_3
Parameters: 0.999982 0.00270049 0.00535425 -0.00269951 0.999997 -0.000285459 -0.00535475 0.000270544 0.999985 -0.245043 -0.859835 -0.413343
FixedParameters: 0 0 0
