# transform file /out/sourcedata/freesurfer/sub-v1s3x0050794_ses-1/mri/transforms/cc_up.lta
# created by oesteban on Tue Mar 10 02:12:46 2026

type      = 0 # LINEAR_VOX_TO_VOX
nxforms   = 1
mean      = 128.0000 131.0000 122.0000
sigma     = 10000.0000
1 4 4
9.993974566459656e-01 2.890641801059246e-02 1.921276748180389e-02 -6.378952980041504e+00 
-2.890107780694962e-02 9.995821714401245e-01 -5.556044634431601e-04 1.883879280090332e+01 
-1.922079920768738e-02 0.000000000000000e+00 9.998152256011963e-01 1.650054359436035e+01 
0.000000000000000e+00 0.000000000000000e+00 0.000000000000000e+00 1.000000000000000e+00 
src volume info
valid = 1  # volume info valid
filename = /out/sourcedata/freesurfer/sub-v1s3x0050794_ses-1/mri/norm.mgz
volume = 256 256 256
voxelsize = 1.000000000000000e+00 1.000000000000000e+00 1.000000000000000e+00
xras   = -1.000000000000000e+00 0.000000000000000e+00 0.000000000000000e+00
yras   = 0.000000000000000e+00 0.000000000000000e+00 -1.000000000000000e+00
zras   = 0.000000000000000e+00 1.000000000000000e+00 0.000000000000000e+00
cras   = -2.183898925781250e+00 -3.789279937744141e+01 3.086033630371094e+01
dst volume info
valid = 1  # volume info valid
filename = /out/sourcedata/freesurfer/sub-v1s3x0050794_ses-1/mri/norm.mgz
volume = 256 256 256
voxelsize = 1.000000000000000e+00 1.000000000000000e+00 1.000000000000000e+00
xras   = -1.000000000000000e+00 0.000000000000000e+00 0.000000000000000e+00
yras   = 0.000000000000000e+00 0.000000000000000e+00 -1.000000000000000e+00
zras   = 0.000000000000000e+00 1.000000000000000e+00 0.000000000000000e+00
cras   = -2.183898925781250e+00 -3.789279937744141e+01 3.086033630371094e+01
