#Insight Transform File V1.0
#Transform 0
Transform: AffineTransform_float_3_3
Parameters: 1 0.000608211 0.000320352 -0.000610786 0.999962 0.00877981 -0.000314649 -0.0087802 0.999962 -0.0185943 -0.11092 0.0206194
FixedParameters: 0 0 0

#Transform 1
Transform: AffineTransform_float_3_3
Parameters: 1 -0.000100094 0.00112131 9.19082e-05 0.999974 0.00721611 -0.00112169 -0.00721589 0.999974 -0.0174152 -0.0512157 0.0989312
FixedParameters: 0 0 0

#Transform 2
Transform: AffineTransform_float_3_3
Parameters: 1 8.09953e-05 0.000485685 -8.50072e-05 0.999966 0.00825096 -0.000485315 -0.00825104 0.999966 -0.0227681 0.00617597 0.309368
FixedParameters: 0 0 0

#Transform 3
Transform: AffineTransform_float_3_3
Parameters: 0.999999 0.00049895 0.000712146 -0.000502049 0.99999 0.00428864 -0.000709853 -0.00428835 0.99999 -0.0396853 0.0914979 0.202443
FixedParameters: 0 0 0

#Transform 4
Transform: AffineTransform_float_3_3
Parameters: 1 0.000200284 0.000216664 -0.000201717 0.999994 0.00330995 -0.000216333 -0.00331004 0.999994 -0.0193092 0.0912704 0.191695
FixedParameters: 0 0 0

#Transform 5
Transform: AffineTransform_float_3_3
Parameters: 0.999999 0.000653083 0.000310934 -0.000653917 0.999996 0.0029588 -0.000309067 -0.0029582 0.999995 -0.0284201 0.00110544 0.233537
FixedParameters: 0 0 0

#Transform 6
Transform: AffineTransform_float_3_3
Parameters: 0.999999 0.000622749 -0.000667372 -0.000620252 0.999997 0.00261742 0.000668626 -0.00261759 0.999997 -0.0337172 0.0945406 0.0873809
FixedParameters: 0 0 0

#Transform 7
Transform: AffineTransform_float_3_3
Parameters: 0.999998 0.000936034 -0.00209799 -0.000935967 1 1.69637e-05 0.00209802 -1.50362e-05 0.999998 -0.00397554 -0.0150319 -0.180207
FixedParameters: 0 0 0

#Transform 8
Transform: AffineTransform_float_3_3
Parameters: 0.999998 0.000854244 -0.00179128 -0.000858759 0.999996 -0.00265647 0.00178972 0.00265753 0.999995 -0.0220933 0.036448 -0.326879
FixedParameters: 0 0 0

#Transform 9
Transform: AffineTransform_float_3_3
Parameters: 0.999996 0.00270543 0.00139573 -0.00268859 0.999921 -0.0123388 -0.00142828 0.0123352 0.999923 -0.0810118 0.0639151 -0.498759
FixedParameters: 0 0 0

#Transform 10
Transform: AffineTransform_float_3_3
Parameters: 0.999999 0.0016232 0.000712266 -0.0016178 0.999973 -0.00724116 -0.000723733 0.00723984 0.999973 -0.06776 0.0943366 -0.322278
FixedParameters: 0 0 0

#Transform 11
Transform: AffineTransform_float_3_3
Parameters: 1 0.00113431 -0.000115929 -0.00113568 0.99998 -0.00610687 0.000108066 0.00610713 0.999982 -0.0429465 0.119019 -0.227106
FixedParameters: 0 0 0

#Transform 12
Transform: AffineTransform_float_3_3
Parameters: 0.999998 0.00210299 -0.00016266 -0.00210401 0.999976 -0.00649367 0.000149339 0.00649433 0.999979 -0.0654419 0.00317507 -0.124458
FixedParameters: 0 0 0

#Transform 13
Transform: AffineTransform_float_3_3
Parameters: 0.999999 0.000579438 -0.000552642 -0.000581559 0.999996 -0.00282968 0.000550356 0.00283032 0.999996 -0.0304414 0.0899326 -0.0314586
FixedParameters: 0 0 0

#Transform 14
Transform: AffineTransform_float_3_3
Parameters: 0.999999 0.00119944 -0.000802342 -0.00120157 0.999998 -0.00195104 0.000800656 0.00195196 0.999998 -0.0673245 0.0698073 -0.0533314
FixedParameters: 0 0 0

#Transform 15
Transform: AffineTransform_float_3_3
Parameters: 0.999999 -0.000308452 -0.00154612 0.000304549 0.999996 -0.00287847 0.00154688 0.00287852 0.999994 0.0142392 0.0547164 -0.0893557
FixedParameters: 0 0 0

#Transform 16
Transform: AffineTransform_float_3_3
Parameters: 0.999998 7.58616e-06 -0.00159302 -1.04138e-05 0.999997 -0.00214299 0.00159298 0.00214302 0.999997 -0.00951004 0.0386942 -0.0829228
FixedParameters: 0 0 0

#Transform 17
Transform: AffineTransform_float_3_3
Parameters: 0.999999 0.000487909 -0.000817651 -0.00048909 0.999999 -0.0013336 0.000817348 0.0013344 0.999999 -0.0289761 0.0179991 0.00337081
FixedParameters: 0 0 0

#Transform 18
Transform: AffineTransform_float_3_3
Parameters: 1 0.000306566 -0.000390342 -0.000307435 1 -0.00111288 0.000390658 0.00111312 1 -0.0249771 0.104838 0.00959137
FixedParameters: 0 0 0

#Transform 19
Transform: AffineTransform_float_3_3
Parameters: 0.999999 0.000734163 -0.000360669 -0.000733837 0.999999 0.000451265 0.000361331 -0.000451735 1 -0.0393927 0.0282657 0.0788205
FixedParameters: 0 0 0

#Transform 20
Transform: AffineTransform_float_3_3
Parameters: 1 0.000233985 2.81271e-05 -0.000234016 1 0.000542993 -2.88729e-05 -0.000543007 1 -0.0171436 0.011472 0.036133
FixedParameters: 0 0 0

#Transform 21
Transform: AffineTransform_float_3_3
Parameters: 1 0.000234035 7.389e-05 -0.000233966 1 -0.000470017 -7.311e-05 0.000469983 1 -0.0246622 0.0115486 -0.0466418
FixedParameters: 0 0 0

#Transform 22
Transform: AffineTransform_float_3_3
Parameters: 1 -0.000462795 -0.000531309 0.000462204 0.999999 -0.00149425 0.000532691 0.00149475 0.999998 0.0230494 0.0430002 -0.0732237
FixedParameters: 0 0 0

#Transform 23
Transform: AffineTransform_float_3_3
Parameters: 0.999999 -0.00031821 -0.000665422 0.00031779 0.999999 -0.00181821 0.000665579 0.00181779 0.999998 0.0147855 0.0638556 -0.109151
FixedParameters: 0 0 0

#Transform 24
Transform: AffineTransform_float_3_3
Parameters: 1 -0.000636156 -0.000153352 0.000635844 1 -0.0010181 0.000153647 0.0010179 0.999999 0.018224 0.0353171 -0.0489741
FixedParameters: 0 0 0

#Transform 25
Transform: AffineTransform_float_3_3
Parameters: 1 -0.000531292 -0.00032252 0.000530709 1 -0.000903171 0.000322479 0.000902829 0.999999 -0.0115082 0.0248046 -0.0229313
FixedParameters: 0 0 0

#Transform 26
Transform: AffineTransform_float_3_3
Parameters: 1 -0.000412079 -5.33968e-05 0.000411922 0.999999 -0.00146402 5.36035e-05 0.00146498 0.999999 -0.0129143 0.0524631 -0.0343975
FixedParameters: 0 0 0

#Transform 27
Transform: AffineTransform_float_3_3
Parameters: 1 -0.000744734 -0.000606101 0.000744268 0.999999 -0.00120845 0.0006069 0.00120855 0.999999 0.0127858 0.0216064 -0.0251119
FixedParameters: 0 0 0

#Transform 28
Transform: AffineTransform_float_3_3
Parameters: 0.999999 -0.000696623 -0.000649333 0.000696377 1 -0.000958453 0.000650668 0.000958548 1 0.00839007 0.0300525 -0.020588
FixedParameters: 0 0 0

#Transform 29
Transform: AffineTransform_float_3_3
Parameters: 0.999999 -0.00053591 -0.000792385 0.00053509 0.999999 -0.00114842 0.000792614 0.00114758 0.999999 -0.00344312 0.00861294 -0.00757395
FixedParameters: 0 0 0

#Transform 30
Transform: AffineTransform_float_3_3
Parameters: 1 0.000303058 -0.000861629 -0.000302943 0.999999 0.00122726 0.000861373 -0.00122674 0.999999 -0.056135 0.160154 0.149169
FixedParameters: 0 0 0

#Transform 31
Transform: AffineTransform_float_3_3
Parameters: 0.999999 8.15191e-05 -0.00148492 -7.94807e-05 1 0.00102312 0.00148508 -0.00102288 0.999999 -0.0473992 0.0579816 0.11623
FixedParameters: 0 0 0

#Transform 32
Transform: AffineTransform_float_3_3
Parameters: 0.999999 -0.000272146 -0.00138117 0.000272853 1 0.000617624 0.00138083 -0.000618376 0.999999 -0.0356477 0.0846628 0.0771537
FixedParameters: 0 0 0

#Transform 33
Transform: AffineTransform_float_3_3
Parameters: 0.999999 -0.000140827 -0.00138112 0.000142172 0.999999 0.000848804 0.00138088 -0.000849195 0.999998 -0.0400127 0.0687766 0.0998101
FixedParameters: 0 0 0

#Transform 34
Transform: AffineTransform_float_3_3
Parameters: 0.999999 -0.000190737 -0.00130618 0.000192263 0.999999 0.000966749 0.00130581 -0.000967249 0.999998 -0.0338769 0.0334737 0.0755118
FixedParameters: 0 0 0

#Transform 35
Transform: AffineTransform_float_3_3
Parameters: 0.999998 -0.000440341 -0.00155747 0.00044166 1 0.00106531 0.00155753 -0.00106569 0.999998 -0.0188553 0.0218996 0.118985
FixedParameters: 0 0 0

#Transform 36
Transform: AffineTransform_float_3_3
Parameters: 0.999999 -0.000390215 -0.00138151 0.000392785 0.999999 0.00129246 0.00138049 -0.00129254 0.999998 -0.0282119 0.028332 0.128197
FixedParameters: 0 0 0

#Transform 37
Transform: AffineTransform_float_3_3
Parameters: 0.999999 -0.00042569 -0.00138171 0.000427309 0.999998 0.00167241 0.00138029 -0.00167259 0.999997 -0.0222941 0.0248002 0.125148
FixedParameters: 0 0 0

#Transform 38
Transform: AffineTransform_float_3_3
Parameters: 0.999999 -0.000303678 -0.00138151 0.000306322 0.999998 0.00168158 0.00138049 -0.00168142 0.999997 -0.0240507 0.027346 0.11092
FixedParameters: 0 0 0

#Transform 39
Transform: AffineTransform_float_3_3
Parameters: 0.999999 -0.000532494 -0.00138197 0.000534506 0.999998 0.00181326 0.00138103 -0.00181474 0.999998 -0.0154926 0.0233886 0.10206
FixedParameters: 0 0 0

#Transform 40
Transform: AffineTransform_float_3_3
Parameters: 0.999999 -0.00030428 -0.00121743 0.000305721 0.999999 0.00141263 0.00121757 -0.00141337 0.999999 -0.0291161 0.0148201 0.0958337
FixedParameters: 0 0 0

#Transform 41
Transform: AffineTransform_float_3_3
Parameters: 0.999999 -0.000304207 -0.00122045 0.000305794 0.999999 0.00146963 0.00122055 -0.00146937 0.999998 -0.0317293 0.00920147 0.115668
FixedParameters: 0 0 0

#Transform 42
Transform: AffineTransform_float_3_3
Parameters: 1 -0.000424111 -0.000964392 0.000424891 1 0.000922591 0.000964609 -0.00092241 0.999999 -0.0189208 0.0067427 0.082602
FixedParameters: 0 0 0

#Transform 43
Transform: AffineTransform_float_3_3
Parameters: 1 -0.000569803 -0.000964708 0.000571198 0.999999 0.00124145 0.000964292 -0.00124155 0.999999 -0.0156649 -0.0147355 0.0735629
FixedParameters: 0 0 0

#Transform 44
Transform: AffineTransform_float_3_3
Parameters: 1 -0.000574822 -0.000964703 0.000576179 0.999999 0.00122144 0.000964297 -0.00122255 0.999999 -0.0078609 -0.032939 0.0976077
FixedParameters: 0 0 0

#Transform 45
Transform: AffineTransform_float_3_3
Parameters: 1 -0.000528574 -0.000964784 0.000530427 0.999999 0.00147949 0.000964217 -0.00147951 0.999999 -0.0127833 -0.0247353 0.0998525
FixedParameters: 0 0 0

#Transform 46
Transform: AffineTransform_float_3_3
Parameters: 0.999998 -0.00103594 -0.00138554 0.00103806 0.999999 0.00148456 0.00138446 -0.00148644 0.999998 0.00828574 -0.00451986 0.0918651
FixedParameters: 0 0 0

#Transform 47
Transform: AffineTransform_float_3_3
Parameters: 0.999999 -0.000984374 -0.00156602 0.000986627 0.999999 0.00103846 0.00156498 -0.00103954 0.999998 0.0155838 0.00462381 0.0639898
FixedParameters: 0 0 0

#Transform 48
Transform: AffineTransform_float_3_3
Parameters: 0.999998 -0.000789145 -0.00138449 0.000789854 0.999999 0.000616907 0.00138451 -0.000618093 0.999999 0.00202402 0.00491011 0.0682666
FixedParameters: 0 0 0

#Transform 49
Transform: AffineTransform_float_3_3
Parameters: 0.999998 -0.000931145 -0.00138457 0.000931855 1 0.000616711 0.00138442 -0.00061829 0.999999 0.00362478 0.0141466 0.0573521
FixedParameters: 0 0 0

#Transform 50
Transform: AffineTransform_float_3_3
Parameters: 1 -0.000855618 -0.000734612 0.000857382 0.999998 0.00188237 0.000733387 -0.00188363 0.999998 -0.0117542 -0.0329608 0.0617197
FixedParameters: 0 0 0

#Transform 51
Transform: AffineTransform_float_3_3
Parameters: 1 -0.000917083 -0.000642312 0.000917918 0.999999 0.00142941 0.000640688 -0.00143059 0.999999 -0.0113962 -0.0484677 0.0222492
FixedParameters: 0 0 0

#Transform 52
Transform: AffineTransform_float_3_3
Parameters: 0.999999 -0.000964522 -0.000838704 0.000966477 0.999998 0.00176419 0.000836296 -0.00176481 0.999998 0.00147556 -0.0382593 0.0513507
FixedParameters: 0 0 0

#Transform 53
Transform: AffineTransform_float_3_3
Parameters: 0.999999 -0.000919779 -0.000838341 0.00092122 0.999998 0.00145723 0.000836658 -0.00145777 0.999998 0.000378117 -0.0276246 0.0564901
FixedParameters: 0 0 0

#Transform 54
Transform: AffineTransform_float_3_3
Parameters: 1 -0.00066398 -0.000894274 0.000663022 0.999999 -0.00109459 0.000894727 0.00109441 0.999999 -0.0155561 -0.0119388 -0.0307735
FixedParameters: 0 0 0

#Transform 55
Transform: AffineTransform_float_3_3
Parameters: 0.999998 -0.00116925 -0.00169214 0.00116775 0.999999 -0.000737978 0.00169386 0.000736021 0.999999 0.0145883 -0.0155875 -0.0224596
FixedParameters: 0 0 0

#Transform 56
Transform: AffineTransform_float_3_3
Parameters: 0.999998 -0.000969405 -0.0016855 0.000972596 0.999999 0.00153936 0.0016845 -0.00154164 0.999998 0.00933309 -0.0363714 0.0655798
FixedParameters: 0 0 0

#Transform 57
Transform: AffineTransform_float_3_3
Parameters: 0.999998 -0.00110571 -0.00126101 0.00110729 0.999997 0.0018136 0.00125899 -0.00181539 0.999997 -0.00651948 -0.0389435 0.0846357
FixedParameters: 0 0 0

#Transform 58
Transform: AffineTransform_float_3_3
Parameters: 0.999999 -0.00142469 -0.00101484 0.00142631 0.999998 0.00128755 0.00101316 -0.00128945 0.999998 0.00148857 -0.0381607 0.0611627
FixedParameters: 0 0 0

#Transform 59
Transform: AffineTransform_float_3_3
Parameters: 0.999997 -0.000530281 -0.00263615 0.000520718 0.999993 -0.00351939 0.00263885 0.00351861 0.999991 -0.0507742 -0.00109599 -0.0848281
FixedParameters: 0 0 0

#Transform 60
Transform: AffineTransform_float_3_3
Parameters: 0.999999 0.00137036 -0.000612184 -0.00136964 0.999999 0.000595839 0.000612816 -0.000595161 0.999999 -0.0738959 0.0251108 0.0496208
FixedParameters: 0 0 0

#Transform 61
Transform: AffineTransform_float_3_3
Parameters: 0.999997 0.00112586 -0.00247934 -0.00113014 0.999997 -0.00207421 0.00247666 0.0020768 0.999995 -0.0680675 -0.00995166 -0.036446
FixedParameters: 0 0 0

#Transform 62
Transform: AffineTransform_float_3_3
Parameters: 0.999998 -0.000135214 -0.0016544 0.000139787 0.999996 0.00289277 0.0016546 -0.00289323 0.999995 -0.0516139 -0.0475599 0.139432
FixedParameters: 0 0 0

#Transform 63
Transform: AffineTransform_float_3_3
Parameters: 0.999999 0.000271948 -0.00134121 -0.000268053 0.999995 0.00294236 0.00134179 -0.00294264 0.999995 -0.0649267 -0.0757772 0.149935
FixedParameters: 0 0 0

#Transform 64
Transform: AffineTransform_float_3_3
Parameters: 0.999999 0.00124194 -0.00125614 -0.00123706 0.999991 0.00392256 0.00126086 -0.00392044 0.999991 -0.0902368 -0.0759633 0.151974
FixedParameters: 0 0 0

#Transform 65
Transform: AffineTransform_float_3_3
Parameters: 0.999999 0.000649427 -0.000823586 -0.000635564 0.999868 0.0162015 0.000834406 -0.0162005 0.999869 -0.0722089 0.0740668 0.800617
FixedParameters: 0 0 0

#Transform 66
Transform: AffineTransform_float_3_3
Parameters: 0.999997 0.000175648 -0.00219822 -9.93585e-05 0.999394 0.0348203 0.00220279 -0.0348197 0.999391 -0.0438354 -0.0860807 1.16442
FixedParameters: 0 0 0

#Transform 67
Transform: AffineTransform_float_3_3
Parameters: 0.999999 0.000361168 -0.00170734 -0.000311843 0.999587 0.0287106 0.00171666 -0.0287104 0.999587 -0.0723312 -0.0433047 1.04158
FixedParameters: 0 0 0

#Transform 68
Transform: AffineTransform_float_3_3
Parameters: 0.999999 0.000376781 -0.00138454 -0.000336205 0.999569 0.0293375 0.00139546 -0.0293375 0.999568 -0.0733929 -0.0172631 1.04322
FixedParameters: 0 0 0

#Transform 69
Transform: AffineTransform_float_3_3
Parameters: 0.999998 0.000286616 -0.0016015 -0.000241398 0.999597 0.0284114 0.00160851 -0.0284106 0.999595 -0.0640452 -0.0423291 0.989952
FixedParameters: 0 0 0

#Transform 70
Transform: AffineTransform_float_3_3
Parameters: 0.999999 0.000206416 -0.00171195 -0.000158584 0.999617 0.0276503 0.00171704 -0.0276507 0.999616 -0.0609797 -0.0729591 0.957907
FixedParameters: 0 0 0

#Transform 71
Transform: AffineTransform_float_3_3
Parameters: 0.999999 3.85005e-05 -0.00154653 4.51403e-06 0.999604 0.028118 0.00154749 -0.028118 0.999604 -0.0582039 -0.0574519 0.986403
FixedParameters: 0 0 0

#Transform 72
Transform: AffineTransform_float_3_3
Parameters: 0.999998 -8.52238e-06 -0.00171789 5.54807e-05 0.999618 0.0276389 0.00171712 -0.027639 0.999616 -0.0555615 -0.128846 1.00088
FixedParameters: 0 0 0

#Transform 73
Transform: AffineTransform_float_3_3
Parameters: 0.999998 -8.90704e-05 -0.00197217 0.000142924 0.999625 0.0273618 0.00196883 -0.0273622 0.999623 -0.0510297 -0.101631 0.982337
FixedParameters: 0 0 0

#Transform 74
Transform: AffineTransform_float_3_3
Parameters: 0.999998 -0.000193135 -0.00186285 0.000242868 0.99964 0.0268046 0.00185716 -0.0268054 0.999639 -0.0493852 -0.0992651 0.953409
FixedParameters: 0 0 0

#Transform 75
Transform: AffineTransform_float_3_3
Parameters: 0.999999 -2.44016e-05 -0.00149122 6.55921e-05 0.999629 0.0272309 0.00148977 -0.0272311 0.999628 -0.0515126 -0.0985362 0.98117
FixedParameters: 0 0 0

#Transform 76
Transform: AffineTransform_float_3_3
Parameters: 0.999998 -0.000220851 -0.00169864 0.00026716 0.99963 0.0272166 0.00169236 -0.0272164 0.999628 -0.0464391 -0.0840466 0.938712
FixedParameters: 0 0 0

#Transform 77
Transform: AffineTransform_float_3_3
Parameters: 0.999998 -0.000246775 -0.00188211 0.000295223 0.999656 0.0261995 0.00187491 -0.0261995 0.999655 -0.0410355 -0.108733 0.930575
FixedParameters: 0 0 0

#Transform 78
Transform: AffineTransform_float_3_3
Parameters: 0.999999 -0.000276181 -0.00172677 0.0003208 0.999661 0.0260095 0.00171824 -0.0260095 0.99966 -0.0485634 -0.101771 0.952377
FixedParameters: 0 0 0

#Transform 79
Transform: AffineTransform_float_3_3
Parameters: 0.999999 -0.000214338 -0.00129701 0.000247662 0.999661 0.0260097 0.001291 -0.0260093 0.999661 -0.0540553 -0.113186 0.936561
FixedParameters: 0 0 0

#Transform 80
Transform: AffineTransform_float_3_3
Parameters: 0.999999 -0.00018215 -0.00151418 0.000220846 0.999669 0.0256977 0.00150882 -0.0256973 0.999668 -0.0476981 -0.103623 0.932254
FixedParameters: 0 0 0

#Transform 81
Transform: AffineTransform_float_3_3
Parameters: 0.999999 0.000692654 -0.000727787 -0.00067234 0.999644 0.0266675 0.000746194 -0.0266665 0.999644 -0.0984761 0.0634097 0.949127
FixedParameters: 0 0 0

#Transform 82
Transform: AffineTransform_float_3_3
Parameters: 0.999998 0.00102848 -0.00123445 -0.00101251 0.999912 0.0132813 0.00124856 -0.0132797 0.999911 -0.100806 -0.0599007 0.609366
FixedParameters: 0 0 0

#Transform 83
Transform: AffineTransform_float_3_3
Parameters: 1 0.000858243 -0.000476202 -0.000854752 0.999976 0.00676941 0.000482797 -0.00676859 0.999977 -0.0716336 -0.0563545 0.374895
FixedParameters: 0 0 0

#Transform 84
Transform: AffineTransform_float_3_3
Parameters: 0.999999 0.000593071 -0.000581875 -0.000586937 0.999946 0.0103803 0.000587124 -0.0103797 0.999946 -0.0724095 -0.0680791 0.490751
FixedParameters: 0 0 0

#Transform 85
Transform: AffineTransform_float_3_3
Parameters: 0.999999 0.000330202 -0.000700738 -0.000320796 0.999915 0.0130902 0.00070526 -0.0130908 0.999914 -0.0697449 -0.0922128 0.559716
FixedParameters: 0 0 0

#Transform 86
Transform: AffineTransform_float_3_3
Parameters: 0.999999 0.000169916 -0.000974675 -0.000156093 0.999899 0.0142602 0.000976325 -0.0142598 0.999898 -0.0603818 -0.0921659 0.589235
FixedParameters: 0 0 0

#Transform 87
Transform: AffineTransform_float_3_3
Parameters: 0.999999 0.000262963 -0.00147642 -0.000242028 0.9999 0.0141814 0.00148058 -0.0141806 0.999899 -0.0732042 -0.10192 0.587023
FixedParameters: 0 0 0

#Transform 88
Transform: AffineTransform_float_3_3
Parameters: 0.999997 -0.000180427 -0.0021339 0.000212574 0.999891 0.0148046 0.00213109 -0.0148054 0.999888 -0.0507533 -0.125843 0.606954
FixedParameters: 0 0 0

#Transform 89
Transform: AffineTransform_float_3_3
Parameters: 0.999998 -0.000130605 -0.00166818 0.000156392 0.999884 0.0152318 0.00166581 -0.0152322 0.999882 -0.0520697 -0.121364 0.613858
FixedParameters: 0 0 0

#Transform 90
Transform: AffineTransform_float_3_3
Parameters: 0.999998 -0.000112636 -0.0016759 0.000137365 0.999886 0.0151418 0.00167411 -0.0151422 0.999884 -0.0523474 -0.127999 0.600188
FixedParameters: 0 0 0

#Transform 91
Transform: AffineTransform_float_3_3
Parameters: 0.999998 -0.00036925 -0.00166592 0.000394751 0.99988 0.0154834 0.00166009 -0.0154836 0.999878 -0.0458235 -0.102869 0.620033
FixedParameters: 0 0 0

#Transform 92
Transform: AffineTransform_float_3_3
Parameters: 0.999999 3.80856e-05 -0.00130969 -2.49112e-05 0.99995 0.00999004 0.00131031 -0.00998996 0.999949 -0.0756577 -0.275106 -0.602707
FixedParameters: 0 0 0

#Transform 93
Transform: AffineTransform_float_3_3
Parameters: 0.999997 0.00216989 0.00158547 -0.00214812 0.999904 -0.0136775 -0.00161453 0.0136736 0.999905 -0.216906 -0.416642 -2.0026
FixedParameters: 0 0 0

#Transform 94
Transform: AffineTransform_float_3_3
Parameters: 0.999997 0.00171929 0.00178302 -0.00169271 0.999892 -0.0146431 -0.00180798 0.0146399 0.999891 -0.142673 -0.149414 -0.729085
FixedParameters: 0 0 0

#Transform 95
Transform: AffineTransform_float_3_3
Parameters: 1 0.00102275 0.00030247 -0.00102125 0.999997 -0.00247531 -0.000304528 0.00247469 0.999997 -0.126749 -0.151186 -0.328772
FixedParameters: 0 0 0

#Transform 96
Transform: AffineTransform_float_3_3
Parameters: 1 0.00106496 -5.68381e-05 -0.00106505 0.999999 -0.00078694 5.61618e-05 0.00078706 0.999999 -0.109438 -0.12915 -0.228957
FixedParameters: 0 0 0

#Transform 97
Transform: AffineTransform_float_3_3
Parameters: 0.999999 0.000918044 -0.0004119 -0.000917955 0.999999 0.000108378 0.0004121 -0.000108622 1 -0.0986481 -0.134666 -0.217552
FixedParameters: 0 0 0

#Transform 98
Transform: AffineTransform_float_3_3
Parameters: 1 0.000318403 -0.000410917 -0.000317597 0.999994 0.00341013 0.000412085 -0.00340987 0.999994 -0.0869548 -0.179526 -0.108081
FixedParameters: 0 0 0

#Transform 99
Transform: AffineTransform_float_3_3
Parameters: 1 0.000468997 -0.000409725 -0.000467006 0.999988 0.00486119 0.000411275 -0.00486081 0.999988 -0.106034 -0.168955 -0.0344682
FixedParameters: 0 0 0

#Transform 100
Transform: AffineTransform_float_3_3
Parameters: 1 0.000291168 -0.000410471 -0.000288834 0.999986 0.00527212 0.000411529 -0.00527288 0.999986 -0.0870631 -0.164126 -0.0278902
FixedParameters: 0 0 0

#Transform 101
Transform: AffineTransform_float_3_3
Parameters: 0.999999 0.000110889 -0.00078446 -0.000107113 0.999987 0.00495609 0.000784541 -0.00495592 0.999988 -0.0934158 -0.201121 -0.00170617
FixedParameters: 0 0 0

#Transform 102
Transform: AffineTransform_float_3_3
Parameters: 1 0.00061887 -0.000253888 -0.000618129 0.999994 0.00341516 0.000256112 -0.00341484 0.999994 -0.111112 -0.210829 -0.428997
FixedParameters: 0 0 0

#Transform 103
Transform: AffineTransform_float_3_3
Parameters: 0.999998 0.000148702 -0.00158303 -0.000125299 0.999898 0.0143312 0.00158496 -0.0143308 0.999896 -0.0784948 -0.206058 0.0827696
FixedParameters: 0 0 0

#Transform 104
Transform: AffineTransform_float_3_3
Parameters: 1 -0.000219766 -0.00120307 0.000241232 0.999843 0.0176777 0.00119892 -0.0176783 0.999843 -0.0719676 -0.202032 0.167267
FixedParameters: 0 0 0

#Transform 105
Transform: AffineTransform_float_3_3
Parameters: 0.999999 -0.000490264 -0.00147446 0.000514727 0.999859 0.0168223 0.00146555 -0.0168238 0.999858 -0.0718489 -0.212834 0.0926871
FixedParameters: 0 0 0

#Transform 106
Transform: AffineTransform_float_3_3
Parameters: 1 -0.000579352 -0.000887415 0.000595658 0.999842 0.0177355 0.000877574 -0.0177365 0.999843 -0.0643613 -0.210544 0.123325
FixedParameters: 0 0 0

#Transform 107
Transform: AffineTransform_float_3_3
Parameters: 0.999998 -0.000614927 -0.00150194 0.000641056 0.999848 0.0174211 0.00149006 -0.0174219 0.999847 -0.0537832 -0.241667 0.0844043
FixedParameters: 0 0 0

#Transform 108
Transform: AffineTransform_float_3_3
Parameters: 0.999998 -0.00065912 -0.00201017 0.000698898 0.999812 0.0194036 0.00199781 -0.0194044 0.999809 -0.0456864 -0.243655 0.159983
FixedParameters: 0 0 0

#Transform 109
Transform: AffineTransform_float_3_3
Parameters: 0.999999 -0.00034075 -0.00183211 0.000376249 0.999804 0.0198224 0.0018249 -0.0198227 0.999802 -0.0599189 -0.226739 0.166133
FixedParameters: 0 0 0

#Transform 110
Transform: AffineTransform_float_3_3
Parameters: 0.999997 -0.000358797 -0.00245536 0.000405196 0.999814 0.0192511 0.00244765 -0.0192519 0.999811 -0.0480612 -0.218081 0.109095
FixedParameters: 0 0 0

#Transform 111
Transform: AffineTransform_float_3_3
Parameters: 0.999998 -0.000480254 -0.00199447 0.000518737 0.99982 0.018968 0.00198452 -0.018969 0.999818 -0.0434923 -0.224152 0.0687591
FixedParameters: 0 0 0

#Transform 112
Transform: AffineTransform_float_3_3
Parameters: 0.999998 -0.000187487 -0.00187389 0.000222514 0.99982 0.0189686 0.00187012 -0.0189694 0.999819 -0.0616042 -0.212652 0.135225
FixedParameters: 0 0 0

#Transform 113
Transform: AffineTransform_float_3_3
Parameters: 0.999997 -0.000177218 -0.00212359 0.000215788 0.999833 0.0182756 0.00212041 -0.0182764 0.99983 -0.0591635 -0.202797 0.0898416
FixedParameters: 0 0 0

#Transform 114
Transform: AffineTransform_float_3_3
Parameters: 0.999999 -1.83461e-05 -0.00150756 4.46616e-05 0.999843 0.0176819 0.00150745 -0.017682 0.999842 -0.0700986 -0.236584 0.0690197
FixedParameters: 0 0 0

#Transform 115
Transform: AffineTransform_float_3_3
Parameters: 0.999999 -0.000474955 -0.00173878 0.00050605 0.999839 0.0178981 0.00173022 -0.0178989 0.999839 -0.05634 -0.239231 0.0557583
FixedParameters: 0 0 0

#Transform 116
Transform: AffineTransform_float_3_3
Parameters: 1 0.000121018 -0.000285928 -0.000115981 0.999847 0.017484 0.000288072 -0.017484 0.999847 -0.0676757 -0.32595 0.0880944
FixedParameters: 0 0 0

#Transform 117
Transform: AffineTransform_float_3_3
Parameters: 0.999999 -0.000268244 -0.00183176 0.000304761 0.999798 0.0200955 0.00182625 -0.0200955 0.999797 -0.0556892 -0.205685 0.172377
FixedParameters: 0 0 0

#Transform 118
Transform: AffineTransform_float_3_3
Parameters: 0.999999 0.000104926 -0.00186025 -6.70583e-05 0.999793 0.0203762 0.00186275 -0.0203758 0.99979 -0.0699115 -0.118846 0.189512
FixedParameters: 0 0 0

#Transform 119
Transform: AffineTransform_float_3_3
Parameters: 0.99998 -0.00629156 -0.000862831 0.00632445 0.998968 0.0449715 0.000579146 -0.0449766 0.998988 0.175149 0.0472423 1.05365
FixedParameters: 0 0 0

#Transform 120
Transform: AffineTransform_float_3_3
Parameters: 1 0.000625276 0.000147508 -0.00062673 0.999928 0.0119909 -0.000140495 -0.0119911 0.999928 -0.0947306 -0.116687 0.115485
FixedParameters: 0 0 0

#Transform 121
Transform: AffineTransform_float_3_3
Parameters: 1 1.67655e-06 -0.000691102 1.16746e-05 0.999804 0.019789 0.000690904 -0.019789 0.999804 -0.0758467 -0.163807 0.262754
FixedParameters: 0 0 0

#Transform 122
Transform: AffineTransform_float_3_3
Parameters: 1 -0.000243968 -0.000340894 0.000252011 0.999717 0.0237649 0.000334105 -0.0237641 0.999717 -0.0836391 -0.191484 0.316443
FixedParameters: 0 0 0

#Transform 123
Transform: AffineTransform_float_3_3
Parameters: 1 6.90505e-05 -4.23324e-05 -6.79576e-05 0.999704 0.024332 4.36665e-05 -0.024332 0.999704 -0.0974478 -0.174724 0.395048
FixedParameters: 0 0 0

#Transform 124
Transform: AffineTransform_float_3_3
Parameters: 1 3.12246e-05 0.00037683 -3.97795e-05 0.999729 0.02331 -0.000376175 -0.02331 0.999728 -0.090511 -0.179555 0.306771
FixedParameters: 0 0 0

#Transform 125
Transform: AffineTransform_float_3_3
Parameters: 0.999999 -0.000117966 0.000710533 0.000101024 0.999749 0.0224281 -0.000713445 -0.0224279 0.999748 -0.0860535 -0.212687 0.205372
FixedParameters: 0 0 0

#Transform 126
Transform: AffineTransform_float_3_3
Parameters: 1 -0.000272202 0.000524849 0.000259794 0.999733 0.0231101 -0.000531145 -0.0231099 0.999733 -0.0780509 -0.213801 0.243373
FixedParameters: 0 0 0

#Transform 127
Transform: AffineTransform_float_3_3
Parameters: 0.999999 -0.000388068 0.000804072 0.00036991 0.999722 0.0235803 -0.000813948 -0.0235797 0.999721 -0.0817788 -0.205987 0.177432
FixedParameters: 0 0 0

#Transform 128
Transform: AffineTransform_float_3_3
Parameters: 1 -0.00019814 0.000254334 0.000191868 0.999714 0.023918 -0.000258663 -0.0239179 0.999714 -0.0799782 -0.177785 0.275277
FixedParameters: 0 0 0

#Transform 129
Transform: AffineTransform_float_3_3
Parameters: 1 -0.000287892 0.000415314 0.000278115 0.999721 0.0236251 -0.000421688 -0.0236249 0.999721 -0.082872 -0.190689 0.234116
FixedParameters: 0 0 0

#Transform 130
Transform: AffineTransform_float_3_3
Parameters: 0.999999 -0.000152755 0.000787593 0.000134258 0.999717 0.0237591 -0.000790413 -0.0237589 0.999718 -0.0847259 -0.195796 0.236283
FixedParameters: 0 0 0

#Transform 131
Transform: AffineTransform_float_3_3
Parameters: 1 -0.000248383 0.000977354 0.000225625 0.999715 0.0238532 -0.000982662 -0.0238528 0.999715 -0.0822172 -0.197726 0.249268
FixedParameters: 0 0 0

#Transform 132
Transform: AffineTransform_float_3_3
Parameters: 1 -0.000197765 0.00066753 0.000182224 0.999723 0.0235351 -0.000672475 -0.0235349 0.999723 -0.0828046 -0.20284 0.240981
FixedParameters: 0 0 0

#Transform 133
Transform: AffineTransform_float_3_3
Parameters: 1 -0.000210056 0.000600264 0.000195926 0.999728 0.0233221 -0.000605734 -0.0233219 0.999728 -0.0798077 -0.220657 0.208134
FixedParameters: 0 0 0

#Transform 134
Transform: AffineTransform_float_3_3
Parameters: 0.999999 -0.000167602 0.000920486 0.000147387 0.999751 0.0223362 -0.000924522 -0.0223359 0.99975 -0.0912358 -0.226867 0.223032
FixedParameters: 0 0 0

#Transform 135
Transform: AffineTransform_float_3_3
Parameters: 1 -2.31379e-05 0.000636643 8.85419e-06 0.999753 0.022198 -0.000637354 -0.022198 0.999754 -0.0850306 -0.222653 0.193564
FixedParameters: 0 0 0

#Transform 136
Transform: AffineTransform_float_3_3
Parameters: 0.999999 -0.000809551 0.000241089 0.000804451 0.999754 0.0221982 -0.000258921 -0.0221978 0.999753 -0.0337812 -0.264805 0.199808
FixedParameters: 0 0 0

#Transform 137
Transform: AffineTransform_float_3_3
Parameters: 0.999999 -0.000904883 0.00153744 0.000868127 0.999731 0.0231824 -0.00155754 -0.0231806 0.99973 -0.0353897 -0.244757 0.213473
FixedParameters: 0 0 0

#Transform 138
Transform: AffineTransform_float_3_3
Parameters: 0.999997 -0.000329691 0.00245806 0.000273311 0.999735 0.0230277 -0.00246495 -0.0230272 0.999732 -0.0714692 -0.257084 0.201404
FixedParameters: 0 0 0

#Transform 139
Transform: AffineTransform_float_3_3
Parameters: 0.999998 -0.000512891 0.00217039 0.00046112 0.999715 0.0238411 -0.00218162 -0.0238409 0.999714 -0.0617744 -0.256333 0.237528
FixedParameters: 0 0 0

#Transform 140
Transform: AffineTransform_float_3_3
Parameters: 0.999997 -0.000401359 0.00234304 0.000344642 0.999712 0.0240049 -0.00235195 -0.0240041 0.999709 -0.0615603 -0.249009 0.255021
FixedParameters: 0 0 0

#Transform 141
Transform: AffineTransform_float_3_3
Parameters: 0.999997 -0.000336023 0.00224257 0.000281991 0.999711 0.0240467 -0.00224943 -0.0240463 0.999709 -0.0681692 -0.240719 0.232858
FixedParameters: 0 0 0

#Transform 142
Transform: AffineTransform_float_3_3
Parameters: 0.999999 -0.000188697 0.0015239 0.000152301 0.999711 0.0240453 -0.0015281 -0.0240447 0.999709 -0.0674375 -0.240503 0.264789
FixedParameters: 0 0 0

#Transform 143
Transform: AffineTransform_float_3_3
Parameters: 0.999999 -0.000235784 0.00171087 0.000195213 0.999716 0.0237994 -0.00171613 -0.0237986 0.999716 -0.0627503 -0.253545 0.242186
FixedParameters: 0 0 0

#Transform 144
Transform: AffineTransform_float_3_3
Parameters: 0.999996 -0.000146057 0.0028463 7.69495e-05 0.999706 0.0242473 -0.0028487 -0.0242467 0.999702 -0.0829491 -0.28329 0.271712
FixedParameters: 0 0 0

#Transform 145
Transform: AffineTransform_float_3_3
Parameters: 0.999999 -0.000296988 0.00136888 0.000262009 0.999675 0.0254894 -0.00137613 -0.0254886 0.999674 -0.0689775 -0.283942 0.307857
FixedParameters: 0 0 0

#Transform 146
Transform: AffineTransform_float_3_3
Parameters: 0.999998 -0.000453579 0.0015814 0.000411405 0.99964 0.0268217 -0.00159361 -0.0268213 0.999639 -0.0698457 -0.206563 0.327869
FixedParameters: 0 0 0

#Transform 147
Transform: AffineTransform_float_3_3
Parameters: 0.999999 -0.000482303 0.00143601 0.000445697 0.999666 0.0258647 -0.00144801 -0.0258644 0.999665 -0.0773446 -0.236888 0.325398
FixedParameters: 0 0 0

#Transform 148
Transform: AffineTransform_float_3_3
Parameters: 1 -0.000850345 0.000844165 0.00082666 0.999596 0.0284317 -0.000867855 -0.0284313 0.999596 -0.0443704 -0.299298 0.364473
FixedParameters: 0 0 0

#Transform 149
Transform: AffineTransform_float_3_3
Parameters: 0.999999 -0.0007017 0.00170222 0.000648307 0.999527 0.0307652 -0.00172276 -0.0307639 0.999525 -0.0510321 -0.317414 0.523178
FixedParameters: 0 0 0

#Transform 150
Transform: AffineTransform_float_3_3
Parameters: 0.999998 -0.000604049 0.00156691 0.000551948 0.999455 0.0330079 -0.00158608 -0.0330071 0.999454 -0.0697199 -0.289878 0.553779
FixedParameters: 0 0 0

#Transform 151
Transform: AffineTransform_float_3_3
Parameters: 0.999999 -0.00100095 0.00114761 0.000965072 0.999522 0.0309071 -0.00117739 -0.0309058 0.999521 -0.048078 -0.280503 0.455475
FixedParameters: 0 0 0

#Transform 152
Transform: AffineTransform_float_3_3
Parameters: 0.999999 -0.00118053 0.00102469 0.00114746 0.999513 0.0311832 -0.0010613 -0.0311818 0.999513 -0.0364454 -0.259886 0.453647
FixedParameters: 0 0 0

#Transform 153
Transform: AffineTransform_float_3_3
Parameters: 0.999998 -0.00113272 0.00178442 0.00107829 0.999538 0.030373 -0.00181759 -0.030371 0.999537 -0.0263801 -0.293884 0.456308
FixedParameters: 0 0 0

#Transform 154
Transform: AffineTransform_float_3_3
Parameters: 0.999994 -0.00234131 0.00229747 0.0022707 0.999543 0.0301444 -0.00236652 -0.0301386 0.999543 0.0259091 -0.295811 0.454592
FixedParameters: 0 0 0

#Transform 155
Transform: AffineTransform_float_3_3
Parameters: 0.999994 -0.00232864 0.00226459 0.00225634 0.999513 0.0311403 -0.00233639 -0.0311348 0.999513 0.0186876 -0.293266 0.463349
FixedParameters: 0 0 0
