#Insight Transform File V1.0
#Transform 0
Transform: AffineTransform_float_3_3
Parameters: 1 -6.78592e-07 0.000367999 3.21406e-07 0.999999 0.001844 -0.000368001 -0.001844 0.999998 -0.00375694 0.0603873 -0.0302767
FixedParameters: 0 0 0

#Transform 1
Transform: AffineTransform_float_3_3
Parameters: 1 0.000189124 0.00042639 -0.000189875 0.999998 0.00205592 -0.00042561 -0.00205608 0.999998 -0.00160608 0.0951298 0.0497527
FixedParameters: 0 0 0

#Transform 2
Transform: AffineTransform_float_3_3
Parameters: 1 6.54335e-05 0.000556186 -6.6566e-05 0.999996 0.00281696 -0.000555815 -0.00281704 0.999996 -0.006953 0.112142 0.0943606
FixedParameters: 0 0 0

#Transform 3
Transform: AffineTransform_float_3_3
Parameters: 1 2.7082e-05 0.000448056 -2.79179e-05 0.999998 0.00204899 -0.000447944 -0.00204901 0.999998 0.0011266 0.0869485 0.0523814
FixedParameters: 0 0 0

#Transform 4
Transform: AffineTransform_float_3_3
Parameters: 1 0.000302143 0.000453572 -0.000302856 0.999998 0.00188986 -0.000452428 -0.00189014 0.999998 -0.00500965 0.043118 0.0451718
FixedParameters: 0 0 0

#Transform 5
Transform: AffineTransform_float_3_3
Parameters: 1 -9.44984e-06 0.000404969 7.55004e-06 0.999993 0.00358 -0.000405029 -0.00357999 0.999993 -0.00371926 0.0993538 0.153165
FixedParameters: 0 0 0

#Transform 6
Transform: AffineTransform_float_3_3
Parameters: 1 0.000116249 0.000605339 -0.000117753 0.999996 0.00289293 -0.000605662 -0.00289307 0.999995 -0.00408225 0.124633 0.140975
FixedParameters: 0 0 0

#Transform 7
Transform: AffineTransform_float_3_3
Parameters: 0.999999 0.000218616 0.000710427 -0.000220383 0.999998 0.00194784 -0.000709572 -0.00194816 0.999998 -0.0168978 0.0689302 0.0725304
FixedParameters: 0 0 0

#Transform 8
Transform: AffineTransform_float_3_3
Parameters: 1 0.000151741 0.000215183 -0.000152258 1 0.00120197 -0.000214817 -0.00120203 1 -0.00530014 0.0818577 0.106614
FixedParameters: 0 0 0

#Transform 9
Transform: AffineTransform_float_3_3
Parameters: 1 0.00021867 0.000288251 -0.000218331 1 0.00114694 -0.00028875 -0.00114706 1 -0.00757878 0.0630837 0.0506345
FixedParameters: 0 0 0

#Transform 10
Transform: AffineTransform_float_3_3
Parameters: 1 0.000167773 0.000173221 -0.000168229 0.999999 0.00131397 -0.000173779 -0.00131403 0.999999 -0.00533104 0.0464656 0.0488493
FixedParameters: 0 0 0

#Transform 11
Transform: AffineTransform_float_3_3
Parameters: 1 0.000157933 6.31681e-05 -0.000157068 1 0.00106399 -6.38329e-05 -0.00106401 1 -0.0140156 0.0476995 0.0459411
FixedParameters: 0 0 0

#Transform 12
Transform: AffineTransform_float_3_3
Parameters: 1 0.000198661 0.000407165 -0.000199338 0.999999 0.000831918 -0.000406834 -0.00083208 0.999999 -0.00830569 0.0501396 0.0390803
FixedParameters: 0 0 0

#Transform 13
Transform: AffineTransform_float_3_3
Parameters: 1 0.000280247 0.000481439 -0.000280753 0.999998 0.00156386 -0.000481561 -0.00156413 0.999998 -0.0184834 0.0699067 0.0690128
FixedParameters: 0 0 0

#Transform 14
Transform: AffineTransform_float_3_3
Parameters: 1 0.000345034 0.000411812 -0.000345964 0.999997 0.00234886 -0.000410188 -0.00234914 0.999997 -0.0144634 0.0608606 0.101896
FixedParameters: 0 0 0

#Transform 15
Transform: AffineTransform_float_3_3
Parameters: 1 0.000326494 0.000438377 -0.000326506 1 0.00115486 -0.000437624 -0.00115414 0.999999 -0.0214461 0.0503125 0.0665438
FixedParameters: 0 0 0

#Transform 16
Transform: AffineTransform_float_3_3
Parameters: 1 0.000493172 0.000190555 -0.000492827 1 -0.000903094 -0.000191445 0.000902906 0.999999 -0.0259113 -0.0118082 -0.035437
FixedParameters: 0 0 0

#Transform 17
Transform: AffineTransform_float_3_3
Parameters: 1 0.000338902 0.000520716 -0.000340097 0.999997 0.00211082 -0.000519283 -0.00211018 0.999997 -0.0117496 0.0702323 0.13473
FixedParameters: 0 0 0

#Transform 18
Transform: AffineTransform_float_3_3
Parameters: 1 0.000392006 -0.000115981 -0.000391994 1 4.80455e-05 0.000116019 -4.79545e-05 1 -0.0130282 0.032379 0.0556114
FixedParameters: 0 0 0

#Transform 19
Transform: AffineTransform_float_3_3
Parameters: 1 0.000176943 5.21929e-05 -0.000177057 1 0.00108999 -5.18071e-05 -0.00109001 1 -0.00365744 0.0750156 0.0694191
FixedParameters: 0 0 0

#Transform 20
Transform: AffineTransform_float_3_3
Parameters: 1 0.000214449 0.000522227 -0.000215552 1 0.00105589 -0.000522773 -0.00105611 1 -0.0158943 0.0252787 0.0543347
FixedParameters: 0 0 0

#Transform 21
Transform: AffineTransform_float_3_3
Parameters: 0.999999 0.000959927 0.000254275 -0.000960073 1 0.000286756 -0.000253724 -0.000287244 1 -0.033372 0.0147041 -0.191931
FixedParameters: 0 0 0

#Transform 22
Transform: AffineTransform_float_3_3
Parameters: 0.999999 0.000668922 0.000338182 -0.000668078 0.999996 -0.00271923 -0.000339818 0.00271877 0.999996 -0.0395462 -0.0546699 -0.582799
FixedParameters: 0 0 0

#Transform 23
Transform: AffineTransform_float_3_3
Parameters: 1 0.000305099 -0.000218862 -0.000304901 1 0.000452067 0.000219138 -0.000451933 1 -0.0185771 0.0567206 0.101254
FixedParameters: 0 0 0

#Transform 24
Transform: AffineTransform_float_3_3
Parameters: 0.999999 0.000321804 0.000636594 -0.000321196 0.999999 -0.0012622 -0.000637406 0.0012618 0.999999 -0.044351 -0.0881581 -0.155236
FixedParameters: 0 0 0

#Transform 25
Transform: AffineTransform_float_3_3
Parameters: 1 0.000184905 -0.000211083 -0.000185095 1 -0.000448961 0.000210917 0.000449039 1 -0.02626 -0.0336343 -0.0770539
FixedParameters: 0 0 0

#Transform 26
Transform: AffineTransform_float_3_3
Parameters: 1 0.000158674 -0.000473109 -0.000158326 1 -0.000688925 0.000472891 0.000689075 0.999999 -0.0273068 -0.0266008 -0.109938
FixedParameters: 0 0 0

#Transform 27
Transform: AffineTransform_float_3_3
Parameters: 1 0.000349935 -0.000103221 -0.000350065 0.999999 -0.000630964 0.000102779 0.000631036 1 -0.0294923 -0.0530967 -0.075509
FixedParameters: 0 0 0

#Transform 28
Transform: AffineTransform_float_3_3
Parameters: 1 0.000255673 -0.000280299 -0.000256328 1 -0.00116693 0.000280701 0.00116707 1 -0.0210898 -0.0649317 -0.106624
FixedParameters: 0 0 0

#Transform 29
Transform: AffineTransform_float_3_3
Parameters: 1 0.000280803 -0.000128431 -0.000281196 0.999999 -0.00153496 0.000127568 0.00153504 0.999999 -0.0231393 -0.0438386 -0.127798
FixedParameters: 0 0 0

#Transform 30
Transform: AffineTransform_float_3_3
Parameters: 1 0.000435359 -0.00042965 -0.000435641 0.999999 -0.00149281 0.00042935 0.00149319 0.999999 -0.022945 -0.00593589 -0.13787
FixedParameters: 0 0 0

#Transform 31
Transform: AffineTransform_float_3_3
Parameters: 0.999999 0.000462881 -0.000542955 -0.000464118 0.999998 -0.00206175 0.000542044 0.00206225 0.999997 -0.0258719 -0.0648834 -0.149465
FixedParameters: 0 0 0

#Transform 32
Transform: AffineTransform_float_3_3
Parameters: 1 0.000310784 -0.000364333 -0.000310217 0.999997 0.00214911 0.000364667 -0.00214889 0.999997 -0.0218527 -0.0434527 0.0247054
FixedParameters: 0 0 0

#Transform 33
Transform: AffineTransform_float_3_3
Parameters: 1 0.000735414 -0.000941798 -0.000729586 0.999984 0.00573569 0.000946201 -0.00573531 0.999983 -0.0367687 -0.103255 0.136647
FixedParameters: 0 0 0

#Transform 34
Transform: AffineTransform_float_3_3
Parameters: 0.999999 0.000499012 -0.000553192 -0.000496989 0.999994 0.00363128 0.000554808 -0.00363073 0.999994 -0.0291986 -0.0560728 0.0434816
FixedParameters: 0 0 0

#Transform 35
Transform: AffineTransform_float_3_3
Parameters: 0.999999 0.000781812 -0.000605669 -0.000780187 0.999995 0.00298548 0.000608332 -0.00298553 0.999996 -0.038594 -0.0903834 0.0374412
FixedParameters: 0 0 0

#Transform 36
Transform: AffineTransform_float_3_3
Parameters: 0.999999 0.00129791 -0.000190601 -0.00129809 0.999999 -0.000462753 0.0001894 0.000462246 1 -0.0602155 -0.104766 -0.116672
FixedParameters: 0 0 0

#Transform 37
Transform: AffineTransform_float_3_3
Parameters: 1 0.000924898 -0.000665144 -0.000924104 1 -0.000155385 0.000664857 0.000155615 1 -0.0402178 -0.0980136 -0.0983827
FixedParameters: 0 0 0

#Transform 38
Transform: AffineTransform_float_3_3
Parameters: 1 0.00108286 -0.000102492 -0.00108214 0.999999 -0.00137789 0.000101509 0.00137811 0.999999 -0.0526568 -0.124939 -0.130822
FixedParameters: 0 0 0

#Transform 39
Transform: AffineTransform_float_3_3
Parameters: 1 0.00103931 -0.000349057 -0.00104069 0.999998 -0.00197864 0.000346942 0.00197836 0.999998 -0.0429897 -0.128954 -0.124343
FixedParameters: 0 0 0

#Transform 40
Transform: AffineTransform_float_3_3
Parameters: 0.999999 0.000671349 -0.000743589 -0.000671651 1 -0.000876502 0.000742412 0.000876499 1 -0.0441396 -0.0829364 -0.0818997
FixedParameters: 0 0 0

#Transform 41
Transform: AffineTransform_float_3_3
Parameters: 1 0.000895064 -0.000465877 -0.000894936 0.999999 0.000137417 0.000466123 -0.000136583 1 -0.0470593 -0.133029 -0.0652823
FixedParameters: 0 0 0

#Transform 42
Transform: AffineTransform_float_3_3
Parameters: 0.999999 0.000712808 -0.00124854 -0.000712191 0.999999 0.00064789 0.00124946 -0.00064711 0.999999 -0.0349898 -0.10934 -0.0260613
FixedParameters: 0 0 0

#Transform 43
Transform: AffineTransform_float_3_3
Parameters: 1 0.000614704 -0.000850123 -0.000618296 0.999987 -0.00506248 0.00084688 0.00506352 0.999987 -0.0370182 -0.0892647 -0.218606
FixedParameters: 0 0 0

#Transform 44
Transform: AffineTransform_float_3_3
Parameters: 0.999999 0.000674108 -0.00126017 -0.000679891 0.999989 -0.00468115 0.00125683 0.00468185 0.999988 -0.0298433 -0.129807 -0.236848
FixedParameters: 0 0 0

#Transform 45
Transform: AffineTransform_float_3_3
Parameters: 0.999998 0.000713237 -0.00163441 -0.000720761 0.999989 -0.00475383 0.00163059 0.00475517 0.999988 -0.0315796 -0.129306 -0.202997
FixedParameters: 0 0 0

#Transform 46
Transform: AffineTransform_float_3_3
Parameters: 0.999999 0.00095243 -0.000900726 -0.000954571 0.999996 -0.00285715 0.000898276 0.00285886 0.999996 -0.0439428 -0.0351032 -0.0720849
FixedParameters: 0 0 0

#Transform 47
Transform: AffineTransform_float_3_3
Parameters: 1 0.000608449 -0.000942004 -0.000609552 0.999999 -0.00164743 0.000940997 0.00164857 0.999998 -0.0358449 -0.142123 -0.0428535
FixedParameters: 0 0 0

#Transform 48
Transform: AffineTransform_float_3_3
Parameters: 1 0.000173848 -0.00119917 -0.000175152 0.999999 -0.00096079 0.00119883 0.000961208 0.999999 -0.0210596 -0.163321 -0.0245151
FixedParameters: 0 0 0

#Transform 49
Transform: AffineTransform_float_3_3
Parameters: 0.999999 0.000658659 -0.000619429 -0.000659343 0.999998 -0.00216859 0.000618571 0.00216841 0.999997 -0.0402799 -0.177 -0.120681
FixedParameters: 0 0 0

#Transform 50
Transform: AffineTransform_float_3_3
Parameters: 1 0.000295972 0.000326026 -0.000296028 1 8.69035e-05 -0.000325974 -8.70965e-05 1 -0.0357612 -0.209656 0.204005
FixedParameters: 0 0 0

#Transform 51
Transform: AffineTransform_float_3_3
Parameters: 1 0.000185694 -0.000652087 -0.000185306 1 -0.000469879 0.000651913 0.000469121 0.999999 -0.0305147 -0.0663749 0.0955449
FixedParameters: 0 0 0

#Transform 52
Transform: AffineTransform_float_3_3
Parameters: 0.999999 0.000221228 -0.000698928 -0.000220772 1 0.000326154 0.000699072 -0.000325845 0.999999 -0.0305746 -0.173891 0.0607639
FixedParameters: 0 0 0

#Transform 53
Transform: AffineTransform_float_3_3
Parameters: 0.999999 8.90635e-05 -0.000731114 -8.99363e-05 0.999999 -0.00128093 0.000730885 0.00128107 0.999999 -0.0215117 -0.190986 0.0210313
FixedParameters: 0 0 0

#Transform 54
Transform: AffineTransform_float_3_3
Parameters: 1 0.000362624 -0.00100386 -0.000365376 0.999997 -0.00236763 0.00100314 0.00236836 0.999996 -0.0304369 -0.221516 -0.036597
FixedParameters: 0 0 0

#Transform 55
Transform: AffineTransform_float_3_3
Parameters: 0.999999 0.000251175 -0.000811567 -0.000253825 0.999998 -0.0022488 0.000811431 0.00224921 0.999997 -0.0300825 -0.254753 -0.0289254
FixedParameters: 0 0 0

#Transform 56
Transform: AffineTransform_float_3_3
Parameters: 1 0.000535985 -0.000425282 -0.000537016 0.999997 -0.00238977 0.000424718 0.00239023 0.999997 -0.0398316 -0.225835 -0.0339066
FixedParameters: 0 0 0

#Transform 57
Transform: AffineTransform_float_3_3
Parameters: 0.999999 -0.000185695 -0.000730571 0.000184304 0.999998 -0.00231914 0.000731429 0.00231887 0.999997 -0.022072 -0.259928 -0.125952
FixedParameters: 0 0 0

#Transform 58
Transform: AffineTransform_float_3_3
Parameters: 0.999999 -0.000330999 -0.000760133 0.000329002 0.999997 -0.00262725 0.000760867 0.00262775 0.999997 -0.0408243 -0.347741 -0.470474
FixedParameters: 0 0 0

#Transform 59
Transform: AffineTransform_float_3_3
Parameters: 0.999999 0.000125794 -0.000820727 -0.000123205 0.999997 0.0021861 0.000821271 -0.0021859 0.999998 -0.0368013 -0.313469 0.110922
FixedParameters: 0 0 0

#Transform 60
Transform: AffineTransform_float_3_3
Parameters: 1 7.0275e-05 -0.00121716 -7.27247e-05 0.999998 -0.00223891 0.00121684 0.00223909 0.999997 -0.0214967 -0.282668 0.00513342
FixedParameters: 0 0 0

#Transform 61
Transform: AffineTransform_float_3_3
Parameters: 0.999999 0.000870212 -0.000578696 -0.000871784 0.999995 -0.0030945 0.000575304 0.0030955 0.999995 -0.0440641 -0.226046 -0.0336644
FixedParameters: 0 0 0

#Transform 62
Transform: AffineTransform_float_3_3
Parameters: 0.999999 0.000297949 -0.000809758 -0.000300051 0.999996 -0.00253376 0.000809242 0.00253424 0.999997 -0.0292683 -0.285649 -0.0321666
FixedParameters: 0 0 0

#Transform 63
Transform: AffineTransform_float_3_3
Parameters: 1 3.58414e-05 -0.0012001 -3.81582e-05 0.999996 -0.00263195 0.0011999 0.00263204 0.999996 -0.0198603 -0.28784 -0.0227019
FixedParameters: 0 0 0

#Transform 64
Transform: AffineTransform_float_3_3
Parameters: 1 9.31773e-05 -0.00120022 -9.68221e-05 0.999997 -0.00235188 0.00119978 0.00235211 0.999996 -0.0209663 -0.307374 -0.0413405
FixedParameters: 0 0 0

#Transform 65
Transform: AffineTransform_float_3_3
Parameters: 1 0.000157539 -0.00113734 -0.00016046 0.999997 -0.00216382 0.00113666 0.00216418 0.999997 -0.0252863 -0.311684 -0.0186835
FixedParameters: 0 0 0

#Transform 66
Transform: AffineTransform_float_3_3
Parameters: 0.999999 0.000101262 -0.000926191 -0.00010274 0.999998 -0.00187691 0.000926808 0.00187709 0.999998 -0.024263 -0.314907 0.030598
FixedParameters: 0 0 0

#Transform 67
Transform: AffineTransform_float_3_3
Parameters: 0.999999 0.000807987 0.000280858 -0.000812996 0.999831 0.0183308 -0.000265142 -0.0183302 0.999832 -0.0636427 -0.371016 0.797739
FixedParameters: 0 0 0

#Transform 68
Transform: AffineTransform_float_3_3
Parameters: 0.999996 0.00112671 0.00264144 -0.00123231 0.99919 0.0402039 -0.00259455 -0.0402071 0.999188 -0.0732742 -0.422411 1.22837
FixedParameters: 0 0 0

#Transform 69
Transform: AffineTransform_float_3_3
Parameters: 0.999998 0.000425735 0.00227329 -0.000505255 0.999388 0.034982 -0.00225671 -0.0349831 0.999386 -0.0455041 -0.375695 1.0867
FixedParameters: 0 0 0

#Transform 70
Transform: AffineTransform_float_3_3
Parameters: 0.999997 0.00036521 0.00215041 -0.000431777 0.999515 0.0311411 -0.00213759 -0.0311418 0.999512 -0.0484886 -0.38019 1.02586
FixedParameters: 0 0 0

#Transform 71
Transform: AffineTransform_float_3_3
Parameters: 0.999999 0.000204845 0.00177451 -0.000255168 0.999599 0.0283096 -0.00176849 -0.0283104 0.999597 -0.0430381 -0.402498 0.919702
FixedParameters: 0 0 0

#Transform 72
Transform: AffineTransform_float_3_3
Parameters: 0.999999 0.000470601 0.00137228 -0.000505392 0.999683 0.0251753 -0.00135971 -0.0251757 0.999682 -0.0557195 -0.418452 0.812768
FixedParameters: 0 0 0

#Transform 73
Transform: AffineTransform_float_3_3
Parameters: 0.999999 0.000476254 0.00115626 -0.000504739 0.999687 0.0249894 -0.00114374 -0.0249896 0.999687 -0.053554 -0.407348 0.804757
FixedParameters: 0 0 0

#Transform 74
Transform: AffineTransform_float_3_3
Parameters: 0.999999 0.000475032 0.00122208 -0.000504966 0.999697 0.0246394 -0.00120992 -0.0246406 0.999695 -0.0424649 -0.418095 0.825407
FixedParameters: 0 0 0

#Transform 75
Transform: AffineTransform_float_3_3
Parameters: 0.999998 0.000215451 0.00165064 -0.000255556 0.999712 0.0239966 -0.00164534 -0.0239974 0.99971 -0.0399916 -0.412874 0.843435
FixedParameters: 0 0 0

#Transform 76
Transform: AffineTransform_float_3_3
Parameters: 0.999998 0.000216899 0.00165046 -0.000255114 0.999732 0.0231206 -0.00164554 -0.0231204 0.999732 -0.0390425 -0.428493 0.772375
FixedParameters: 0 0 0

#Transform 77
Transform: AffineTransform_float_3_3
Parameters: 0.999999 0.000277323 0.00134944 -0.000307668 0.999757 0.0220426 -0.00134254 -0.0220424 0.999756 -0.0344256 -0.448401 0.752883
FixedParameters: 0 0 0

#Transform 78
Transform: AffineTransform_float_3_3
Parameters: 0.999999 0.000904985 1.13065e-05 -0.000905008 0.999723 0.02354 1.03068e-05 -0.02354 0.999723 -0.0903116 -0.497326 0.83496
FixedParameters: 0 0 0

#Transform 79
Transform: AffineTransform_float_3_3
Parameters: 1 0.000380161 0.000269947 -0.00038584 0.999835 0.0181569 -0.000263038 -0.0181561 0.999835 -0.0506475 -0.461515 0.667756
FixedParameters: 0 0 0

#Transform 80
Transform: AffineTransform_float_3_3
Parameters: 1 0.000321145 0.000268907 -0.000325857 0.999834 0.0182529 -0.000263096 -0.0182531 0.999834 -0.0475564 -0.452836 0.643659
FixedParameters: 0 0 0

#Transform 81
Transform: AffineTransform_float_3_3
Parameters: 1 0.000331781 -0.000178936 -0.000328218 0.999883 0.0153261 0.000184052 -0.0153259 0.999882 -0.0378033 -0.481396 0.604314
FixedParameters: 0 0 0

#Transform 82
Transform: AffineTransform_float_3_3
Parameters: 1 0.000359787 -0.0004537 -0.000352209 0.99989 0.0148712 0.000459289 -0.0148708 0.99989 -0.0429917 -0.497618 0.60752
FixedParameters: 0 0 0

#Transform 83
Transform: AffineTransform_float_3_3
Parameters: 1 0.000212634 -0.000178916 -0.000209365 0.999894 0.0145961 0.000182075 -0.014596 0.999894 -0.0399029 -0.491972 0.601999
FixedParameters: 0 0 0

#Transform 84
Transform: AffineTransform_float_3_3
Parameters: 1 -5.40358e-05 -0.000346337 6.19795e-05 0.999734 0.023037 0.000345664 -0.023037 0.999734 -0.0541497 -0.425245 1.53416
FixedParameters: 0 0 0

#Transform 85
Transform: AffineTransform_float_3_3
Parameters: 0.999993 0.000871561 0.00380835 -0.00107542 0.998554 0.0537483 -0.00375563 -0.0537517 0.998548 -0.0361386 -0.0845549 2.71074
FixedParameters: 0 0 0

#Transform 86
Transform: AffineTransform_float_3_3
Parameters: 0.999975 0.000725761 0.00703259 -0.000999215 0.999241 0.0389279 -0.00699841 -0.038934 0.999218 -0.0462987 -0.369257 1.51986
FixedParameters: 0 0 0

#Transform 87
Transform: AffineTransform_float_3_3
Parameters: 0.999989 0.00128069 0.00449964 -0.00142233 0.999502 0.031544 -0.00445735 -0.0315501 0.999492 -0.0519617 -0.479424 1.23787
FixedParameters: 0 0 0

#Transform 88
Transform: AffineTransform_float_3_3
Parameters: 0.99999 0.00126947 0.00412769 -0.0013915 0.999555 0.0298175 -0.00408732 -0.0298235 0.999547 -0.0472073 -0.432228 1.2429
FixedParameters: 0 0 0

#Transform 89
Transform: AffineTransform_float_3_3
Parameters: 0.999995 0.00070392 0.00330569 -0.000799092 0.999584 0.0288505 -0.00328431 -0.0288525 0.999579 -0.0436096 -0.448074 1.20499
FixedParameters: 0 0 0

#Transform 90
Transform: AffineTransform_float_3_3
Parameters: 0.999997 0.00053337 0.00233644 -0.000596619 0.999626 0.0273187 -0.00232057 -0.0273193 0.999624 -0.0432695 -0.475692 1.14714
FixedParameters: 0 0 0

#Transform 91
Transform: AffineTransform_float_3_3
Parameters: 0.999996 0.000508191 0.00253233 -0.000574799 0.99965 0.0264516 -0.00251767 -0.0264534 0.999647 -0.0437516 -0.46695 1.13018
FixedParameters: 0 0 0

#Transform 92
Transform: AffineTransform_float_3_3
Parameters: 0.999998 0.00062693 0.00218451 -0.000685058 0.999643 0.0266846 -0.00216649 -0.0266854 0.999642 -0.0485063 -0.464593 1.14424
FixedParameters: 0 0 0

#Transform 93
Transform: AffineTransform_float_3_3
Parameters: 0.999998 0.000911493 0.00211784 -0.000964512 0.999677 0.025403 -0.00209417 -0.025405 0.999675 -0.0462012 -0.496009 1.10732
FixedParameters: 0 0 0

#Transform 94
Transform: AffineTransform_float_3_3
Parameters: 0.999998 0.000913865 0.00208662 -0.000966121 0.999684 0.0251231 -0.00206238 -0.025125 0.999682 -0.0532679 -0.512538 1.11226
FixedParameters: 0 0 0

#Transform 95
Transform: AffineTransform_float_3_3
Parameters: 0.999998 0.000910889 0.00206531 -0.000962129 0.99969 0.0248831 -0.00204269 -0.0248849 0.999688 -0.053049 -0.516413 1.0693
FixedParameters: 0 0 0

#Transform 96
Transform: AffineTransform_float_3_3
Parameters: 0.999999 0.000869855 0.00165023 -0.000909138 0.999714 0.0238695 -0.00162876 -0.0238714 0.999713 -0.0456987 -0.517623 1.0603
FixedParameters: 0 0 0

#Transform 97
Transform: AffineTransform_float_3_3
Parameters: 0.999999 0.000998437 0.00148738 -0.00103056 0.999756 0.0220555 -0.00146463 -0.0220575 0.999755 -0.0591278 -0.564945 1.0006
FixedParameters: 0 0 0

#Transform 98
Transform: AffineTransform_float_3_3
Parameters: 0.999998 0.000878909 0.00144008 -0.000911088 0.999748 0.0224367 -0.00141991 -0.0224383 0.999747 -0.046403 -0.563217 1.01789
FixedParameters: 0 0 0

#Transform 99
Transform: AffineTransform_float_3_3
Parameters: 0.999998 0.00076225 0.00147188 -0.000794752 0.999765 0.0216919 -0.0014551 -0.0216931 0.999763 -0.058439 -0.567678 0.995828
FixedParameters: 0 0 0

#Transform 100
Transform: AffineTransform_float_3_3
Parameters: 0.999999 0.000526452 0.00089175 -0.000541551 0.999865 0.0163925 -0.000883241 -0.0163925 0.999865 -0.0502468 -0.551918 0.861458
FixedParameters: 0 0 0

#Transform 101
Transform: AffineTransform_float_3_3
Parameters: 0.999999 0.00067967 0.000516439 -0.000686325 0.999924 0.0123586 -0.000507557 -0.0123583 0.999923 -0.0464006 -0.607048 0.642421
FixedParameters: 0 0 0

#Transform 102
Transform: AffineTransform_float_3_3
Parameters: 1 0.000500158 7.94885e-05 -0.000500847 0.99994 0.010964 -7.45132e-05 -0.010964 0.99994 -0.0249791 -0.6048 0.566215
FixedParameters: 0 0 0

#Transform 103
Transform: AffineTransform_float_3_3
Parameters: 0.999999 0.000910052 8.48556e-05 -0.000910948 0.999928 0.0119219 -7.41449e-05 -0.0119221 0.999929 -0.0434426 -0.590042 0.637232
FixedParameters: 0 0 0

#Transform 104
Transform: AffineTransform_float_3_3
Parameters: 1 0.000360334 0.000115341 -0.000362676 0.99989 0.0147879 -0.000110649 -0.014788 0.99989 -0.0225013 -0.590908 0.753323
FixedParameters: 0 0 0

#Transform 105
Transform: AffineTransform_float_3_3
Parameters: 1 0.000200261 0.000328932 -0.00020474 0.999896 0.0144709 -0.000326071 -0.0144711 0.999895 -0.0278955 -0.605604 0.751018
FixedParameters: 0 0 0

#Transform 106
Transform: AffineTransform_float_3_3
Parameters: 1 0.000572576 0.000891764 -0.000585413 0.999886 0.0151265 -0.000882246 -0.0151275 0.999885 -0.0346855 -0.616201 0.77069
FixedParameters: 0 0 0

#Transform 107
Transform: AffineTransform_float_3_3
Parameters: 1 0.000328264 0.000182997 -0.000330736 0.999885 0.0151569 -0.000178007 -0.0151571 0.999885 -0.0324171 -0.614176 0.783093
FixedParameters: 0 0 0

#Transform 108
Transform: AffineTransform_float_3_3
Parameters: 0.999999 0.000697632 0.000597904 -0.000705369 0.9999 0.0141116 -0.000588104 -0.0141124 0.9999 -0.0445162 -0.636984 0.71189
FixedParameters: 0 0 0

#Transform 109
Transform: AffineTransform_float_3_3
Parameters: 1 0.000467466 0.000316796 -0.000472537 0.999895 0.0144679 -0.000310196 -0.0144682 0.999896 -0.0267497 -0.653405 0.75076
FixedParameters: 0 0 0

#Transform 110
Transform: AffineTransform_float_3_3
Parameters: 0.999999 0.000407702 0.00089319 -0.000421295 0.999889 0.0149386 -0.000886805 -0.0149394 0.999888 -0.0452685 -0.576153 0.760318
FixedParameters: 0 0 0

#Transform 111
Transform: AffineTransform_float_3_3
Parameters: 0.999999 0.000424485 0.000881636 -0.000437505 0.999881 0.0153866 -0.000874372 -0.0153864 0.999881 -0.0421207 -0.755847 0.536646
FixedParameters: 0 0 0

#Transform 112
Transform: AffineTransform_float_3_3
Parameters: 0.999999 0.000944832 0.00124599 -0.000962154 0.999892 0.0146628 -0.00123102 -0.0146632 0.999891 -0.0620686 -0.72817 0.890098
FixedParameters: 0 0 0

#Transform 113
Transform: AffineTransform_float_3_3
Parameters: 0.999999 0.00128066 0.00120172 -0.00128634 0.99999 0.00445346 -0.00119628 -0.00445454 0.99999 -0.0625381 -0.709939 0.424855
FixedParameters: 0 0 0

#Transform 114
Transform: AffineTransform_float_3_3
Parameters: 0.999999 0.000395322 0.00144784 -0.000401678 0.99999 0.00461443 -0.00144616 -0.00461558 0.999989 -0.0371327 -0.707891 0.455115
FixedParameters: 0 0 0

#Transform 115
Transform: AffineTransform_float_3_3
Parameters: 0.999999 0.000338148 0.000710845 -0.000341847 0.999985 0.00542576 -0.000708155 -0.00542624 0.999985 -0.0384237 -0.709668 0.431037
FixedParameters: 0 0 0

#Transform 116
Transform: AffineTransform_float_3_3
Parameters: 1 0.000392303 0.000436439 -0.000394694 0.99998 0.00619583 -0.000433563 -0.00619617 0.99998 -0.0403094 -0.734415 0.436491
FixedParameters: 0 0 0

#Transform 117
Transform: AffineTransform_float_3_3
Parameters: 1 0.000347751 0.000437412 -0.000351245 0.999953 0.00975186 -0.000433595 -0.00975216 0.999953 -0.0394912 -0.706404 0.621696
FixedParameters: 0 0 0

#Transform 118
Transform: AffineTransform_float_3_3
Parameters: 0.999999 0.00116351 0.000710741 -0.00116749 0.999987 0.00492617 -0.000705256 -0.00492782 0.999987 -0.0545781 -0.766636 0.367843
FixedParameters: 0 0 0

#Transform 119
Transform: AffineTransform_float_3_3
Parameters: 0.999999 0.00108282 0.00101555 -0.00108818 0.999987 0.0051149 -0.00101045 -0.0051161 0.999987 -0.0446167 -0.696906 0.273263
FixedParameters: 0 0 0

#Transform 120
Transform: AffineTransform_float_3_3
Parameters: 0.999999 0.000789677 0.000245299 -0.000791326 0.999985 0.00543981 -0.000241699 -0.00543919 0.999985 -0.0303221 -0.874487 0.0855687
FixedParameters: 0 0 0

#Transform 121
Transform: AffineTransform_float_3_3
Parameters: 0.999999 0.0014639 0.00109681 -0.0014661 0.999997 0.00191539 -0.00109419 -0.0019176 0.999997 -0.0581991 -0.812778 0.220234
FixedParameters: 0 0 0

#Transform 122
Transform: AffineTransform_float_3_3
Parameters: 0.999998 0.00154379 0.00113202 -0.00154621 0.999997 0.00195425 -0.00112898 -0.00195675 0.999998 -0.0565072 -0.790315 0.283122
FixedParameters: 0 0 0

#Transform 123
Transform: AffineTransform_float_3_3
Parameters: 0.999996 0.000591304 0.00294437 -0.000602695 0.999992 0.00397324 -0.00294163 -0.00397476 0.999988 -0.0700154 -0.831483 0.245011
FixedParameters: 0 0 0

#Transform 124
Transform: AffineTransform_float_3_3
Parameters: 0.999999 0.00101119 0.00149809 -0.00105281 0.999603 0.0281755 -0.00146892 -0.0281765 0.999602 -0.0558308 -1.0485 -1.34874
FixedParameters: 0 0 0

#Transform 125
Transform: AffineTransform_float_3_3
Parameters: 0.999995 0.00286422 0.00178801 -0.00287678 0.999974 0.0066209 -0.00176899 -0.00662611 0.999977 -0.0457607 -1.09445 -3.05208
FixedParameters: 0 0 0

#Transform 126
Transform: AffineTransform_float_3_3
Parameters: 0.999982 -0.003596 0.00464789 0.00356199 0.999967 0.00730368 -0.0046741 -0.00728631 0.999962 0.183433 -0.640488 1.06901
FixedParameters: 0 0 0

#Transform 127
Transform: AffineTransform_float_3_3
Parameters: 0.999997 -0.00197233 0.00159095 0.00196467 0.999987 0.00459614 -0.00160004 -0.00459286 0.999988 0.136826 -0.755898 0.384454
FixedParameters: 0 0 0

#Transform 128
Transform: AffineTransform_float_3_3
Parameters: 0.999996 -0.00115826 0.00234046 0.00114773 0.999988 0.0048097 -0.00234554 -0.0048063 0.999985 0.0752378 -0.802512 0.243989
FixedParameters: 0 0 0

#Transform 129
Transform: AffineTransform_float_3_3
Parameters: 0.999997 -0.00056399 0.00258627 0.000556013 0.999995 0.00308845 -0.00258773 -0.00308755 0.999992 0.0393341 -0.834155 0.168064
FixedParameters: 0 0 0

#Transform 130
Transform: AffineTransform_float_3_3
Parameters: 0.999994 0.00039448 0.00365284 -0.000392522 1 -0.000405437 -0.00365316 0.000404562 0.999993 0.0115292 -0.881549 0.00510341
FixedParameters: 0 0 0

#Transform 131
Transform: AffineTransform_float_3_3
Parameters: 0.999996 -0.0021155 0.00218149 0.00211651 0.999997 -0.000229384 -0.00218051 0.000233614 0.999997 0.130281 -0.930625 -0.387108
FixedParameters: 0 0 0

#Transform 132
Transform: AffineTransform_float_3_3
Parameters: 0.999989 -0.00459206 0.0015445 0.00461095 0.999912 -0.012492 -0.0014875 0.012499 0.999921 0.3218 -1.07564 -2.83338
FixedParameters: 0 0 0

#Transform 133
Transform: AffineTransform_float_3_3
Parameters: 0.999988 -0.00445391 0.0023696 0.0045071 0.999728 -0.0228916 -0.00226739 0.0229024 0.999735 0.319142 -1.45896 -4.21945
FixedParameters: 0 0 0

#Transform 134
Transform: AffineTransform_float_3_3
Parameters: 0.99998 -0.0054823 0.00335836 0.00556672 0.999653 -0.0257538 -0.00321665 0.0257722 0.999662 0.279066 -1.07021 -1.91644
FixedParameters: 0 0 0

#Transform 135
Transform: AffineTransform_float_3_3
Parameters: 0.99999 -0.00428558 0.00134228 0.00431842 0.999674 -0.0251635 -0.00123371 0.0251686 0.999683 0.232752 -0.899247 -1.16156
FixedParameters: 0 0 0

#Transform 136
Transform: AffineTransform_float_3_3
Parameters: 0.999992 -0.00377692 0.000662896 0.00379509 0.999549 -0.0298117 -0.000550104 0.0298133 0.999556 0.206609 -0.964387 -1.20475
FixedParameters: 0 0 0

#Transform 137
Transform: AffineTransform_float_3_3
Parameters: 0.999993 -0.00351458 0.00112031 0.00354644 0.999532 -0.0303842 -0.00101371 0.0303878 0.999537 0.203127 -0.968949 -1.18987
FixedParameters: 0 0 0

#Transform 138
Transform: AffineTransform_float_3_3
Parameters: 0.999992 -0.00377777 0.000804987 0.00380123 0.999508 -0.0311272 -0.000687006 0.0311298 0.999515 0.224395 -0.977109 -1.19457
FixedParameters: 0 0 0

#Transform 139
Transform: AffineTransform_float_3_3
Parameters: 0.999991 -0.00418603 0.000622391 0.00420296 0.99953 -0.0303627 -0.000494608 0.0303653 0.999538 0.218952 -1.08924 -1.30901
FixedParameters: 0 0 0

#Transform 140
Transform: AffineTransform_float_3_3
Parameters: 0.999993 -0.00357262 0.00102014 0.00360238 0.999497 -0.0315246 -0.00090688 0.0315285 0.999503 0.206511 -1.06057 -1.38633
FixedParameters: 0 0 0

#Transform 141
Transform: AffineTransform_float_3_3
Parameters: 0.999996 -0.00262561 0.000273051 0.00263338 0.999485 -0.0319584 -0.000188938 0.0319586 0.999489 0.169967 -1.09231 -1.42026
FixedParameters: 0 0 0

#Transform 142
Transform: AffineTransform_float_3_3
Parameters: 0.999993 -0.0036593 0.000666143 0.00367869 0.999466 -0.0324618 -0.000546866 0.0324642 0.999473 0.199402 -1.06177 -1.28068
FixedParameters: 0 0 0

#Transform 143
Transform: AffineTransform_float_3_3
Parameters: 0.999994 -0.0032537 0.000475503 0.00326531 0.999584 -0.0286766 -0.000382518 0.0286774 0.999588 0.171891 -1.00287 -1.09782
FixedParameters: 0 0 0

#Transform 144
Transform: AffineTransform_float_3_3
Parameters: 0.999995 -0.00321719 0.00017151 0.00322079 0.999497 -0.0315256 -6.9495e-05 0.0315264 0.999503 0.175422 -1.17734 -1.23262
FixedParameters: 0 0 0

#Transform 145
Transform: AffineTransform_float_3_3
Parameters: 0.999995 -0.00306126 0.000862219 0.00308573 0.999536 -0.0303205 -0.000768787 0.0303235 0.99954 0.152541 -1.0083 -1.11886
FixedParameters: 0 0 0

#Transform 146
Transform: AffineTransform_float_3_3
Parameters: 0.999992 -0.00382252 0.000201715 0.00382649 0.999487 -0.0318145 -8.03031e-05 0.0318145 0.999494 0.190346 -1.13727 -1.13018
FixedParameters: 0 0 0

#Transform 147
Transform: AffineTransform_float_3_3
Parameters: 0.999996 -0.00287787 0.000876542 0.00290212 0.999578 -0.0289006 -0.000792454 0.0289034 0.999582 0.133984 -1.05223 -1.01178
FixedParameters: 0 0 0

#Transform 148
Transform: AffineTransform_float_3_3
Parameters: 0.999997 -0.00264425 0.000589714 0.00265976 0.999589 -0.0285416 -0.000514296 0.0285425 0.999593 0.136693 -1.06081 -0.955572
FixedParameters: 0 0 0

#Transform 149
Transform: AffineTransform_float_3_3
Parameters: 0.999993 -0.0037038 0.000503436 0.00371822 0.999394 -0.0345944 -0.000375593 0.0345956 0.999402 0.1982 -1.16511 -1.21476
FixedParameters: 0 0 0

#Transform 150
Transform: AffineTransform_float_3_3
Parameters: 0.999996 -0.00286931 0.00106556 0.0029007 0.999514 -0.0310341 -0.000976446 0.0310369 0.999518 0.146022 -1.09325 -1.1308
FixedParameters: 0 0 0

#Transform 151
Transform: AffineTransform_float_3_3
Parameters: 0.999995 -0.00294161 0.000120828 0.0029444 0.999444 -0.0332338 -2.31582e-05 0.0332342 0.999447 0.157998 -1.16477 -1.22568
FixedParameters: 0 0 0

#Transform 152
Transform: AffineTransform_float_3_3
Parameters: 0.999993 -0.00334269 0.001346 0.00338531 0.999431 -0.0335757 -0.00123303 0.0335794 0.999436 0.162914 -1.119 -1.32155
FixedParameters: 0 0 0

#Transform 153
Transform: AffineTransform_float_3_3
Parameters: 0.999996 -0.00277892 0.000226435 0.0027851 0.99942 -0.0339355 -0.00013256 0.0339365 0.999424 0.155618 -1.27088 -1.69841
FixedParameters: 0 0 0

#Transform 154
Transform: AffineTransform_float_3_3
Parameters: 0.999996 -0.00286394 0.00039601 0.00287606 0.999389 -0.034836 -0.000295988 0.034837 0.999393 0.14768 -1.20699 -1.25507
FixedParameters: 0 0 0

#Transform 155
Transform: AffineTransform_float_3_3
Parameters: 0.999997 -0.000343463 0.00240688 0.000424508 0.999438 -0.0335411 -0.00239311 0.0335419 0.999435 0.0429129 -1.18141 -1.14145
FixedParameters: 0 0 0
