# transform file /out/sourcedata/freesurfer/sub-v1s3x0050788_ses-1/mri/transforms/cc_up.lta
# created by oesteban on Tue Mar 10 01:12:21 2026

type      = 0 # LINEAR_VOX_TO_VOX
nxforms   = 1
mean      = 129.0000 126.0000 129.0000
sigma     = 10000.0000
1 4 4
9.978791475296021e-01 -5.852040648460388e-02 2.850954234600067e-02 5.260345935821533e+00 
5.849653854966164e-02 9.982863664627075e-01 1.671254052780569e-03 7.610906124114990e+00 
-2.855848334729671e-02 0.000000000000000e+00 9.995921850204468e-01 8.651767730712891e+00 
0.000000000000000e+00 0.000000000000000e+00 0.000000000000000e+00 1.000000000000000e+00 
src volume info
valid = 1  # volume info valid
filename = /out/sourcedata/freesurfer/sub-v1s3x0050788_ses-1/mri/norm.mgz
volume = 256 256 256
voxelsize = 1.000000000000000e+00 1.000000000000000e+00 1.000000000000000e+00
xras   = -1.000000000000000e+00 0.000000000000000e+00 0.000000000000000e+00
yras   = 0.000000000000000e+00 0.000000000000000e+00 -1.000000000000000e+00
zras   = 0.000000000000000e+00 1.000000000000000e+00 0.000000000000000e+00
cras   = 5.814788818359375e+00 2.434066772460938e+00 -4.232650756835938e+00
dst volume info
valid = 1  # volume info valid
filename = /out/sourcedata/freesurfer/sub-v1s3x0050788_ses-1/mri/norm.mgz
volume = 256 256 256
voxelsize = 1.000000000000000e+00 1.000000000000000e+00 1.000000000000000e+00
xras   = -1.000000000000000e+00 0.000000000000000e+00 0.000000000000000e+00
yras   = 0.000000000000000e+00 0.000000000000000e+00 -1.000000000000000e+00
zras   = 0.000000000000000e+00 1.000000000000000e+00 0.000000000000000e+00
cras   = 5.814788818359375e+00 2.434066772460938e+00 -4.232650756835938e+00
