# transform file /out/sourcedata/freesurfer/sub-v1s3x0050798_ses-1/mri/transforms/cc_up.lta
# created by oesteban on Tue Mar 10 02:29:15 2026

type      = 0 # LINEAR_VOX_TO_VOX
nxforms   = 1
mean      = 130.0000 134.0000 127.0000
sigma     = 10000.0000
1 4 4
9.972583651542664e-01 -6.348087335936725e-04 7.399445772171021e-02 -7.353657722473145e+00 
6.330684991553426e-04 9.999997019767761e-01 4.697233816841617e-05 1.091405773162842e+01 
-7.399447262287140e-02 0.000000000000000e+00 9.972586035728455e-01 1.972410583496094e+01 
0.000000000000000e+00 0.000000000000000e+00 0.000000000000000e+00 1.000000000000000e+00 
src volume info
valid = 1  # volume info valid
filename = /out/sourcedata/freesurfer/sub-v1s3x0050798_ses-1/mri/norm.mgz
volume = 256 256 256
voxelsize = 1.000000000000000e+00 1.000000000000000e+00 1.000000000000000e+00
xras   = -1.000000000000000e+00 0.000000000000000e+00 0.000000000000000e+00
yras   = 0.000000000000000e+00 0.000000000000000e+00 -1.000000000000000e+00
zras   = 0.000000000000000e+00 1.000000000000000e+00 0.000000000000000e+00
cras   = 2.008911132812500e+00 -1.063793945312500e+01 -1.729202270507812e+00
dst volume info
valid = 1  # volume info valid
filename = /out/sourcedata/freesurfer/sub-v1s3x0050798_ses-1/mri/norm.mgz
volume = 256 256 256
voxelsize = 1.000000000000000e+00 1.000000000000000e+00 1.000000000000000e+00
xras   = -1.000000000000000e+00 0.000000000000000e+00 0.000000000000000e+00
yras   = 0.000000000000000e+00 0.000000000000000e+00 -1.000000000000000e+00
zras   = 0.000000000000000e+00 1.000000000000000e+00 0.000000000000000e+00
cras   = 2.008911132812500e+00 -1.063793945312500e+01 -1.729202270507812e+00
