# transform file /out/sourcedata/freesurfer/sub-v1s3x0050813_ses-1/mri/transforms/cc_up.lta
# created by oesteban on Tue Mar 10 02:46:58 2026

type      = 0 # LINEAR_VOX_TO_VOX
nxforms   = 1
mean      = 131.0000 129.0000 128.0000
sigma     = 10000.0000
1 4 4
9.999809265136719e-01 5.869431770406663e-04 6.151337642222643e-03 -2.787934064865112e+00 
-5.869320593774319e-04 9.999998807907104e-01 -3.610486146499170e-06 1.807674598693848e+01 
-6.151339039206505e-03 0.000000000000000e+00 9.999811053276062e-01 1.080190372467041e+01 
0.000000000000000e+00 0.000000000000000e+00 0.000000000000000e+00 1.000000000000000e+00 
src volume info
valid = 1  # volume info valid
filename = /out/sourcedata/freesurfer/sub-v1s3x0050813_ses-1/mri/norm.mgz
volume = 256 256 256
voxelsize = 1.000000000000000e+00 1.000000000000000e+00 1.000000000000000e+00
xras   = -9.999999403953552e-01 0.000000000000000e+00 0.000000000000000e+00
yras   = 0.000000000000000e+00 0.000000000000000e+00 -1.000000000000000e+00
zras   = 0.000000000000000e+00 9.999999403953552e-01 0.000000000000000e+00
cras   = 9.855651855468750e-01 7.925651550292969e+00 1.471801757812500e+00
dst volume info
valid = 1  # volume info valid
filename = /out/sourcedata/freesurfer/sub-v1s3x0050813_ses-1/mri/norm.mgz
volume = 256 256 256
voxelsize = 1.000000000000000e+00 1.000000000000000e+00 1.000000000000000e+00
xras   = -9.999999403953552e-01 0.000000000000000e+00 0.000000000000000e+00
yras   = 0.000000000000000e+00 0.000000000000000e+00 -1.000000000000000e+00
zras   = 0.000000000000000e+00 9.999999403953552e-01 0.000000000000000e+00
cras   = 9.855651855468750e-01 7.925651550292969e+00 1.471801757812500e+00
