#Insight Transform File V1.0
#Transform 0
Transform: AffineTransform_float_3_3
Parameters: 0.999999 0.000441283 0.000691386 -0.000444715 0.999986 0.0053847 -0.000688615 -0.00538531 0.999986 -0.0301463 0.15119 -0.0645527
FixedParameters: 0 0 0

#Transform 1
Transform: AffineTransform_float_3_3
Parameters: 0.999999 0.000952012 0.00016867 -0.000952989 0.999982 0.00595284 -0.00016333 -0.00595316 0.999983 -0.0450408 0.160576 -0.0588095
FixedParameters: 0 0 0

#Transform 2
Transform: AffineTransform_float_3_3
Parameters: 1 0.00105619 0.000330832 -0.00105881 0.999984 0.00551665 -0.000325164 -0.00551635 0.999984 -0.0504643 0.144508 -0.080299
FixedParameters: 0 0 0

#Transform 3
Transform: AffineTransform_float_3_3
Parameters: 1 0.000967403 0.000626589 -0.000971594 0.999983 0.0057664 -0.000620408 -0.0057666 0.999983 -0.056577 0.121696 -0.0899133
FixedParameters: 0 0 0

#Transform 4
Transform: AffineTransform_float_3_3
Parameters: 0.999999 0.00138388 0.000556829 -0.00138713 0.999983 0.00565023 -0.000549171 -0.00565077 0.999984 -0.047022 0.10007 -0.0479422
FixedParameters: 0 0 0

#Transform 5
Transform: AffineTransform_float_3_3
Parameters: 0.999998 0.00204647 0.000464294 -0.00204853 0.999982 0.00551506 -0.000453708 -0.00551594 0.999984 -0.0407983 0.104299 -0.0289924
FixedParameters: 0 0 0

#Transform 6
Transform: AffineTransform_float_3_3
Parameters: 1 0.0011847 0.000216263 -0.0011863 0.99998 0.00612675 -0.000208735 -0.00612725 0.999981 -0.0308967 0.0783485 -0.0380695
FixedParameters: 0 0 0

#Transform 7
Transform: AffineTransform_float_3_3
Parameters: 0.999999 0.00127284 0.000361697 -0.00127516 0.999981 0.00604154 -0.000354303 -0.00604145 0.999981 -0.0527833 0.0839829 0.00497306
FixedParameters: 0 0 0

#Transform 8
Transform: AffineTransform_float_3_3
Parameters: 0.999999 0.00043823 0.000676771 -0.000443772 0.999964 0.00854971 -0.000673231 -0.0085493 0.999963 -0.0368105 0.0669343 -0.0206296
FixedParameters: 0 0 0

#Transform 9
Transform: AffineTransform_float_3_3
Parameters: 0.999999 0.000692888 0.000503311 -0.000696115 0.99998 0.00620865 -0.000499687 -0.00620934 0.99998 -0.0476334 0.0910582 0.0249438
FixedParameters: 0 0 0

#Transform 10
Transform: AffineTransform_float_3_3
Parameters: 1 0.000509433 0.00106517 -0.000516566 0.999981 0.00617446 -0.00106183 -0.00617455 0.999981 -0.0431931 0.0811264 0.0546192
FixedParameters: 0 0 0

#Transform 11
Transform: AffineTransform_float_3_3
Parameters: 0.999999 0.000689415 0.00112008 -0.000696585 0.999983 0.00588923 -0.00111592 -0.00589078 0.999982 -0.0379101 0.0797618 0.00429701
FixedParameters: 0 0 0

#Transform 12
Transform: AffineTransform_float_3_3
Parameters: 0.999995 0.0032348 0.000149447 -0.0032352 0.999994 0.00137452 -0.000145551 -0.00137548 0.999999 -0.0870367 -0.0425044 0.0480762
FixedParameters: 0 0 0

#Transform 13
Transform: AffineTransform_float_3_3
Parameters: 0.999989 0.00339127 0.00321623 -0.00339973 0.99999 0.00271209 -0.00320677 -0.0027229 0.999991 -0.103007 0.00463335 0.0437113
FixedParameters: 0 0 0

#Transform 14
Transform: AffineTransform_float_3_3
Parameters: 0.999998 0.00127887 0.0015931 -0.00127913 0.999999 7.99624e-05 -0.0015929 -8.20373e-05 0.999998 -0.0774439 0.0649714 -0.0453791
FixedParameters: 0 0 0

#Transform 15
Transform: AffineTransform_float_3_3
Parameters: 0.999998 0.00130696 0.00140604 -0.00130705 0.999999 3.11623e-05 -0.00140596 -3.28376e-05 0.999999 -0.0986064 0.0362905 -0.0390959
FixedParameters: 0 0 0

#Transform 16
Transform: AffineTransform_float_3_3
Parameters: 0.999999 0.000648663 -0.00080346 -0.000642333 0.999975 0.00702852 0.000808534 -0.00702848 0.999975 -0.16983 0.34029 -0.458728
FixedParameters: 0 0 0

#Transform 17
Transform: AffineTransform_float_3_3
Parameters: 1 0.000390077 0.00115102 -0.000395923 0.999986 0.00515055 -0.00114898 -0.00515045 0.999986 -0.0665065 0.0686415 -0.00676486
FixedParameters: 0 0 0

#Transform 18
Transform: AffineTransform_float_3_3
Parameters: 0.999998 0.00109615 0.00116857 -0.00110085 0.999991 0.00415572 -0.00116443 -0.00415728 0.99999 -0.0753239 0.0600398 0.00993391
FixedParameters: 0 0 0

#Transform 19
Transform: AffineTransform_float_3_3
Parameters: 0.999999 0.00117381 -0.000403777 -0.00117219 0.99999 0.00445348 0.000408224 -0.00445253 0.99999 -0.0609173 -0.0433564 0.0961467
FixedParameters: 0 0 0

#Transform 20
Transform: AffineTransform_float_3_3
Parameters: 0.999999 0.00145316 -0.000432133 -0.00145285 0.999996 0.00266263 0.00043587 -0.00266237 0.999997 -0.0365614 -0.0426291 0.0787604
FixedParameters: 0 0 0

#Transform 21
Transform: AffineTransform_float_3_3
Parameters: 0.999992 -0.00218141 0.00320361 0.00217159 0.999994 0.00293698 -0.00320938 -0.00293002 0.99999 0.0831065 0.0828749 0.124046
FixedParameters: 0 0 0

#Transform 22
Transform: AffineTransform_float_3_3
Parameters: 0.999999 -0.000572462 0.00177917 0.000572538 1 -0.000301982 -0.00177883 0.000303019 0.999999 -0.0306079 0.00213489 0.0775734
FixedParameters: 0 0 0

#Transform 23
Transform: AffineTransform_float_3_3
Parameters: 0.999999 0.000411914 0.000768046 -0.000412086 1 0.000111683 -0.000767953 -0.000112316 0.999999 -0.0284752 -0.0236158 0.0838363
FixedParameters: 0 0 0

#Transform 24
Transform: AffineTransform_float_3_3
Parameters: 0.999999 0.000734812 0.000982648 -0.00073319 0.999998 -0.00184272 -0.000983353 0.00184228 0.999998 -0.0263538 -0.0175132 0.00407497
FixedParameters: 0 0 0

#Transform 25
Transform: AffineTransform_float_3_3
Parameters: 1 0.000335859 0.000983708 -0.000335142 0.999999 -0.00087333 -0.000983293 0.00087267 0.999999 -0.019061 0.00113624 0.0560906
FixedParameters: 0 0 0

#Transform 26
Transform: AffineTransform_float_3_3
Parameters: 0.999999 0.000413368 0.000983425 -0.000411632 0.999999 -0.0013914 -0.000983572 0.00139059 0.999998 -0.0247413 0.00260494 0.000526384
FixedParameters: 0 0 0

#Transform 27
Transform: AffineTransform_float_3_3
Parameters: 0.999999 -0.000441418 0.000574447 0.000442581 1 -0.00101275 -0.000573552 0.00101325 1 -0.0229095 0.0190092 -0.0153069
FixedParameters: 0 0 0

#Transform 28
Transform: AffineTransform_float_3_3
Parameters: 1 0.000237713 0.000414592 -0.000237286 0.999998 -0.0017191 -0.000415409 0.0017189 0.999999 -0.020452 0.0456237 -0.0151147
FixedParameters: 0 0 0

#Transform 29
Transform: AffineTransform_float_3_3
Parameters: 1 -0.000358951 0.00103536 0.000360049 1 -0.00101263 -0.00103564 0.00101337 0.999999 -0.0366068 -0.00652911 -0.0105471
FixedParameters: 0 0 0

#Transform 30
Transform: AffineTransform_float_3_3
Parameters: 1 0.000161156 0.000195872 -0.000160844 0.999999 -0.000794031 -0.000196128 0.000793968 0.999999 -0.0359308 0.00406479 -0.0438715
FixedParameters: 0 0 0

#Transform 31
Transform: AffineTransform_float_3_3
Parameters: 1 0.000423576 -0.000512181 -0.000425424 0.999996 -0.00278378 0.000510817 0.00278422 0.999996 -0.0482308 -0.0325305 -0.0521699
FixedParameters: 0 0 0

#Transform 32
Transform: AffineTransform_float_3_3
Parameters: 1 -8.82494e-05 0.000243274 8.87528e-05 0.999995 -0.00308698 -0.000243727 0.00308702 0.999995 -0.0533944 -0.0309966 -0.0724931
FixedParameters: 0 0 0

#Transform 33
Transform: AffineTransform_float_3_3
Parameters: 1 0.000105088 0.000439741 -0.000103914 0.999997 -0.00247305 -0.000439258 0.00247295 0.999997 -0.0590104 -0.0585654 -0.0512355
FixedParameters: 0 0 0

#Transform 34
Transform: AffineTransform_float_3_3
Parameters: 0.999999 0.000625292 0.000467629 -0.000621705 0.999975 -0.0070083 -0.000472368 0.00700771 0.999976 -0.0853667 -0.117714 -0.0940131
FixedParameters: 0 0 0

#Transform 35
Transform: AffineTransform_float_3_3
Parameters: 1 -0.000131984 -0.000438407 0.000130013 0.99999 -0.00452305 0.000439592 0.00452294 0.999989 -0.0485867 -0.0772187 -0.0638625
FixedParameters: 0 0 0

#Transform 36
Transform: AffineTransform_float_3_3
Parameters: 1 -0.000847414 -0.000434323 0.000844584 0.999985 -0.00552737 0.000439675 0.00552663 0.999984 -0.0453482 -0.193742 -0.0277069
FixedParameters: 0 0 0

#Transform 37
Transform: AffineTransform_float_3_3
Parameters: 0.999995 0.00311555 8.23949e-05 -0.00311546 0.999978 -0.00597229 -0.00010061 0.00597272 0.999982 -0.0870946 -0.152189 -0.0226207
FixedParameters: 0 0 0

#Transform 38
Transform: AffineTransform_float_3_3
Parameters: 0.999999 0.00118575 -0.000506687 -0.00118826 0.999979 -0.00647341 0.000499319 0.0064736 0.999979 -0.0371739 -0.145522 -0.0266853
FixedParameters: 0 0 0

#Transform 39
Transform: AffineTransform_float_3_3
Parameters: 1 0.00105241 0.000289941 -0.00105159 0.999988 -0.00481031 -0.000295063 0.00481069 0.999989 -0.0477999 -0.149416 -0.0425158
FixedParameters: 0 0 0

#Transform 40
Transform: AffineTransform_float_3_3
Parameters: 0.999999 0.00126376 0.000246119 -0.00126324 0.999994 -0.00307231 -0.000249882 0.00307169 0.999996 -0.0525246 -0.115366 0.0091972
FixedParameters: 0 0 0

#Transform 41
Transform: AffineTransform_float_3_3
Parameters: 0.999985 -7.44526e-07 0.005506 -0.000105748 0.999816 0.0192057 -0.00550499 -0.0192053 0.999801 0.00729126 -0.00877556 0.0638179
FixedParameters: 0 0 0

#Transform 42
Transform: AffineTransform_float_3_3
Parameters: 0.999997 -0.00212614 0.00117658 0.00210487 0.999842 0.0176865 -0.00121341 -0.0176835 0.999843 0.0259966 0.00033542 -0.0163813
FixedParameters: 0 0 0

#Transform 43
Transform: AffineTransform_float_3_3
Parameters: 0.999999 -0.000622667 0.000781393 0.000612337 0.999924 0.0123115 -0.000788598 -0.0123115 0.999924 -0.0144461 0.00691507 -0.0666818
FixedParameters: 0 0 0

#Transform 44
Transform: AffineTransform_float_3_3
Parameters: 1 -0.000596782 0.00101358 0.000584225 0.999921 0.0125646 -0.00102042 -0.0125634 0.999921 -0.0480235 -0.00779228 -0.0867838
FixedParameters: 0 0 0

#Transform 45
Transform: AffineTransform_float_3_3
Parameters: 0.999999 -0.000190306 0.00123903 0.000176695 0.999943 0.0107302 -0.00124097 -0.0107298 0.999941 -0.0406122 -0.0725129 0.142792
FixedParameters: 0 0 0

#Transform 46
Transform: AffineTransform_float_3_3
Parameters: 1 0.000506642 -0.00026994 -0.000505357 0.999981 0.00604913 0.000273062 -0.00604886 0.999981 -0.0577819 0.0842757 -0.147127
FixedParameters: 0 0 0

#Transform 47
Transform: AffineTransform_float_3_3
Parameters: 0.999999 0.00137575 -0.000373608 -0.00137425 0.999988 0.00464952 0.000380393 -0.00464848 0.999989 -0.0707764 -0.0282791 -0.0716468
FixedParameters: 0 0 0

#Transform 48
Transform: AffineTransform_float_3_3
Parameters: 1 0.000471743 -0.00109268 -0.000471257 0.999999 0.000679515 0.00109332 -0.000679485 0.999999 -0.0570875 -0.0296493 -0.0277155
FixedParameters: 0 0 0

#Transform 49
Transform: AffineTransform_float_3_3
Parameters: 0.999999 0.00101424 -0.00138774 -0.00100676 0.999986 0.00521041 0.00139227 -0.0052096 0.999986 -0.0935795 -0.0172059 -0.0640067
FixedParameters: 0 0 0

#Transform 50
Transform: AffineTransform_float_3_3
Parameters: 0.999997 0.00220606 0.0012751 -0.00220894 0.999995 0.00230919 -0.0012699 -0.00231181 0.999997 -0.0852484 -0.0654974 0.00906502
FixedParameters: 0 0 0

#Transform 51
Transform: AffineTransform_float_3_3
Parameters: 0.999998 0.0019326 0.00015601 -0.0019324 0.999995 0.0025917 -0.000150991 -0.0025923 0.999996 -0.0650702 -0.0466957 0.028116
FixedParameters: 0 0 0

#Transform 52
Transform: AffineTransform_float_3_3
Parameters: 0.999999 0.0014527 0.000146046 -0.0014523 0.999996 0.00209679 -0.000142956 -0.00209621 0.999998 -0.0573066 -0.038945 0.0139708
FixedParameters: 0 0 0

#Transform 53
Transform: AffineTransform_float_3_3
Parameters: 0.999999 0.00124184 -0.000390336 -0.00124116 0.999997 0.00214649 0.000393665 -0.00214651 0.999997 -0.0571733 -0.0469114 0.0153063
FixedParameters: 0 0 0

#Transform 54
Transform: AffineTransform_float_3_3
Parameters: 0.999986 -0.0051499 0.000477199 0.00515209 0.999976 -0.0045026 -0.000453803 0.00450439 0.99999 0.0413549 -0.311572 -0.0969661
FixedParameters: 0 0 0

#Transform 55
Transform: AffineTransform_float_3_3
Parameters: 1 -0.000580013 -5.28567e-05 0.000579987 1 -0.000247031 5.31432e-05 0.000246969 1 -0.016772 -0.090744 -0.0534914
FixedParameters: 0 0 0

#Transform 56
Transform: AffineTransform_float_3_3
Parameters: 0.999999 0.000261866 -0.00152168 -0.00024714 0.999959 0.0091054 0.00152331 -0.00910462 0.999958 -0.0981704 -0.0507381 -0.0984731
FixedParameters: 0 0 0

#Transform 57
Transform: AffineTransform_float_3_3
Parameters: 0.999999 0.000882126 -0.000979849 -0.000864871 0.999849 0.0173439 0.000995149 -0.0173421 0.999849 -0.12517 0.0794083 -0.207912
FixedParameters: 0 0 0

#Transform 58
Transform: AffineTransform_float_3_3
Parameters: 0.999998 0.00110852 -0.00125315 -0.00108749 0.999868 0.0162564 0.00127084 -0.0162546 0.999867 -0.121667 0.101253 -0.16259
FixedParameters: 0 0 0

#Transform 59
Transform: AffineTransform_float_3_3
Parameters: 0.999977 0.00126273 0.00677338 -0.00141626 0.999742 0.0226709 -0.00674262 -0.0226801 0.99972 -0.349847 0.0767461 -0.162862
FixedParameters: 0 0 0

#Transform 60
Transform: AffineTransform_float_3_3
Parameters: 0.999916 -0.00866702 -0.00962502 0.00877897 0.999893 0.0116525 0.00952298 -0.0117365 0.999886 0.446976 -0.178309 -0.165114
FixedParameters: 0 0 0

#Transform 61
Transform: AffineTransform_float_3_3
Parameters: 0.999977 -0.00598836 -0.00313542 0.00601464 0.999946 0.00855833 0.00308358 -0.00857666 0.999958 0.187925 -0.0821906 -0.132933
FixedParameters: 0 0 0

#Transform 62
Transform: AffineTransform_float_3_3
Parameters: 0.999987 -0.00486229 -0.00168238 0.00487071 0.999975 0.00521088 0.00165762 -0.00521913 0.999985 0.151717 -0.138626 -0.161415
FixedParameters: 0 0 0

#Transform 63
Transform: AffineTransform_float_3_3
Parameters: 0.999891 -0.0146615 -0.00186107 0.0146635 0.999892 0.000809799 0.00184892 -0.000837199 0.999998 0.56399 -0.226702 -0.20703
FixedParameters: 0 0 0

#Transform 64
Transform: AffineTransform_float_3_3
Parameters: 0.999941 -0.00988547 -0.00444977 0.00994253 0.999868 0.0128655 0.00432222 -0.0129095 0.999908 0.165616 0.0897866 0.000184594
FixedParameters: 0 0 0

#Transform 65
Transform: AffineTransform_float_3_3
Parameters: 0.999774 -0.00907698 -0.0192348 0.00995198 0.998896 0.0458949 0.0187962 -0.046076 0.998761 -0.0171467 1.07005 -0.81228
FixedParameters: 0 0 0

#Transform 66
Transform: AffineTransform_float_3_3
Parameters: 0.999949 -0.00707728 -0.00730416 0.00746972 0.998447 0.0552203 0.00690186 -0.0552717 0.998448 -0.155884 0.933729 -0.397621
FixedParameters: 0 0 0

#Transform 67
Transform: AffineTransform_float_3_3
Parameters: 0.999942 -0.00864362 -0.00645147 0.00901241 0.998191 0.0594423 0.0059265 -0.0594977 0.998211 -0.0200125 0.440425 -0.0958521
FixedParameters: 0 0 0

#Transform 68
Transform: AffineTransform_float_3_3
Parameters: 0.999941 -0.00856226 -0.00671732 0.00890772 0.99855 0.0530913 0.00625264 -0.0531477 0.998567 -0.0209563 0.393342 -0.0485204
FixedParameters: 0 0 0

#Transform 69
Transform: AffineTransform_float_3_3
Parameters: 0.999945 -0.00829967 -0.00638969 0.0085873 0.998889 0.0463377 0.00599731 -0.0463893 0.998906 0.00754416 0.404206 -0.0340075
FixedParameters: 0 0 0

#Transform 70
Transform: AffineTransform_float_3_3
Parameters: 0.999942 -0.00862006 -0.0064284 0.00888693 0.999048 0.0427234 0.00605361 -0.0427777 0.999067 0.0152496 0.359752 -0.0485972
FixedParameters: 0 0 0

#Transform 71
Transform: AffineTransform_float_3_3
Parameters: 0.999944 -0.00877236 -0.00581601 0.00901764 0.999015 0.043464 0.00542896 -0.0435141 0.999038 0.0168815 0.330027 0.0230293
FixedParameters: 0 0 0

#Transform 72
Transform: AffineTransform_float_3_3
Parameters: 0.999949 -0.00818456 -0.00604096 0.00843344 0.999068 0.0423152 0.00568903 -0.0423637 0.999086 -0.0151223 0.315347 0.107293
FixedParameters: 0 0 0

#Transform 73
Transform: AffineTransform_float_3_3
Parameters: 0.999941 -0.00842277 -0.00696738 0.00867426 0.999283 0.0368508 0.00665261 -0.0369092 0.999296 0.0139736 0.318952 0.0484416
FixedParameters: 0 0 0

#Transform 74
Transform: AffineTransform_float_3_3
Parameters: 0.999945 -0.00831282 -0.00629896 0.00852918 0.999347 0.0351082 0.00600303 -0.0351598 0.999363 0.017317 0.28424 0.0814037
FixedParameters: 0 0 0

#Transform 75
Transform: AffineTransform_float_3_3
Parameters: 0.999948 -0.0080696 -0.00625631 0.00827439 0.999404 0.033531 0.00598171 -0.033581 0.999418 0.029279 0.265329 0.0918974
FixedParameters: 0 0 0

#Transform 76
Transform: AffineTransform_float_3_3
Parameters: 0.999944 -0.00833705 -0.00642434 0.00853996 0.999443 0.0322379 0.00615265 -0.0322911 0.999459 0.0325659 0.219652 0.104671
FixedParameters: 0 0 0

#Transform 77
Transform: AffineTransform_float_3_3
Parameters: 0.999951 -0.00770425 -0.00612133 0.00788674 0.999507 0.0304132 0.00588366 -0.0304608 0.999518 0.0264209 0.219152 0.112051
FixedParameters: 0 0 0

#Transform 78
Transform: AffineTransform_float_3_3
Parameters: 0.999956 -0.00763549 -0.00558316 0.00780251 0.999506 0.0304368 0.00534783 -0.0304792 0.999521 0.0240854 0.222139 0.0956117
FixedParameters: 0 0 0

#Transform 79
Transform: AffineTransform_float_3_3
Parameters: 0.999955 -0.00762504 -0.00568672 0.00779593 0.999499 0.0306721 0.00544928 -0.030715 0.999514 0.0247387 0.204845 0.0648268
FixedParameters: 0 0 0

#Transform 80
Transform: AffineTransform_float_3_3
Parameters: 0.999952 -0.00773647 -0.00599285 0.00791553 0.999507 0.030362 0.00575514 -0.030408 0.999521 0.0260091 0.176385 0.0640432
FixedParameters: 0 0 0

#Transform 81
Transform: AffineTransform_float_3_3
Parameters: 0.999958 -0.00753558 -0.00518315 0.00768242 0.999549 0.0290364 0.00496188 -0.0290746 0.999565 0.0160104 0.171426 0.0992294
FixedParameters: 0 0 0

#Transform 82
Transform: AffineTransform_float_3_3
Parameters: 0.999964 -0.00828941 -0.00176331 0.00832758 0.999697 0.0231351 0.0015707 -0.0231488 0.999731 0.0569082 0.116712 0.0777811
FixedParameters: 0 0 0

#Transform 83
Transform: AffineTransform_float_3_3
Parameters: 0.999974 -0.00675864 -0.00249202 0.00680135 0.999825 0.0173975 0.00237397 -0.0174145 0.999845 0.0098734 0.0721688 0.0645933
FixedParameters: 0 0 0

#Transform 84
Transform: AffineTransform_float_3_3
Parameters: 0.999972 -0.0070206 -0.00275114 0.00706441 0.99984 0.016479 0.00263488 -0.016498 0.999861 0.0152199 0.0684657 0.171303
FixedParameters: 0 0 0

#Transform 85
Transform: AffineTransform_float_3_3
Parameters: 0.999977 -0.00603428 -0.00306231 0.00606473 0.999931 0.0101247 0.0030017 -0.0101423 0.999944 0.00458532 0.00172498 0.0956193
FixedParameters: 0 0 0

#Transform 86
Transform: AffineTransform_float_3_3
Parameters: 0.99998 -0.00565861 -0.00303045 0.00568839 0.999932 0.010116 0.00297256 -0.010133 0.999944 0.00682187 -0.0198626 0.0975596
FixedParameters: 0 0 0

#Transform 87
Transform: AffineTransform_float_3_3
Parameters: 0.999979 -0.00579025 -0.00314463 0.00581774 0.999943 0.00888689 0.00309237 -0.00890509 0.999955 -0.0115244 0.00915799 0.104731
FixedParameters: 0 0 0

#Transform 88
Transform: AffineTransform_float_3_3
Parameters: 0.999979 -0.00561478 -0.00302221 0.00564021 0.999946 0.00873513 0.00297279 -0.00875287 0.999958 0.000948259 -0.0148963 0.121474
FixedParameters: 0 0 0

#Transform 89
Transform: AffineTransform_float_3_3
Parameters: 0.999979 -0.00556154 -0.00333968 0.00558345 0.999961 0.00675249 0.00330232 -0.0067715 0.999971 0.0215885 -0.0329283 0.10448
FixedParameters: 0 0 0

#Transform 90
Transform: AffineTransform_float_3_3
Parameters: 0.999976 -0.00579368 -0.00361267 0.00581732 0.999962 0.00647913 0.00357532 -0.00649986 0.999972 0.00884169 -0.0606017 0.119178
FixedParameters: 0 0 0

#Transform 91
Transform: AffineTransform_float_3_3
Parameters: 0.999968 -0.00633282 -0.00474221 0.00636217 0.999961 0.00616202 0.00470279 -0.00619197 0.99997 0.0374434 -0.123029 0.116462
FixedParameters: 0 0 0

#Transform 92
Transform: AffineTransform_float_3_3
Parameters: 0.999972 -0.00642538 -0.00401084 0.00644762 0.999964 0.00540029 0.00397616 -0.0054257 0.999978 0.0317602 -0.105059 0.126963
FixedParameters: 0 0 0

#Transform 93
Transform: AffineTransform_float_3_3
Parameters: 0.999967 -0.0066011 -0.00473509 0.00662391 0.999967 0.0048378 0.00470291 -0.00486921 0.999977 0.0353125 -0.178325 0.159039
FixedParameters: 0 0 0

#Transform 94
Transform: AffineTransform_float_3_3
Parameters: 0.999982 -0.00283878 -0.00527402 0.00280722 0.999978 -0.00602391 0.00529099 0.00600909 0.999968 -0.016074 -0.248814 0.115632
FixedParameters: 0 0 0

#Transform 95
Transform: AffineTransform_float_3_3
Parameters: 0.99998 -0.00346497 -0.00515697 0.00345002 0.99999 -0.00290985 0.00516703 0.00289215 0.999983 0.000764626 -0.260798 0.00659593
FixedParameters: 0 0 0

#Transform 96
Transform: AffineTransform_float_3_3
Parameters: 0.999952 -0.00719528 -0.00662916 0.00727972 0.999891 0.0128464 0.00653585 -0.0128937 0.999896 0.175846 -0.138518 0.173276
FixedParameters: 0 0 0

#Transform 97
Transform: AffineTransform_float_3_3
Parameters: 0.999968 -0.00584321 -0.00544511 0.0058848 0.999955 0.0075062 0.00540089 -0.0075378 0.999957 0.0616428 -0.126935 0.102897
FixedParameters: 0 0 0

#Transform 98
Transform: AffineTransform_float_3_3
Parameters: 0.997067 0.0668447 0.0372894 -0.0624825 0.992195 -0.107918 -0.0442117 0.105271 0.993461 -0.354564 -2.37103 -1.72018
FixedParameters: 0 0 0

#Transform 99
Transform: AffineTransform_float_3_3
Parameters: 0.99938 0.0291094 0.0197979 -0.0279226 0.997936 -0.0578156 -0.0214401 0.0572263 0.998131 0.144978 -1.55426 0.165547
FixedParameters: 0 0 0

#Transform 100
Transform: AffineTransform_float_3_3
Parameters: 0.999547 0.0252784 0.0163245 -0.0243876 0.998317 -0.0526119 -0.0176275 0.05219 0.998481 0.207928 -1.60593 0.342035
FixedParameters: 0 0 0

#Transform 101
Transform: AffineTransform_float_3_3
Parameters: 0.999618 0.0225711 0.0159093 -0.0217949 0.99864 -0.0473748 -0.0169577 0.0470102 0.998751 0.277157 -1.53109 0.339217
FixedParameters: 0 0 0

#Transform 102
Transform: AffineTransform_float_3_3
Parameters: 0.999629 0.022972 0.0145921 -0.022221 0.998518 -0.0496937 -0.0157119 0.0493514 0.998658 0.263493 -1.49556 0.290758
FixedParameters: 0 0 0

#Transform 103
Transform: AffineTransform_float_3_3
Parameters: 0.999652 0.0218277 0.0147988 -0.0211183 0.998694 -0.0465237 -0.0157952 0.0461953 0.998807 0.323228 -1.46482 0.0939072
FixedParameters: 0 0 0

#Transform 104
Transform: AffineTransform_float_3_3
Parameters: 0.998412 0.036029 0.0433109 -0.0361869 0.999341 0.00286827 -0.0431791 -0.00443174 0.999057 0.0230765 -1.31656 -0.190447
FixedParameters: 0 0 0

#Transform 105
Transform: AffineTransform_float_3_3
Parameters: 0.999417 0.0237603 0.024511 -0.0232407 0.999504 -0.021259 -0.0250039 0.0206769 0.999473 0.279473 -1.14717 0.252278
FixedParameters: 0 0 0

#Transform 106
Transform: AffineTransform_float_3_3
Parameters: 0.999485 0.0231364 0.0222369 -0.0226246 0.999479 -0.0230249 -0.0227581 0.02251 0.999487 0.309321 -1.16181 0.33259
FixedParameters: 0 0 0

#Transform 107
Transform: AffineTransform_float_3_3
Parameters: 0.999496 0.0228263 0.0220901 -0.0222787 0.999447 -0.0247136 -0.0226419 0.0242094 0.999451 0.285029 -1.20748 0.292083
FixedParameters: 0 0 0

#Transform 108
Transform: AffineTransform_float_3_3
Parameters: 0.999522 0.0225649 0.0211594 -0.0220081 0.999414 -0.0261912 -0.0217376 0.0257138 0.999433 0.267971 -1.20255 0.273075
FixedParameters: 0 0 0

#Transform 109
Transform: AffineTransform_float_3_3
Parameters: 0.999571 0.0224348 0.0188381 -0.0218782 0.999333 -0.0292607 -0.0194819 0.0288363 0.999395 0.288124 -1.18651 0.279659
FixedParameters: 0 0 0

#Transform 110
Transform: AffineTransform_float_3_3
Parameters: 0.99954 0.0215889 0.0212724 -0.0209521 0.99934 -0.0296743 -0.0218986 0.0292147 0.999333 0.386328 -1.08257 0.139995
FixedParameters: 0 0 0

#Transform 111
Transform: AffineTransform_float_3_3
Parameters: 0.99885 0.0303724 0.0371004 -0.0296026 0.999338 -0.0211426 -0.0377176 0.0200195 0.999088 0.0348912 -0.613463 -0.478662
FixedParameters: 0 0 0

#Transform 112
Transform: AffineTransform_float_3_3
Parameters: 0.998943 0.032223 0.0327734 -0.030067 0.997479 -0.0642763 -0.0347626 0.0632236 0.997394 -0.127421 -0.832289 -0.33088
FixedParameters: 0 0 0

#Transform 113
Transform: AffineTransform_float_3_3
Parameters: 0.999577 0.0228104 0.0180392 -0.0219626 0.998705 -0.0459066 -0.0190638 0.0454914 0.998783 0.204304 -1.27891 0.154692
FixedParameters: 0 0 0

#Transform 114
Transform: AffineTransform_float_3_3
Parameters: 0.999609 0.0223424 0.016845 -0.0215476 0.998711 -0.045952 -0.01785 0.045571 0.998801 0.215417 -1.32126 0.180202
FixedParameters: 0 0 0

#Transform 115
Transform: AffineTransform_float_3_3
Parameters: 0.999605 0.02302 0.0161365 -0.022286 0.99877 -0.0442791 -0.0171355 0.0439019 0.998889 0.210945 -1.32312 0.235895
FixedParameters: 0 0 0

#Transform 116
Transform: AffineTransform_float_3_3
Parameters: 0.999739 0.0182783 0.0136653 -0.0176677 0.998893 -0.0435938 -0.0144467 0.0433402 0.998956 0.28833 -1.35603 0.207798
FixedParameters: 0 0 0

#Transform 117
Transform: AffineTransform_float_3_3
Parameters: 0.999679 0.019839 0.0157271 -0.0191639 0.998935 -0.0419699 -0.0165429 0.0416552 0.998995 0.244287 -1.32537 0.242188
FixedParameters: 0 0 0

#Transform 118
Transform: AffineTransform_float_3_3
Parameters: 0.999694 0.0198275 0.0147835 -0.0191645 0.998859 -0.0437477 -0.0156336 0.0434513 0.998933 0.255728 -1.33489 0.217317
FixedParameters: 0 0 0

#Transform 119
Transform: AffineTransform_float_3_3
Parameters: 0.999695 0.0203218 0.013987 -0.0196722 0.998787 -0.0451239 -0.0148871 0.0448351 0.998884 0.253863 -1.33353 0.208612
FixedParameters: 0 0 0

#Transform 120
Transform: AffineTransform_float_3_3
Parameters: 0.999719 0.0197643 0.0130418 -0.0191637 0.998818 -0.0446545 -0.0139081 0.0443916 0.998918 0.263038 -1.34534 0.222826
FixedParameters: 0 0 0

#Transform 121
Transform: AffineTransform_float_3_3
Parameters: 0.999704 0.0204349 0.0132174 -0.0198491 0.998877 -0.0430361 -0.0140816 0.0427609 0.998986 0.26647 -1.30438 0.173701
FixedParameters: 0 0 0

#Transform 122
Transform: AffineTransform_float_3_3
Parameters: 0.999229 0.026861 0.0286577 -0.026514 0.999572 -0.0124194 -0.0289793 0.0116506 0.999512 0.336433 -1.11223 0.305325
FixedParameters: 0 0 0

#Transform 123
Transform: AffineTransform_float_3_3
Parameters: 0.999605 0.024585 0.013671 -0.024048 0.998982 -0.0381478 -0.0145949 0.0378031 0.999178 0.186667 -1.25942 0.192331
FixedParameters: 0 0 0

#Transform 124
Transform: AffineTransform_float_3_3
Parameters: 0.999699 0.0218955 0.0110185 -0.0213975 0.998829 -0.0434078 -0.0119565 0.0431592 0.998996 0.237194 -1.28332 0.24242
FixedParameters: 0 0 0

#Transform 125
Transform: AffineTransform_float_3_3
Parameters: 0.999679 0.0228048 0.0110198 -0.0222632 0.998646 -0.0470144 -0.0120773 0.0467546 0.998834 0.239148 -1.28489 0.217472
FixedParameters: 0 0 0

#Transform 126
Transform: AffineTransform_float_3_3
Parameters: 0.999552 0.0236747 0.0183185 -0.0230573 0.999184 -0.0331762 -0.0190894 0.0327387 0.999281 0.352368 -1.26388 0.446486
FixedParameters: 0 0 0

#Transform 127
Transform: AffineTransform_float_3_3
Parameters: 0.999415 0.0210991 0.0269232 -0.0204639 0.999511 -0.0236498 -0.0274088 0.0230852 0.999357 0.332273 -1.21826 0.363699
FixedParameters: 0 0 0

#Transform 128
Transform: AffineTransform_float_3_3
Parameters: 0.999496 0.0228197 0.0220963 -0.0223314 0.999507 -0.0220696 -0.0225887 0.0215654 0.999512 0.324185 -1.15194 0.417776
FixedParameters: 0 0 0

#Transform 129
Transform: AffineTransform_float_3_3
Parameters: 0.999554 0.0219824 0.0202167 -0.0214696 0.999452 -0.0252203 -0.0207603 0.0247757 0.999478 0.355172 -1.19967 0.47456
FixedParameters: 0 0 0

#Transform 130
Transform: AffineTransform_float_3_3
Parameters: 0.999543 0.0224821 0.0202123 -0.0218709 0.999311 -0.0299627 -0.0208717 0.0295062 0.999346 0.310957 -1.26015 0.47775
FixedParameters: 0 0 0

#Transform 131
Transform: AffineTransform_float_3_3
Parameters: 0.999597 0.0217036 0.0182926 -0.0211224 0.999285 -0.031355 -0.0189604 0.030956 0.999341 0.340584 -1.25723 0.45419
FixedParameters: 0 0 0

#Transform 132
Transform: AffineTransform_float_3_3
Parameters: 0.999609 0.0221742 0.0170337 -0.0216008 0.999217 -0.0331299 -0.0177553 0.0327491 0.999306 0.353311 -1.27724 0.407453
FixedParameters: 0 0 0

#Transform 133
Transform: AffineTransform_float_3_3
Parameters: 0.999601 0.0217737 0.0179967 -0.0212162 0.999306 -0.030622 -0.0186513 0.030228 0.999369 0.332807 -1.29128 0.487562
FixedParameters: 0 0 0

#Transform 134
Transform: AffineTransform_float_3_3
Parameters: 0.999638 0.0212485 0.0164887 -0.0207015 0.999251 -0.0326922 -0.0171713 0.0323389 0.99933 0.34467 -1.25515 0.393939
FixedParameters: 0 0 0

#Transform 135
Transform: AffineTransform_float_3_3
Parameters: 0.999633 0.0212587 0.0168285 -0.0207013 0.999253 -0.0326484 -0.0175095 0.0322887 0.999325 0.3433 -1.27824 0.405341
FixedParameters: 0 0 0

#Transform 136
Transform: AffineTransform_float_3_3
Parameters: 0.999644 0.0216048 0.015627 -0.0210281 0.999124 -0.0361805 -0.016395 0.0358385 0.999223 0.322135 -1.27849 0.393789
FixedParameters: 0 0 0

#Transform 137
Transform: AffineTransform_float_3_3
Parameters: 0.999645 0.0215307 0.0156859 -0.0209553 0.999132 -0.0359835 -0.0164472 0.0356425 0.99923 0.328628 -1.28949 0.380077
FixedParameters: 0 0 0

#Transform 138
Transform: AffineTransform_float_3_3
Parameters: 0.999657 0.021251 0.0153144 -0.020649 0.999047 -0.0384524 -0.0161165 0.0381226 0.999143 0.308214 -1.29884 0.369108
FixedParameters: 0 0 0

#Transform 139
Transform: AffineTransform_float_3_3
Parameters: 0.9997 0.019939 0.0142307 -0.0193211 0.998918 -0.0423157 -0.0150583 0.0420284 0.999003 0.325118 -1.36324 0.341808
FixedParameters: 0 0 0

#Transform 140
Transform: AffineTransform_float_3_3
Parameters: 0.999684 0.0197569 0.0155328 -0.0191451 0.999071 -0.0386026 -0.0162813 0.0382934 0.999134 0.308999 -1.32778 0.368786
FixedParameters: 0 0 0

#Transform 141
Transform: AffineTransform_float_3_3
Parameters: 0.999677 0.0203219 0.0153079 -0.0196881 0.998987 -0.0404795 -0.0161151 0.0401645 0.999063 0.297755 -1.33984 0.351487
FixedParameters: 0 0 0

#Transform 142
Transform: AffineTransform_float_3_3
Parameters: 0.999718 0.0191625 0.0140678 -0.0185265 0.998857 -0.0440601 -0.0148962 0.0437869 0.99893 0.289991 -1.36126 0.304341
FixedParameters: 0 0 0

#Transform 143
Transform: AffineTransform_float_3_3
Parameters: 0.999696 0.0203779 0.0138734 -0.0197191 0.998743 -0.0460806 -0.0147956 0.0457934 0.998842 0.294958 -1.35235 0.286722
FixedParameters: 0 0 0

#Transform 144
Transform: AffineTransform_float_3_3
Parameters: 0.999655 0.0205581 0.0163513 -0.0197479 0.99864 -0.0482495 -0.0173207 0.0479104 0.998701 0.30092 -1.30755 0.274506
FixedParameters: 0 0 0

#Transform 145
Transform: AffineTransform_float_3_3
Parameters: 0.999699 0.0206148 0.0132923 -0.0199493 0.998629 -0.0484088 -0.0142717 0.0481293 0.998739 0.2853 -1.3259 0.303741
FixedParameters: 0 0 0

#Transform 146
Transform: AffineTransform_float_3_3
Parameters: 0.999674 0.021408 0.0139591 -0.020739 0.998707 -0.0464297 -0.0149349 0.0461244 0.998824 0.305766 -1.39218 0.329114
FixedParameters: 0 0 0

#Transform 147
Transform: AffineTransform_float_3_3
Parameters: 0.999692 0.0212775 0.0127623 -0.0206395 0.998623 -0.0482332 -0.0137707 0.0479547 0.998754 0.301991 -1.36233 0.321456
FixedParameters: 0 0 0

#Transform 148
Transform: AffineTransform_float_3_3
Parameters: 0.999708 0.0209101 0.0120977 -0.020301 0.99862 -0.0484467 -0.0130933 0.0481873 0.998752 0.311426 -1.36206 0.282202
FixedParameters: 0 0 0

#Transform 149
Transform: AffineTransform_float_3_3
Parameters: 0.999717 0.0204103 0.012273 -0.0197867 0.998602 -0.0490007 -0.013256 0.0487443 0.998724 0.24763 -1.37929 0.327789
FixedParameters: 0 0 0

#Transform 150
Transform: AffineTransform_float_3_3
Parameters: 0.999717 0.0202126 0.0126011 -0.0195604 0.998561 -0.0499206 -0.0135919 0.0496603 0.998673 0.274396 -1.39468 0.278363
FixedParameters: 0 0 0

#Transform 151
Transform: AffineTransform_float_3_3
Parameters: 0.999721 0.0202877 0.0120868 -0.0196303 0.998441 -0.0522508 -0.0131282 0.0519992 0.998561 0.280204 -1.42026 0.302177
FixedParameters: 0 0 0

#Transform 152
Transform: AffineTransform_float_3_3
Parameters: 0.999748 0.0189115 0.0120946 -0.0182455 0.998431 -0.052953 -0.0130774 0.052719 0.998524 0.304491 -1.45016 0.308564
FixedParameters: 0 0 0

#Transform 153
Transform: AffineTransform_float_3_3
Parameters: 0.999712 0.0204672 0.0125187 -0.0197797 0.998407 -0.0528278 -0.0135804 0.0525652 0.998525 0.268029 -1.43292 0.308436
FixedParameters: 0 0 0

#Transform 154
Transform: AffineTransform_float_3_3
Parameters: 0.999696 0.0210124 0.0128553 -0.0203086 0.99841 -0.0525961 -0.0139397 0.052319 0.998533 0.272769 -1.41941 0.341894
FixedParameters: 0 0 0

#Transform 155
Transform: AffineTransform_float_3_3
Parameters: 0.999681 0.0226051 0.0113155 -0.021954 0.998263 -0.0546849 -0.0125315 0.0544191 0.998439 0.297418 -1.43438 0.319336
FixedParameters: 0 0 0
