#Insight Transform File V1.0
#Transform 0
Transform: AffineTransform_float_3_3
Parameters: 1 0.000159392 0.000285782 -0.000159608 0.999999 -0.00137005 -0.000286219 0.00136995 0.999999 -0.0302499 0.0577905 -0.0260816
FixedParameters: 0 0 0

#Transform 1
Transform: AffineTransform_float_3_3
Parameters: 1 0.000438866 -0.000286205 -0.000439134 1 -0.000467874 0.000285794 0.000468125 1 -0.0416203 0.0525878 0.0397156
FixedParameters: 0 0 0

#Transform 2
Transform: AffineTransform_float_3_3
Parameters: 1 0.000116104 0.000115896 -0.000116896 0.999999 -0.000897013 -0.000116105 0.000896986 0.999999 -0.0350701 0.0472243 -0.0372968
FixedParameters: 0 0 0

#Transform 3
Transform: AffineTransform_float_3_3
Parameters: 1 0.000152762 -0.000198184 -0.000152239 1 -0.00119997 0.000198817 0.00120003 1 -0.0332908 0.0272641 -0.0544275
FixedParameters: 0 0 0

#Transform 4
Transform: AffineTransform_float_3_3
Parameters: 1 6.00631e-05 0.000115967 -5.99369e-05 1 -0.000544007 -0.000116033 0.000543993 1 -0.0385467 0.0588205 -0.0339186
FixedParameters: 0 0 0

#Transform 5
Transform: AffineTransform_float_3_3
Parameters: 1 -5.742e-08 -9e-05 -5.742e-08 1 -0.000638 9e-05 0.000638 1 -0.0156079 0.0414123 -0.0453645
FixedParameters: 0 0 0

#Transform 6
Transform: AffineTransform_float_3_3
Parameters: 1 -4.02535e-07 -0.000371 -4.02535e-07 1 -0.001085 0.000371 0.001085 1 -0.0143087 0.0191454 -0.0686981
FixedParameters: 0 0 0

#Transform 7
Transform: AffineTransform_float_3_3
Parameters: 1 -3.66752e-07 -0.000292 -3.66752e-07 0.999999 -0.001256 0.000292 0.001256 0.999999 -0.0214287 0.0224005 -0.101747
FixedParameters: 0 0 0

#Transform 8
Transform: AffineTransform_float_3_3
Parameters: 1 9.66486e-05 -0.000371092 -9.63512e-05 0.999999 -0.000946964 0.000370909 0.000947036 1 -0.0270317 0.0176782 -0.0618815
FixedParameters: 0 0 0

#Transform 9
Transform: AffineTransform_float_3_3
Parameters: 1 0.000128624 -0.000371131 -0.000129376 1 -0.00101395 0.000370869 0.00101405 1 -0.0179044 0.00159753 -0.0667337
FixedParameters: 0 0 0

#Transform 10
Transform: AffineTransform_float_3_3
Parameters: 1 -3.50966e-07 -0.000371 -3.50966e-07 0.999999 -0.000946 0.000371 0.000946 1 -0.0219897 0.0406534 -0.0418878
FixedParameters: 0 0 0

#Transform 11
Transform: AffineTransform_float_3_3
Parameters: 1 0.000121867 -0.000213076 -0.000122133 1 -0.000622974 0.000212924 0.000623026 1 -0.0284156 0.0391479 -0.00244911
FixedParameters: 0 0 0

#Transform 12
Transform: AffineTransform_float_3_3
Parameters: 1 0.000411882 -0.000308157 -0.000412117 1 -0.000380873 0.000307843 0.000381127 1 -0.037955 0.0216516 0.0318902
FixedParameters: 0 0 0

#Transform 13
Transform: AffineTransform_float_3_3
Parameters: 1 3.1955e-05 -0.000290005 -3.20449e-05 1 -0.000154991 0.000289995 0.000155009 1 -0.0291221 0.0257236 0.0136944
FixedParameters: 0 0 0

#Transform 14
Transform: AffineTransform_float_3_3
Parameters: 1 0.000130088 -0.000367969 -0.000129912 1 0.000238048 0.000368031 -0.000238952 1 -0.0266168 0.0350357 0.0122705
FixedParameters: 0 0 0

#Transform 15
Transform: AffineTransform_float_3_3
Parameters: 1 0.000163054 -0.00028997 -0.000162946 1 0.000185047 0.00029003 -0.000184953 1 -0.028309 0.0255259 0.0132114
FixedParameters: 0 0 0

#Transform 16
Transform: AffineTransform_float_3_3
Parameters: 1 3.40565e-05 -0.000289993 -3.39434e-05 1 0.00019501 0.000290007 -0.00019499 1 -0.0231913 0.0199343 -0.00443499
FixedParameters: 0 0 0

#Transform 17
Transform: AffineTransform_float_3_3
Parameters: 1 -7.99989e-06 -2.00042e-06 8.00011e-06 1 5.3e-05 1.99958e-06 -5.3e-05 1 -0.0159005 0.0243721 -0.0226832
FixedParameters: 0 0 0

#Transform 18
Transform: AffineTransform_float_3_3
Parameters: 1 1.10642e-05 -0.000144995 -1.09358e-05 1 0.000443001 0.000145005 -0.000442998 1 -0.0157409 0.0309613 -0.0010185
FixedParameters: 0 0 0

#Transform 19
Transform: AffineTransform_float_3_3
Parameters: 1 0.000190026 -0.000176972 -0.000189974 1 0.000148034 0.000177028 -0.000147966 1 -0.0204419 0.0159737 -0.00702016
FixedParameters: 0 0 0

#Transform 20
Transform: AffineTransform_float_3_3
Parameters: 1 -0.000148996 -2.00262e-05 0.000149004 1 0.000175997 1.99738e-05 -0.000176003 1 -0.0118091 0.0101571 0.00902248
FixedParameters: 0 0 0

#Transform 21
Transform: AffineTransform_float_3_3
Parameters: 1 -0.000149034 7.89364e-05 0.000148966 1 0.000427012 -7.90636e-05 -0.000426988 1 -0.0122604 0.0340524 0.0159225
FixedParameters: 0 0 0

#Transform 22
Transform: AffineTransform_float_3_3
Parameters: 1 -8.82379e-06 0.000502003 9.1762e-06 1 -0.000350995 -0.000501997 0.000351004 1 -0.0181951 0.024678 0.00327897
FixedParameters: 0 0 0

#Transform 23
Transform: AffineTransform_float_3_3
Parameters: 1 -0.000148976 0.000317011 0.000149024 1 -7.59528e-05 -0.000316989 7.60472e-05 1 -0.0134021 0.0112391 -0.0171882
FixedParameters: 0 0 0

#Transform 24
Transform: AffineTransform_float_3_3
Parameters: 1 2.71255e-05 0.000501993 -2.6875e-05 1 -0.000249013 -0.000502007 0.000249986 1 -0.0251345 0.0171118 -0.0219533
FixedParameters: 0 0 0

#Transform 25
Transform: AffineTransform_float_3_3
Parameters: 1 0.000142055 0.000249969 -0.000141945 1 -0.000221035 -0.000249031 0.000220965 1 -0.0299811 0.0134868 -0.0211247
FixedParameters: 0 0 0

#Transform 26
Transform: AffineTransform_float_3_3
Parameters: 1 0.000168019 0.000245987 -0.000167981 1 -7.60413e-05 -0.000246013 7.59587e-05 1 -0.0317504 0.0243714 0.0258168
FixedParameters: 0 0 0

#Transform 27
Transform: AffineTransform_float_3_3
Parameters: 1 -0.000148991 0.000122011 0.000149009 1 -7.59818e-05 -0.000121989 7.60182e-05 1 -0.0405289 0.0261604 0.057109
FixedParameters: 0 0 0

#Transform 28
Transform: AffineTransform_float_3_3
Parameters: 1 0.00026279 0.00050211 -0.00026321 1 0.000418868 -0.00050189 -0.000419132 1 -0.0535566 0.0246566 0.048651
FixedParameters: 0 0 0

#Transform 29
Transform: AffineTransform_float_3_3
Parameters: 1 -6.09681e-05 0.000419005 6.10318e-05 1 -7.59744e-05 -0.000418995 7.60255e-05 1 -0.0429447 0.0226548 0.0864934
FixedParameters: 0 0 0

#Transform 30
Transform: AffineTransform_float_3_3
Parameters: 1 0.000262904 0.000261097 -0.000263096 1 0.000368931 -0.000260903 -0.000368069 1 -0.0563956 0.0345827 0.11852
FixedParameters: 0 0 0

#Transform 31
Transform: AffineTransform_float_3_3
Parameters: 1 3.50017e-05 -2.97998e-06 -3.49983e-05 1 0.000572 3.02002e-06 -0.000572 1 -0.0557714 0.027831 0.134641
FixedParameters: 0 0 0

#Transform 32
Transform: AffineTransform_float_3_3
Parameters: 1 0.000261873 0.000653453 -0.000263128 0.999998 0.00172483 -0.000653547 -0.00172517 0.999999 -0.0722327 0.0550027 0.19005
FixedParameters: 0 0 0

#Transform 33
Transform: AffineTransform_float_3_3
Parameters: 1 3.37745e-05 0.000279027 -3.42254e-05 0.999999 0.00080799 -0.000278972 -0.000808009 0.999999 -0.0640113 0.0175847 0.174018
FixedParameters: 0 0 0

#Transform 34
Transform: AffineTransform_float_3_3
Parameters: 1 0.00026289 0.000174165 -0.000263109 1 0.000628954 -0.000173834 -0.000629045 1 -0.0698188 0.021693 0.158269
FixedParameters: 0 0 0

#Transform 35
Transform: AffineTransform_float_3_3
Parameters: 1 0.000165921 0.000166079 -0.000166079 1 0.000473972 -0.000165921 -0.000474027 1 -0.0596613 0.0240329 0.134111
FixedParameters: 0 0 0

#Transform 36
Transform: AffineTransform_float_3_3
Parameters: 1 0.000262883 0.000152201 -0.000263117 0.999999 0.00076596 -0.000152798 -0.00076604 0.999999 -0.0683994 0.0197585 0.123955
FixedParameters: 0 0 0

#Transform 37
Transform: AffineTransform_float_3_3
Parameters: 1 0.000340466 0.000397458 -0.000341534 0.999999 0.00134286 -0.000397542 -0.00134314 0.999999 -0.0648214 0.0300893 0.152565
FixedParameters: 0 0 0

#Transform 38
Transform: AffineTransform_float_3_3
Parameters: 1 0.000301657 0.000254407 -0.000302344 0.999999 0.00134892 -0.000254592 -0.00134908 0.999999 -0.0730337 0.0300175 0.146577
FixedParameters: 0 0 0

#Transform 39
Transform: AffineTransform_float_3_3
Parameters: 1 0.000138662 0.000323145 -0.000139338 1 0.00104696 -0.000322854 -0.00104705 1 -0.0662704 0.0142972 0.146618
FixedParameters: 0 0 0

#Transform 40
Transform: AffineTransform_float_3_3
Parameters: 1 0.000207618 0.000407194 -0.000208381 0.999999 0.000936914 -0.000406805 -0.000937084 0.999999 -0.0701792 0.00626373 0.140382
FixedParameters: 0 0 0

#Transform 41
Transform: AffineTransform_float_3_3
Parameters: 1 0.000324798 0.000219299 -0.000325202 0.999999 0.000919929 -0.000219701 -0.000919072 1 -0.075842 0.0100764 0.143883
FixedParameters: 0 0 0

#Transform 42
Transform: AffineTransform_float_3_3
Parameters: 0.999999 0.00046414 0.000755529 -0.00046586 0.999999 0.00113965 -0.00075447 -0.00113935 0.999999 -0.0888795 -0.0150658 0.154543
FixedParameters: 0 0 0

#Transform 43
Transform: AffineTransform_float_3_3
Parameters: 0.999999 0.000372597 0.000852176 -0.000373403 1 0.000472682 -0.000851823 -0.000472317 0.999999 -0.0786744 -0.0195708 0.130443
FixedParameters: 0 0 0

#Transform 44
Transform: AffineTransform_float_3_3
Parameters: 0.999999 0.000422604 0.000808206 -0.000423395 1 0.000488658 -0.000807792 -0.000489341 0.999999 -0.0879086 -0.0120133 0.135819
FixedParameters: 0 0 0

#Transform 45
Transform: AffineTransform_float_3_3
Parameters: 0.999999 0.000528791 0.00069016 -0.000529209 1 0.000302635 -0.00068984 -0.000302365 0.999999 -0.0972662 0.00349507 0.1305
FixedParameters: 0 0 0

#Transform 46
Transform: AffineTransform_float_3_3
Parameters: 0.999999 0.000489853 0.000614117 -0.000490146 1 0.000238699 -0.000613882 -0.000239301 1 -0.0888668 0.00402382 0.141134
FixedParameters: 0 0 0

#Transform 47
Transform: AffineTransform_float_3_3
Parameters: 1 0.000557859 0.000434182 -0.000558141 1 0.000325758 -0.000433818 -0.000325242 1 -0.0899867 -0.0111405 0.118502
FixedParameters: 0 0 0

#Transform 48
Transform: AffineTransform_float_3_3
Parameters: 1 0.000500878 0.000393155 -0.000500122 1 0.000309803 -0.000392845 -0.000310197 1 -0.0882065 -0.0110696 0.112261
FixedParameters: 0 0 0

#Transform 49
Transform: AffineTransform_float_3_3
Parameters: 1 0.000429871 0.000537102 -0.000430128 1 0.000238769 -0.000537897 -0.000239231 1 -0.0868691 -0.0108119 0.111534
FixedParameters: 0 0 0

#Transform 50
Transform: AffineTransform_float_3_3
Parameters: 0.999999 0.000539455 0.000758388 -0.000539545 0.999999 0.000718591 -0.000758613 -0.00071841 1 -0.0968573 -0.0129456 0.137941
FixedParameters: 0 0 0

#Transform 51
Transform: AffineTransform_float_3_3
Parameters: 0.999999 0.000717601 0.000609468 -0.000718397 0.999999 0.000652562 -0.00060953 -0.000653437 0.999999 -0.102756 0.0020144 0.140234
FixedParameters: 0 0 0

#Transform 52
Transform: AffineTransform_float_3_3
Parameters: 0.999997 0.00192112 0.000927814 -0.00192187 0.999997 0.000943219 -0.000925186 -0.000944779 0.999999 -0.185661 0.00616561 0.127974
FixedParameters: 0 0 0

#Transform 53
Transform: AffineTransform_float_3_3
Parameters: 0.999998 0.00143201 0.00155991 -0.00143299 0.999999 0.000631766 -0.00155809 -0.000634232 0.999998 -0.120695 -0.0392539 0.14014
FixedParameters: 0 0 0

#Transform 54
Transform: AffineTransform_float_3_3
Parameters: 1 0.00102987 0.000278471 -0.00103013 1 0.000456714 -0.00027853 -0.000456287 1 -0.114476 0.00382002 0.136966
FixedParameters: 0 0 0

#Transform 55
Transform: AffineTransform_float_3_3
Parameters: 0.999984 -0.00457129 0.00334992 0.00457971 0.999986 -0.0025977 -0.00333808 0.0026133 0.999991 0.290362 0.0128699 0.158887
FixedParameters: 0 0 0

#Transform 56
Transform: AffineTransform_float_3_3
Parameters: 0.999997 -0.00227192 0.00103936 0.00227308 0.999997 -0.00103564 -0.00103764 0.00103836 0.999999 0.0991946 -0.0182198 0.140041
FixedParameters: 0 0 0

#Transform 57
Transform: AffineTransform_float_3_3
Parameters: 0.999991 -0.00318974 0.00279487 0.00319426 0.999993 -0.00152009 -0.00279013 0.00152891 0.999995 0.174363 -0.0119926 0.0588133
FixedParameters: 0 0 0

#Transform 58
Transform: AffineTransform_float_3_3
Parameters: 0.999994 -0.00304572 0.00172049 0.00304628 0.999996 -0.00015776 -0.00171951 0.000163238 0.999998 0.151991 -0.0259906 0.13215
FixedParameters: 0 0 0

#Transform 59
Transform: AffineTransform_float_3_3
Parameters: 0.999999 -0.000986666 0.000848388 0.000987334 1 -0.000393163 -0.00084761 0.000394837 0.999999 0.0262564 -0.0164718 0.127825
FixedParameters: 0 0 0

#Transform 60
Transform: AffineTransform_float_3_3
Parameters: 0.999998 -0.000794289 0.00140524 0.00080071 0.999992 -0.00406788 -0.00140175 0.00406912 0.99999 -0.0054691 -0.0261223 -0.0328942
FixedParameters: 0 0 0

#Transform 61
Transform: AffineTransform_float_3_3
Parameters: 0.999999 -0.000401172 0.00125291 0.000403828 0.999998 -0.0022575 -0.00125209 0.0022585 0.999996 -0.10814 -0.0163777 -0.0593337
FixedParameters: 0 0 0

#Transform 62
Transform: AffineTransform_float_3_3
Parameters: 1 0.000258319 0.00117528 -0.00025468 0.999996 -0.0028223 -0.00117672 0.0028227 0.999996 -0.177648 -0.048307 -0.123437
FixedParameters: 0 0 0

#Transform 63
Transform: AffineTransform_float_3_3
Parameters: 1 -0.000625771 0.000882585 0.000627229 0.999996 -0.00252645 -0.000881418 0.00252755 0.999997 -0.10854 -0.0206674 0.00747739
FixedParameters: 0 0 0

#Transform 64
Transform: AffineTransform_float_3_3
Parameters: 0.999999 -0.000490228 0.00118215 0.000493773 0.999997 -0.00234642 -0.00118084 0.00234658 0.999996 -0.113656 -0.066842 -0.0101511
FixedParameters: 0 0 0

#Transform 65
Transform: AffineTransform_float_3_3
Parameters: 0.999999 -0.000430931 0.00168676 0.00043007 1 0.000551726 -0.00168724 -0.000551274 0.999999 -0.0989918 0.00935549 0.218651
FixedParameters: 0 0 0

#Transform 66
Transform: AffineTransform_float_3_3
Parameters: 0.999998 -0.000676669 0.00152626 0.00067533 0.999999 0.00109403 -0.00152774 -0.00109297 0.999998 -0.0903484 -0.0535057 0.227978
FixedParameters: 0 0 0

#Transform 67
Transform: AffineTransform_float_3_3
Parameters: 0.999999 -0.000837825 0.0016476 0.000839176 1 -0.000712619 -0.0016474 0.000714382 0.999999 -0.0636147 -0.0576449 0.173887
FixedParameters: 0 0 0

#Transform 68
Transform: AffineTransform_float_3_3
Parameters: 0.999999 -0.000868289 0.00164244 0.000870711 0.999999 -0.00165057 -0.00164056 0.00165243 0.999998 -0.0605826 -0.0407282 0.240403
FixedParameters: 0 0 0

#Transform 69
Transform: AffineTransform_float_3_3
Parameters: 0.999999 -0.000416104 0.00126829 0.000416895 0.999999 -0.000705472 -0.00126771 0.000706528 0.999999 -0.0936754 -0.0449367 0.248045
FixedParameters: 0 0 0

#Transform 70
Transform: AffineTransform_float_3_3
Parameters: 0.999995 -0.00071075 0.00311835 0.000721248 0.999995 -0.00328677 -0.00311564 0.00328923 0.999989 -0.056143 -0.0754419 0.165244
FixedParameters: 0 0 0

#Transform 71
Transform: AffineTransform_float_3_3
Parameters: 0.999994 -0.00127715 0.00320134 0.00128285 0.999997 -0.0018259 -0.00319866 0.0018301 0.999993 -0.0351006 -0.0569691 0.293853
FixedParameters: 0 0 0

#Transform 72
Transform: AffineTransform_float_3_3
Parameters: 0.999997 -0.00128099 0.0021482 0.00128301 0.999998 -0.000936247 -0.0021478 0.000938754 0.999998 0.00453652 -0.0908181 0.12531
FixedParameters: 0 0 0

#Transform 73
Transform: AffineTransform_float_3_3
Parameters: 0.999994 -0.00189537 0.00297876 0.00189563 0.999998 0.000126647 -0.00297923 -0.000121354 0.999995 0.0194162 -0.11017 0.169609
FixedParameters: 0 0 0

#Transform 74
Transform: AffineTransform_float_3_3
Parameters: 0.999986 -0.00267679 0.00440166 0.00270322 0.999977 -0.00618819 -0.00438534 0.00619982 0.999971 0.0743073 -0.215134 -0.0343925
FixedParameters: 0 0 0

#Transform 75
Transform: AffineTransform_float_3_3
Parameters: 0.999984 -0.000816623 0.00572296 0.00086438 0.999966 -0.0082812 -0.00571604 0.00828581 0.99995 0.00138362 -0.164391 -0.0788914
FixedParameters: 0 0 0

#Transform 76
Transform: AffineTransform_float_3_3
Parameters: 0.99997 -0.00185254 0.00754904 0.00189246 0.999984 -0.00535588 -0.00753896 0.00537013 0.999957 0.131028 -0.121007 0.0356523
FixedParameters: 0 0 0

#Transform 77
Transform: AffineTransform_float_3_3
Parameters: 0.999058 -0.0431745 0.0043618 0.0432305 0.998969 -0.0138114 -0.00376119 0.0139876 0.999895 2.04413 -0.12017 -0.148411
FixedParameters: 0 0 0

#Transform 78
Transform: AffineTransform_float_3_3
Parameters: 0.999989 0.00370462 0.0026241 -0.00364238 0.999727 -0.0231108 -0.00270889 0.0231012 0.99973 -0.48586 -0.149206 -0.137307
FixedParameters: 0 0 0

#Transform 79
Transform: AffineTransform_float_3_3
Parameters: 0.999398 0.0242338 0.0248311 -0.0236112 0.999406 -0.0250744 -0.0254249 0.0244736 0.999377 -1.2111 -0.187275 0.137857
FixedParameters: 0 0 0

#Transform 80
Transform: AffineTransform_float_3_3
Parameters: 0.999757 0.00499695 0.0214444 -0.00423905 0.999369 -0.0352464 -0.0216066 0.0351465 0.999148 -0.163228 -0.360037 -0.847905
FixedParameters: 0 0 0

#Transform 81
Transform: AffineTransform_float_3_3
Parameters: 0.999833 0.0139696 0.011844 -0.0136494 0.999551 -0.0266491 -0.0122109 0.0264828 0.999574 -0.974895 -0.261887 -0.713427
FixedParameters: 0 0 0

#Transform 82
Transform: AffineTransform_float_3_3
Parameters: 0.999918 0.00740567 0.0103866 -0.00727032 0.999888 -0.0130396 -0.0104824 0.0129634 0.999861 -0.377222 -0.207289 -0.789218
FixedParameters: 0 0 0

#Transform 83
Transform: AffineTransform_float_3_3
Parameters: 0.999924 0.00823847 0.00911421 -0.00809653 0.999846 -0.01556 -0.0092408 0.015485 0.999838 -0.514094 -0.27674 -0.920476
FixedParameters: 0 0 0

#Transform 84
Transform: AffineTransform_float_3_3
Parameters: 0.999256 0.0365439 0.0123853 -0.0362182 0.999017 -0.0255826 -0.0133077 0.0251154 0.999596 -2.82946 -0.371119 -1.22805
FixedParameters: 0 0 0

#Transform 85
Transform: AffineTransform_float_3_3
Parameters: 0.999053 0.0402761 0.0164221 -0.0399659 0.999025 -0.0187921 -0.0171638 0.0181179 0.999688 -2.91309 -0.231999 -1.13041
FixedParameters: 0 0 0

#Transform 86
Transform: AffineTransform_float_3_3
Parameters: 0.999966 0.00101235 0.00824127 -0.000752667 0.999506 -0.0314113 -0.00826872 0.0314047 0.999472 -0.639707 -0.394001 -1.33831
FixedParameters: 0 0 0

#Transform 87
Transform: AffineTransform_float_3_3
Parameters: 0.998799 -0.0347036 -0.0345642 0.0333644 0.998698 -0.0386065 0.0358598 0.0374074 0.998656 0.667659 -0.534213 -1.88104
FixedParameters: 0 0 0

#Transform 88
Transform: AffineTransform_float_3_3
Parameters: 0.999591 -0.0182339 -0.0220314 0.0172011 0.998784 -0.0461979 0.0228466 0.0458002 0.99869 0.136658 -0.551167 -2.16485
FixedParameters: 0 0 0

#Transform 89
Transform: AffineTransform_float_3_3
Parameters: 0.999726 -0.0144104 -0.0184435 0.0135686 0.998896 -0.0449595 0.0190715 0.0446974 0.998818 0.061476 -0.500193 -2.00951
FixedParameters: 0 0 0

#Transform 90
Transform: AffineTransform_float_3_3
Parameters: 0.999739 -0.0141151 -0.0179272 0.0132158 0.998695 -0.0493188 0.0186007 0.0490692 0.998622 0.0773702 -0.594253 -2.23413
FixedParameters: 0 0 0

#Transform 91
Transform: AffineTransform_float_3_3
Parameters: 0.999754 -0.0133822 -0.0176497 0.0124838 0.998668 -0.0500536 0.0182953 0.0498213 0.99859 0.0388633 -0.579827 -2.14343
FixedParameters: 0 0 0

#Transform 92
Transform: AffineTransform_float_3_3
Parameters: 0.999802 -0.0123127 -0.0156354 0.0114613 0.998506 -0.0534398 0.0162696 0.0532502 0.998448 0.0247616 -0.620669 -2.17898
FixedParameters: 0 0 0

#Transform 93
Transform: AffineTransform_float_3_3
Parameters: 0.999844 -0.010798 -0.0139661 0.0100059 0.998403 -0.0555874 0.0145449 0.0554386 0.998356 -0.00725397 -0.578033 -2.14028
FixedParameters: 0 0 0

#Transform 94
Transform: AffineTransform_float_3_3
Parameters: 0.999833 -0.0104173 -0.0149687 0.00959566 0.998498 -0.0539306 0.0155083 0.0537773 0.998432 -0.0826025 -0.585069 -1.91183
FixedParameters: 0 0 0

#Transform 95
Transform: AffineTransform_float_3_3
Parameters: 0.999824 -0.0103674 -0.015593 0.00951856 0.99852 -0.0535348 0.0161249 0.0533772 0.998444 -0.076819 -0.56076 -1.80235
FixedParameters: 0 0 0

#Transform 96
Transform: AffineTransform_float_3_3
Parameters: 0.999826 -0.0122865 -0.0140507 0.0115775 0.99871 -0.0494373 0.0146403 0.0492657 0.998679 0.0854186 -0.545233 -1.51903
FixedParameters: 0 0 0

#Transform 97
Transform: AffineTransform_float_3_3
Parameters: 0.998997 -0.0419413 -0.0156821 0.0416308 0.998941 -0.0196115 0.0164879 0.0189395 0.999684 1.00774 -0.346635 -0.858622
FixedParameters: 0 0 0

#Transform 98
Transform: AffineTransform_float_3_3
Parameters: 0.999996 -0.00123564 0.002611 0.00130936 0.999599 -0.0282857 -0.00257499 0.0282883 0.999597 -0.15941 -0.520284 -1.50191
FixedParameters: 0 0 0

#Transform 99
Transform: AffineTransform_float_3_3
Parameters: 0.999957 -0.00780386 -0.00496045 0.00744618 0.997626 -0.0684699 0.00548256 0.0684302 0.997641 0.040595 -0.700884 -2.5355
FixedParameters: 0 0 0

#Transform 100
Transform: AffineTransform_float_3_3
Parameters: 0.999956 -0.00802382 -0.00489375 0.00766416 0.997548 -0.0695746 0.00544026 0.0695334 0.997565 0.0220277 -0.694831 -2.48909
FixedParameters: 0 0 0

#Transform 101
Transform: AffineTransform_float_3_3
Parameters: 0.999974 -0.00601628 -0.00401381 0.0057157 0.997457 -0.0710388 0.00443116 0.0710132 0.997465 -0.0608512 -0.617089 -2.51072
FixedParameters: 0 0 0

#Transform 102
Transform: AffineTransform_float_3_3
Parameters: 0.999844 -0.0166903 -0.00578338 0.0169177 0.99898 0.0418497 0.00507963 -0.0419413 0.999107 0.191837 0.125587 1.68018
FixedParameters: 0 0 0

#Transform 103
Transform: AffineTransform_float_3_3
Parameters: 0.999834 -0.0176477 -0.00454787 0.0178003 0.999186 0.0362181 0.00390515 -0.0362929 0.999333 0.27597 -0.0575012 1.36412
FixedParameters: 0 0 0

#Transform 104
Transform: AffineTransform_float_3_3
Parameters: 0.999953 -0.00861129 -0.00444454 0.00827267 0.997412 -0.0714131 0.00504851 0.0713728 0.997437 -0.00183288 -0.656627 -2.51686
FixedParameters: 0 0 0

#Transform 105
Transform: AffineTransform_float_3_3
Parameters: 0.999956 -0.00851501 -0.00412071 0.00825705 0.998222 -0.0590267 0.00461529 0.0589903 0.998248 0.00606127 -0.587193 -2.52773
FixedParameters: 0 0 0

#Transform 106
Transform: AffineTransform_float_3_3
Parameters: 0.999976 -0.00690811 0.000786951 0.00694789 0.997065 -0.0762353 -0.000258059 0.0762386 0.997089 -0.0951093 -0.708717 -2.87467
FixedParameters: 0 0 0

#Transform 107
Transform: AffineTransform_float_3_3
Parameters: 0.999967 -0.00817824 -0.000675287 0.00810478 0.997176 -0.0746639 0.0012837 0.074656 0.997208 -0.0120921 -0.747507 -2.82308
FixedParameters: 0 0 0

#Transform 108
Transform: AffineTransform_float_3_3
Parameters: 0.999968 -0.00783882 -0.00154861 0.00772421 0.997962 -0.0633439 0.00204133 0.06333 0.99799 -0.0365346 -0.701022 -2.29613
FixedParameters: 0 0 0

#Transform 109
Transform: AffineTransform_float_3_3
Parameters: 0.999908 -0.0134736 0.00160782 0.0135685 0.991233 -0.131422 0.000176876 0.131432 0.991325 0.256278 -1.0383 -4.316
FixedParameters: 0 0 0

#Transform 110
Transform: AffineTransform_float_3_3
Parameters: 0.999943 -0.0105177 0.00179581 0.0106504 0.994111 -0.107841 -0.000651152 0.107854 0.994166 0.173479 -0.898358 -4.06239
FixedParameters: 0 0 0

#Transform 111
Transform: AffineTransform_float_3_3
Parameters: 0.999951 -0.00980156 -0.00122672 0.00965143 0.995922 -0.0897083 0.00210123 0.0896918 0.995968 0.144162 -0.785436 -3.09868
FixedParameters: 0 0 0

#Transform 112
Transform: AffineTransform_float_3_3
Parameters: 0.999956 -0.00930124 -0.00107556 0.00916881 0.995961 -0.0893198 0.00190151 0.0893062 0.996003 0.12291 -0.775944 -3.05913
FixedParameters: 0 0 0

#Transform 113
Transform: AffineTransform_float_3_3
Parameters: 0.999957 -0.00922244 -0.00144973 0.00905655 0.995998 -0.088922 0.00226424 0.088905 0.996037 0.125728 -0.789056 -3.06069
FixedParameters: 0 0 0

#Transform 114
Transform: AffineTransform_float_3_3
Parameters: 0.999954 -0.00947547 -0.00153441 0.00930256 0.996051 -0.0882963 0.00236455 0.0882777 0.996093 0.133365 -0.754644 -2.9167
FixedParameters: 0 0 0

#Transform 115
Transform: AffineTransform_float_3_3
Parameters: 0.99995 -0.00986735 -0.0018994 0.00966661 0.996203 -0.0865298 0.00274667 0.0865073 0.996248 0.171498 -0.785894 -2.91931
FixedParameters: 0 0 0

#Transform 116
Transform: AffineTransform_float_3_3
Parameters: 0.999952 -0.00966146 -0.00161419 0.00948347 0.996113 -0.0875735 0.00245485 0.0875535 0.996157 0.144511 -0.787808 -3.03001
FixedParameters: 0 0 0

#Transform 117
Transform: AffineTransform_float_3_3
Parameters: 0.999952 -0.00924792 -0.00324445 0.00896012 0.996779 -0.0796939 0.00397056 0.0796611 0.996814 0.10271 -0.75431 -2.47725
FixedParameters: 0 0 0

#Transform 118
Transform: AffineTransform_float_3_3
Parameters: 0.999896 -0.0123507 -0.00741704 0.0125223 0.999645 0.0235136 0.00712395 -0.0236044 0.999696 0.239412 -0.173212 0.526131
FixedParameters: 0 0 0

#Transform 119
Transform: AffineTransform_float_3_3
Parameters: 0.999969 -0.00711712 -0.00351861 0.00690687 0.998379 -0.056497 0.00391539 0.0564719 0.998396 0.0461071 -0.592049 -2.00275
FixedParameters: 0 0 0

#Transform 120
Transform: AffineTransform_float_3_3
Parameters: 0.999969 -0.00703625 -0.00355384 0.00681974 0.998317 -0.057579 0.00395314 0.0575529 0.998334 0.0230972 -0.547393 -1.85956
FixedParameters: 0 0 0

#Transform 121
Transform: AffineTransform_float_3_3
Parameters: 0.999969 -0.00659099 -0.00426857 0.00633504 0.998329 -0.0574368 0.00463944 0.0574082 0.99834 -0.0172082 -0.550189 -1.85334
FixedParameters: 0 0 0

#Transform 122
Transform: AffineTransform_float_3_3
Parameters: 0.999965 -0.00726048 -0.00409668 0.00701751 0.998372 -0.0566067 0.00450135 0.0565763 0.998388 0.0383507 -0.550777 -1.80498
FixedParameters: 0 0 0

#Transform 123
Transform: AffineTransform_float_3_3
Parameters: 0.999968 -0.00684923 -0.00407939 0.0066048 0.998345 -0.0571398 0.00446359 0.0571103 0.998358 0.0210209 -0.556667 -1.83925
FixedParameters: 0 0 0

#Transform 124
Transform: AffineTransform_float_3_3
Parameters: 0.999972 -0.00644147 -0.0039898 0.00619951 0.998293 -0.0580634 0.00435723 0.0580366 0.998305 0.00579484 -0.568998 -1.87834
FixedParameters: 0 0 0

#Transform 125
Transform: AffineTransform_float_3_3
Parameters: 0.999971 -0.00639183 -0.00417321 0.00613618 0.998258 -0.0586773 0.0045408 0.0586497 0.998269 -0.00371854 -0.587493 -1.91871
FixedParameters: 0 0 0

#Transform 126
Transform: AffineTransform_float_3_3
Parameters: 0.999969 -0.0065176 -0.00457936 0.00623643 0.998237 -0.0590264 0.00495566 0.0589956 0.998246 0.00270442 -0.589322 -1.93398
FixedParameters: 0 0 0

#Transform 127
Transform: AffineTransform_float_3_3
Parameters: 0.99997 -0.00647861 -0.00438543 0.00620442 0.99818 -0.059974 0.0047656 0.059945 0.998191 0.00470779 -0.596052 -1.97103
FixedParameters: 0 0 0

#Transform 128
Transform: AffineTransform_float_3_3
Parameters: 0.99997 -0.00649864 -0.00423454 0.00623238 0.998167 -0.0602002 0.00461748 0.0601718 0.998178 0.00422921 -0.59053 -1.97093
FixedParameters: 0 0 0

#Transform 129
Transform: AffineTransform_float_3_3
Parameters: 0.999972 -0.00635748 -0.00408986 0.00609451 0.998089 -0.0614957 0.00447317 0.0614683 0.998099 -0.000241738 -0.601458 -2.02142
FixedParameters: 0 0 0

#Transform 130
Transform: AffineTransform_float_3_3
Parameters: 0.999971 -0.00650034 -0.00398137 0.00624569 0.998113 -0.0610957 0.00437067 0.0610694 0.998124 -0.000215014 -0.597313 -2.00533
FixedParameters: 0 0 0

#Transform 131
Transform: AffineTransform_float_3_3
Parameters: 0.99997 -0.00646688 -0.00414267 0.00620115 0.998103 -0.0612645 0.00453033 0.0612365 0.998113 0.00199746 -0.608283 -1.99459
FixedParameters: 0 0 0

#Transform 132
Transform: AffineTransform_float_3_3
Parameters: 0.999971 -0.00693654 -0.00335322 0.00671849 0.998097 -0.0612934 0.00377182 0.0612697 0.998114 0.0160943 -0.635372 -1.98999
FixedParameters: 0 0 0

#Transform 133
Transform: AffineTransform_float_3_3
Parameters: 0.999971 -0.00691044 -0.00316329 0.00669559 0.997966 -0.063404 0.00359469 0.063381 0.997983 0.0233876 -0.661348 -2.05021
FixedParameters: 0 0 0

#Transform 134
Transform: AffineTransform_float_3_3
Parameters: 0.999974 -0.00654593 -0.00321314 0.00632609 0.997914 -0.064248 0.00362687 0.0642259 0.997929 0.0161423 -0.654899 -2.09678
FixedParameters: 0 0 0

#Transform 135
Transform: AffineTransform_float_3_3
Parameters: 0.999971 -0.00693579 -0.00319213 0.00671721 0.997921 -0.0640883 0.00362988 0.0640647 0.997939 0.0357294 -0.65805 -2.08281
FixedParameters: 0 0 0

#Transform 136
Transform: AffineTransform_float_3_3
Parameters: 0.999969 -0.00731107 -0.00273329 0.00712495 0.998001 -0.0628054 0.00318671 0.0627846 0.998022 0.052689 -0.656794 -1.98642
FixedParameters: 0 0 0

#Transform 137
Transform: AffineTransform_float_3_3
Parameters: 0.999972 -0.00703629 -0.00234437 0.00687266 0.997952 -0.0635889 0.00278761 0.0635711 0.997974 0.0523513 -0.689043 -2.06632
FixedParameters: 0 0 0

#Transform 138
Transform: AffineTransform_float_3_3
Parameters: 0.999971 -0.00717139 -0.0025415 0.00699458 0.997946 -0.0636866 0.00299347 0.0636664 0.997966 0.0725791 -0.676764 -2.07825
FixedParameters: 0 0 0

#Transform 139
Transform: AffineTransform_float_3_3
Parameters: 0.999969 -0.00738312 -0.00271768 0.00719293 0.997902 -0.0643386 0.00318631 0.0643165 0.997925 0.0771648 -0.677041 -2.08606
FixedParameters: 0 0 0

#Transform 140
Transform: AffineTransform_float_3_3
Parameters: 0.999971 -0.00720235 -0.0025296 0.00702468 0.997909 -0.0642416 0.00298638 0.0642214 0.997931 0.0483176 -0.673069 -2.09611
FixedParameters: 0 0 0

#Transform 141
Transform: AffineTransform_float_3_3
Parameters: 0.999971 -0.00718163 -0.00227819 0.00702037 0.997898 -0.0644138 0.00273583 0.0643961 0.99792 0.0563042 -0.696877 -2.09465
FixedParameters: 0 0 0

#Transform 142
Transform: AffineTransform_float_3_3
Parameters: 0.999972 -0.00709235 -0.00208729 0.00694167 0.997869 -0.0648802 0.00254268 0.0648637 0.997891 0.0584479 -0.697308 -2.12775
FixedParameters: 0 0 0

#Transform 143
Transform: AffineTransform_float_3_3
Parameters: 0.999975 -0.00689324 -0.00164439 0.00677278 0.9979 -0.0644208 0.0020846 0.0644083 0.997922 0.0541121 -0.677847 -2.14243
FixedParameters: 0 0 0

#Transform 144
Transform: AffineTransform_float_3_3
Parameters: 0.999976 -0.00675978 -0.00167061 0.00663719 0.997896 -0.0644846 0.00210334 0.0644723 0.997918 0.0624348 -0.711967 -2.14158
FixedParameters: 0 0 0

#Transform 145
Transform: AffineTransform_float_3_3
Parameters: 0.999973 -0.00725954 -0.00153823 0.00714542 0.997885 -0.0646078 0.0020048 0.0645952 0.997909 0.0772898 -0.730656 -2.121
FixedParameters: 0 0 0

#Transform 146
Transform: AffineTransform_float_3_3
Parameters: 0.999973 -0.00724324 -0.00133282 0.00714175 0.997885 -0.0646112 0.00179816 0.0646007 0.997909 0.0714074 -0.70432 -2.11482
FixedParameters: 0 0 0

#Transform 147
Transform: AffineTransform_float_3_3
Parameters: 0.999977 -0.0066868 -0.00131394 0.00658819 0.997891 -0.0645791 0.00174307 0.0645688 0.997911 0.0419264 -0.712287 -2.13153
FixedParameters: 0 0 0

#Transform 148
Transform: AffineTransform_float_3_3
Parameters: 0.99998 -0.00628735 -0.00136445 0.00618768 0.997962 -0.0635137 0.00176053 0.0635032 0.99798 0.0201128 -0.684377 -2.05166
FixedParameters: 0 0 0

#Transform 149
Transform: AffineTransform_float_3_3
Parameters: 0.999973 -0.00718546 -0.00139671 0.00708052 0.997913 -0.0641866 0.00185527 0.0641754 0.997937 0.0689368 -0.717155 -2.11106
FixedParameters: 0 0 0

#Transform 150
Transform: AffineTransform_float_3_3
Parameters: 0.999973 -0.00726146 -0.00109536 0.00717656 0.997904 -0.0643036 0.00155968 0.0642944 0.99793 0.0666729 -0.715655 -2.10129
FixedParameters: 0 0 0

#Transform 151
Transform: AffineTransform_float_3_3
Parameters: 0.999973 -0.00719494 -0.00104857 0.00711203 0.997878 -0.0647202 0.00151244 0.0647118 0.997903 0.0696361 -0.717125 -2.11287
FixedParameters: 0 0 0

#Transform 152
Transform: AffineTransform_float_3_3
Parameters: 0.999977 -0.00682064 -0.000888164 0.00674832 0.997888 -0.0646145 0.0013278 0.0646075 0.99791 0.0660664 -0.704288 -2.11377
FixedParameters: 0 0 0

#Transform 153
Transform: AffineTransform_float_3_3
Parameters: 0.999975 -0.00693392 -0.000826537 0.00686611 0.997885 -0.0646403 0.00127247 0.0646328 0.997909 0.0600469 -0.708306 -2.12816
FixedParameters: 0 0 0

#Transform 154
Transform: AffineTransform_float_3_3
Parameters: 0.999974 -0.00717401 -0.000816858 0.00710598 0.997873 -0.0648005 0.00128014 0.0647925 0.997898 0.0721067 -0.71962 -2.15397
FixedParameters: 0 0 0

#Transform 155
Transform: AffineTransform_float_3_3
Parameters: 0.999977 -0.00676379 -0.000830792 0.00669618 0.997888 -0.064603 0.00126622 0.0645959 0.99791 0.0560338 -0.713617 -2.13559
FixedParameters: 0 0 0
