# transform file /out/sourcedata/freesurfer/sub-v1s3x0050810_ses-1/mri/transforms/cc_up.lta
# created by oesteban on Tue Mar 10 02:31:01 2026

type      = 0 # LINEAR_VOX_TO_VOX
nxforms   = 1
mean      = 126.0000 125.0000 125.0000
sigma     = 10000.0000
1 4 4
9.988134503364563e-01 3.356596827507019e-02 -3.528749942779541e-02 9.724500775337219e-01 
-3.354504331946373e-02 9.994365572929382e-01 1.185126951895654e-03 2.523946952819824e+01 
3.530739247798920e-02 -1.164153357047226e-10 9.993765950202942e-01 -1.476720690727234e+00 
0.000000000000000e+00 0.000000000000000e+00 0.000000000000000e+00 1.000000000000000e+00 
src volume info
valid = 1  # volume info valid
filename = /out/sourcedata/freesurfer/sub-v1s3x0050810_ses-1/mri/norm.mgz
volume = 256 256 256
voxelsize = 1.000000000000000e+00 1.000000000000000e+00 1.000000000000000e+00
xras   = -1.000000000000000e+00 0.000000000000000e+00 0.000000000000000e+00
yras   = 0.000000000000000e+00 0.000000000000000e+00 -1.000000000000000e+00
zras   = 0.000000000000000e+00 1.000000000000000e+00 0.000000000000000e+00
cras   = 2.113281250000000e+00 -3.318992614746094e+00 3.280570983886719e+00
dst volume info
valid = 1  # volume info valid
filename = /out/sourcedata/freesurfer/sub-v1s3x0050810_ses-1/mri/norm.mgz
volume = 256 256 256
voxelsize = 1.000000000000000e+00 1.000000000000000e+00 1.000000000000000e+00
xras   = -1.000000000000000e+00 0.000000000000000e+00 0.000000000000000e+00
yras   = 0.000000000000000e+00 0.000000000000000e+00 -1.000000000000000e+00
zras   = 0.000000000000000e+00 1.000000000000000e+00 0.000000000000000e+00
cras   = 2.113281250000000e+00 -3.318992614746094e+00 3.280570983886719e+00
