#Insight Transform File V1.0
#Transform 0
Transform: AffineTransform_float_3_3
Parameters: 0.999999 -0.00109726 0.00139317 0.00109974 0.999998 -0.00196947 -0.00139084 0.00197153 0.999997 0.0235846 0.164904 -0.0206094
FixedParameters: 0 0 0

#Transform 1
Transform: AffineTransform_float_3_3
Parameters: 0.999998 -1.11088e-05 0.00201599 9.89319e-06 1 0.000549021 -0.00201601 -0.000549979 0.999998 -0.08665 0.0747447 0.0650221
FixedParameters: 0 0 0

#Transform 2
Transform: AffineTransform_float_3_3
Parameters: 0.999998 -0.000462433 0.0019809 0.000461567 1 0.000218915 -0.0019811 -0.000218084 0.999998 -0.0633401 0.076395 0.0479776
FixedParameters: 0 0 0

#Transform 3
Transform: AffineTransform_float_3_3
Parameters: 0.999998 -0.000462809 0.00163977 0.00046219 1 0.000493758 -0.00164023 -0.000493241 0.999998 -0.0512367 0.0768265 0.0419274
FixedParameters: 0 0 0

#Transform 4
Transform: AffineTransform_float_3_3
Parameters: 0.999998 -0.000110349 0.00207193 0.000109653 1 0.000650228 -0.00207207 -0.000650772 0.999997 -0.0796979 0.0700069 0.0398258
FixedParameters: 0 0 0

#Transform 5
Transform: AffineTransform_float_3_3
Parameters: 0.999999 -0.00046292 0.00169475 0.000462081 0.999999 0.000542784 -0.00169425 -0.000542217 0.999999 -0.0454763 0.0926645 0.0367967
FixedParameters: 0 0 0

#Transform 6
Transform: AffineTransform_float_3_3
Parameters: 0.999998 5.16658e-05 0.00171704 -5.2334e-05 0.999999 0.000776911 -0.00171696 -0.00077709 0.999998 -0.063009 0.0834133 0.0147297
FixedParameters: 0 0 0

#Transform 7
Transform: AffineTransform_float_3_3
Parameters: 0.999998 1.04401e-07 0.001693 -1.89559e-06 1 0.000528998 -0.001693 -0.000529001 0.999999 -0.0610684 0.0903916 0.0364545
FixedParameters: 0 0 0

#Transform 8
Transform: AffineTransform_float_3_3
Parameters: 0.999998 -0.000245479 0.00162578 0.000244521 0.999999 0.000909399 -0.00162622 -0.000909602 0.999999 -0.052434 0.0812909 0.0438737
FixedParameters: 0 0 0

#Transform 9
Transform: AffineTransform_float_3_3
Parameters: 0.999998 -0.000282591 0.00162572 0.000280408 1 0.000979458 -0.00162627 -0.000978542 0.999998 -0.0511984 0.0793229 0.0449977
FixedParameters: 0 0 0

#Transform 10
Transform: AffineTransform_float_3_3
Parameters: 0.999998 -0.000349296 0.00162872 0.000347704 0.999999 0.000795567 -0.00162928 -0.000795432 0.999999 -0.0525781 0.0849177 0.0490355
FixedParameters: 0 0 0

#Transform 11
Transform: AffineTransform_float_3_3
Parameters: 0.999998 8.21948e-05 0.00196712 -8.48047e-05 0.999999 0.00142584 -0.00196688 -0.00142616 0.999997 -0.0780863 0.065068 0.0962
FixedParameters: 0 0 0

#Transform 12
Transform: AffineTransform_float_3_3
Parameters: 0.999999 7.77311e-05 0.000950702 -7.42676e-05 0.999993 -0.00392407 -0.000951298 0.00392393 0.999992 -0.0736654 0.136252 -0.108676
FixedParameters: 0 0 0

#Transform 13
Transform: AffineTransform_float_3_3
Parameters: 1 0.000314691 0.000362268 -0.000315309 0.999999 0.000852885 -0.000362731 -0.000853114 0.999999 -0.0695608 0.0796153 0.102848
FixedParameters: 0 0 0

#Transform 14
Transform: AffineTransform_float_3_3
Parameters: 1 0.000223318 0.000507301 -0.000224682 0.999999 0.00134489 -0.000506698 -0.00134511 0.999999 -0.0534138 0.0795576 0.142763
FixedParameters: 0 0 0

#Transform 15
Transform: AffineTransform_float_3_3
Parameters: 1 -0.000215274 0.000506884 0.000214726 1 0.000540109 -0.000507116 -0.000539891 0.999999 -0.0376802 0.0660507 0.11991
FixedParameters: 0 0 0

#Transform 16
Transform: AffineTransform_float_3_3
Parameters: 0.999999 -4.91456e-05 0.00140396 4.78543e-05 0.999999 0.000816067 -0.00140404 -0.000815931 0.999998 -0.0497403 0.0615581 0.0347414
FixedParameters: 0 0 0

#Transform 17
Transform: AffineTransform_float_3_3
Parameters: 1 9.6742e-05 0.000567044 -9.72579e-05 1 0.000454945 -0.000566956 -0.000455055 0.999999 -0.0355543 0.0430336 0.0406049
FixedParameters: 0 0 0

#Transform 18
Transform: AffineTransform_float_3_3
Parameters: 1 0.000200865 0.000299091 -0.000201135 1 0.00045094 -0.000298909 -0.00045106 1 -0.0325671 0.0335318 0.0380135
FixedParameters: 0 0 0

#Transform 19
Transform: AffineTransform_float_3_3
Parameters: 1 1.29162e-05 0.000479002 -1.30838e-05 1 0.000174994 -0.000478998 -0.000175006 1 -0.0152726 0.0216401 0.0250439
FixedParameters: 0 0 0

#Transform 20
Transform: AffineTransform_float_3_3
Parameters: 1 0.000206859 0.000312094 -0.000206141 1 0.000452936 -0.000311907 -0.000453064 1 -0.0143433 0.00458589 0.016553
FixedParameters: 0 0 0

#Transform 21
Transform: AffineTransform_float_3_3
Parameters: 1 0.000200972 0.00056801 -0.000201028 1 4.88858e-05 -0.00056799 -4.91142e-05 1 -0.0350097 0.00682325 0.0131172
FixedParameters: 0 0 0

#Transform 22
Transform: AffineTransform_float_3_3
Parameters: 1 0.000297988 -1.32858e-05 -0.000298012 1 -0.000958996 1.27142e-05 0.000959004 0.999999 -0.0165192 0.0157919 -0.031891
FixedParameters: 0 0 0

#Transform 23
Transform: AffineTransform_float_3_3
Parameters: 1 0.000251714 0.000632114 -0.000251287 1 0.000453841 -0.000631886 -0.000453159 0.999999 -0.0291502 -0.00631729 0.00249082
FixedParameters: 0 0 0

#Transform 24
Transform: AffineTransform_float_3_3
Parameters: 0.999999 0.000465465 0.000618402 -0.000465533 0.999999 0.000863712 -0.000617598 -0.000864288 1 -0.0517913 -0.0203628 0.0229507
FixedParameters: 0 0 0

#Transform 25
Transform: AffineTransform_float_3_3
Parameters: 1 0.000483865 0.00029722 -0.000484135 1 0.000453856 -0.000296781 -0.000453144 1 -0.0539726 -0.0368207 -0.00786365
FixedParameters: 0 0 0

#Transform 26
Transform: AffineTransform_float_3_3
Parameters: 1 0.000481282 -0.00043869 -0.000481718 0.999999 0.000643211 0.00043831 -0.000642789 0.999999 -0.0411712 -0.0219543 0.0190083
FixedParameters: 0 0 0

#Transform 27
Transform: AffineTransform_float_3_3
Parameters: 1 -8.79769e-05 -2.10965e-05 8.8023e-05 1 0.001097 2.09035e-05 -0.001097 1 -0.0232433 -0.0315659 0.0394794
FixedParameters: 0 0 0

#Transform 28
Transform: AffineTransform_float_3_3
Parameters: 1 0.000507917 4.49448e-05 -0.000508083 0.999998 0.00185998 -4.4055e-05 -0.00186002 0.999999 -0.0369026 -0.0784646 0.0282863
FixedParameters: 0 0 0

#Transform 29
Transform: AffineTransform_float_3_3
Parameters: 1 0.000528405 -0.000337366 -0.000528595 0.999999 0.00120118 0.000337635 -0.00120082 0.999999 -0.0344043 -0.0539965 0.0806169
FixedParameters: 0 0 0

#Transform 30
Transform: AffineTransform_float_3_3
Parameters: 0.999999 0.000583491 -0.000441351 -0.000582508 0.999999 0.00111226 0.000442648 -0.00111174 1 -0.0325757 -0.110878 0.195847
FixedParameters: 0 0 0

#Transform 31
Transform: AffineTransform_float_3_3
Parameters: 0.999999 0.00041083 -0.000857603 -0.000410171 1 0.000967353 0.000857397 -0.000967649 0.999999 -0.00559939 -0.0675089 0.134159
FixedParameters: 0 0 0

#Transform 32
Transform: AffineTransform_float_3_3
Parameters: 0.999999 0.000525593 -0.000497374 -0.000524407 0.999999 0.00119226 0.000497625 -0.00119174 0.999999 -0.0299827 -0.0624863 0.129967
FixedParameters: 0 0 0

#Transform 33
Transform: AffineTransform_float_3_3
Parameters: 0.999999 0.000526313 -0.000637918 -0.000524686 0.999997 0.00205733 0.00063908 -0.00205666 0.999997 -0.0260943 -0.0750982 0.117043
FixedParameters: 0 0 0

#Transform 34
Transform: AffineTransform_float_3_3
Parameters: 1 0.000526014 -0.000808341 -0.000524987 0.999999 0.00125442 0.000808659 -0.00125358 0.999999 -0.0212228 -0.0559113 0.0440251
FixedParameters: 0 0 0

#Transform 35
Transform: AffineTransform_float_3_3
Parameters: 0.999999 0.000524824 -0.000606152 -0.000524176 1 -0.000290682 0.000605848 0.000290318 1 -0.0269348 -0.0317451 0.050693
FixedParameters: 0 0 0

#Transform 36
Transform: AffineTransform_float_3_3
Parameters: 0.999999 0.000525271 -0.000605764 -0.000524728 1 0.000448318 0.000606235 -0.000447681 0.999999 -0.00985311 -0.0815545 0.0938623
FixedParameters: 0 0 0

#Transform 37
Transform: AffineTransform_float_3_3
Parameters: 1 -0.000244052 3.66537e-05 0.000243947 0.999999 0.00141901 -3.73462e-05 -0.00141899 0.999999 0.0353485 -0.0666335 0.113474
FixedParameters: 0 0 0

#Transform 38
Transform: AffineTransform_float_3_3
Parameters: 0.999999 0.000153833 -0.000778836 -0.000153168 1 0.00106912 0.000778164 -0.00106888 0.999999 0.0198036 -0.101359 0.082343
FixedParameters: 0 0 0

#Transform 39
Transform: AffineTransform_float_3_3
Parameters: 0.999999 0.000326337 -0.00134892 -0.000326664 1 0.000249441 0.00134908 -0.00024956 0.999999 0.0105613 -0.0733808 0.0520883
FixedParameters: 0 0 0

#Transform 40
Transform: AffineTransform_float_3_3
Parameters: 0.999999 0.000467816 -0.00118768 -0.000466183 0.999999 0.000687554 0.00118832 -0.000686444 0.999999 -0.000544503 -0.0924495 0.070763
FixedParameters: 0 0 0

#Transform 41
Transform: AffineTransform_float_3_3
Parameters: 0.999999 0.000408819 -0.00144077 -0.000408181 1 0.000568588 0.00144023 -0.000568412 0.999999 0.0150286 -0.0706246 0.0863423
FixedParameters: 0 0 0

#Transform 42
Transform: AffineTransform_float_3_3
Parameters: 0.999999 0.000262061 -0.00145499 -0.00026194 1 4.13812e-05 0.00145501 -4.16187e-05 0.999999 0.0228338 -0.108382 0.0922139
FixedParameters: 0 0 0

#Transform 43
Transform: AffineTransform_float_3_3
Parameters: 0.999999 0.000428838 -0.00131005 -0.000429161 1 -0.000122438 0.00130995 0.000123562 0.999999 0.018227 -0.156593 0.170302
FixedParameters: 0 0 0

#Transform 44
Transform: AffineTransform_float_3_3
Parameters: 0.999998 0.00029808 -0.00185583 -0.000296919 1 0.000582552 0.00185617 -0.000581448 0.999998 0.0359759 -0.136435 0.192953
FixedParameters: 0 0 0

#Transform 45
Transform: AffineTransform_float_3_3
Parameters: 0.999999 0.000295456 -0.00179126 -0.000296544 0.999999 -0.00086147 0.00179175 0.00086253 0.999998 0.0277296 -0.0929919 0.117063
FixedParameters: 0 0 0

#Transform 46
Transform: AffineTransform_float_3_3
Parameters: 0.999999 -7.72068e-05 -0.00150999 7.6793e-05 1 -0.000137116 0.00151001 0.000136884 0.999999 0.0581931 -0.101819 0.121763
FixedParameters: 0 0 0

#Transform 47
Transform: AffineTransform_float_3_3
Parameters: 0.999999 0.000219394 -0.00143156 -0.000222604 0.999997 -0.00251868 0.00143044 0.00251932 0.999996 0.0501932 -0.0783954 -0.024311
FixedParameters: 0 0 0

#Transform 48
Transform: AffineTransform_float_3_3
Parameters: 0.999997 0.00015278 -0.00235221 -0.000156222 0.999999 -0.00136964 0.00235179 0.00136936 0.999997 0.0782841 -0.0814634 0.0627007
FixedParameters: 0 0 0

#Transform 49
Transform: AffineTransform_float_3_3
Parameters: 0.999999 -0.000342703 -0.00174706 0.000343297 1 0.000169401 0.00174694 -0.000170599 0.999999 0.0786227 -0.105125 0.129348
FixedParameters: 0 0 0

#Transform 50
Transform: AffineTransform_float_3_3
Parameters: 0.999995 -0.00106453 -0.0032065 0.00105948 0.999999 -0.00141241 0.0032085 0.00140959 0.999994 0.100462 -0.0820802 0.0843656
FixedParameters: 0 0 0

#Transform 51
Transform: AffineTransform_float_3_3
Parameters: 0.999995 -0.000814024 -0.00308205 0.000817977 0.999999 0.00128949 0.00308095 -0.00129151 0.999995 0.14132 -0.115624 0.188072
FixedParameters: 0 0 0

#Transform 52
Transform: AffineTransform_float_3_3
Parameters: 0.999995 -0.000811783 -0.00282935 0.000813219 1 0.000429701 0.00282965 -0.000431299 0.999996 0.128225 -0.163055 0.190631
FixedParameters: 0 0 0

#Transform 53
Transform: AffineTransform_float_3_3
Parameters: 0.999989 -0.00183337 -0.00431472 0.00182863 0.999997 -0.0012479 0.00431728 0.0012401 0.99999 0.203148 -0.132126 0.130557
FixedParameters: 0 0 0

#Transform 54
Transform: AffineTransform_float_3_3
Parameters: 0.999995 -0.000403388 -0.00291222 0.000404611 1 0.000552824 0.00291177 -0.000554177 0.999995 0.117834 -0.290265 0.249254
FixedParameters: 0 0 0

#Transform 55
Transform: AffineTransform_float_3_3
Parameters: 0.999997 -0.00118405 -0.00236448 0.00118495 0.999999 0.0004002 0.00236453 -0.000402801 0.999997 0.151808 -0.26096 0.282235
FixedParameters: 0 0 0

#Transform 56
Transform: AffineTransform_float_3_3
Parameters: 0.999998 0.000496354 -0.00196741 -0.000493646 0.999999 0.00119697 0.00196759 -0.00119603 0.999998 0.05644 -0.208469 0.190234
FixedParameters: 0 0 0

#Transform 57
Transform: AffineTransform_float_3_3
Parameters: 0.999999 0.000485695 -0.00143108 -0.000479306 0.999992 0.00397669 0.00143292 -0.00397631 0.999991 0.0898903 -0.252708 0.268696
FixedParameters: 0 0 0

#Transform 58
Transform: AffineTransform_float_3_3
Parameters: 0.999999 0.000465565 -0.00170923 -0.000459437 0.999993 0.00383879 0.00171078 -0.00383821 0.999991 0.0849059 -0.273587 0.238256
FixedParameters: 0 0 0

#Transform 59
Transform: AffineTransform_float_3_3
Parameters: 1 0.00039872 -0.000959463 -0.000395283 0.999993 0.00387338 0.000960539 -0.00387362 0.999992 0.0480507 -0.251599 0.212293
FixedParameters: 0 0 0

#Transform 60
Transform: AffineTransform_float_3_3
Parameters: 0.999999 1.92023e-05 -0.000865934 -1.57974e-05 0.999993 0.00369801 0.000866064 -0.00369798 0.999993 0.0722696 -0.260484 0.199918
FixedParameters: 0 0 0

#Transform 61
Transform: AffineTransform_float_3_3
Parameters: 0.999999 -0.000468022 -0.000870606 0.000470975 0.999994 0.00342259 0.000868392 -0.00342341 0.999994 0.0964297 -0.267529 0.204409
FixedParameters: 0 0 0

#Transform 62
Transform: AffineTransform_float_3_3
Parameters: 0.999999 -0.00109159 -0.000966862 0.00109441 0.999993 0.00353195 0.00096314 -0.00353306 0.999994 0.117601 -0.274431 0.220947
FixedParameters: 0 0 0

#Transform 63
Transform: AffineTransform_float_3_3
Parameters: 1 -0.000513838 -0.000895822 0.000516162 0.999993 0.00353254 0.000894183 -0.00353346 0.999994 0.103747 -0.324026 0.255939
FixedParameters: 0 0 0

#Transform 64
Transform: AffineTransform_float_3_3
Parameters: 0.999999 -0.000449709 -0.00127388 0.000454292 0.999992 0.00415642 0.00127212 -0.00415658 0.99999 0.0950798 -0.316578 0.277003
FixedParameters: 0 0 0

#Transform 65
Transform: AffineTransform_float_3_3
Parameters: 0.999999 0.000396775 -0.00117039 -0.000392223 0.999991 0.00407646 0.00117261 -0.00407654 0.999991 0.0600308 -0.3666 0.308753
FixedParameters: 0 0 0

#Transform 66
Transform: AffineTransform_float_3_3
Parameters: 1 0.000974356 -0.000319899 -0.000972644 0.99999 0.00421231 0.0003241 -0.00421169 0.999991 0.0274411 -0.3136 0.329485
FixedParameters: 0 0 0

#Transform 67
Transform: AffineTransform_float_3_3
Parameters: 0.999999 0.000606768 -0.00071165 -0.000604231 0.999993 0.00388243 0.000714351 -0.00388257 0.999992 0.0336158 -0.34422 0.331456
FixedParameters: 0 0 0

#Transform 68
Transform: AffineTransform_float_3_3
Parameters: 1 0.00108298 -0.000230446 -0.00108102 0.99999 0.00420725 0.00023555 -0.00420675 0.999991 0.00828176 -0.329749 0.305247
FixedParameters: 0 0 0

#Transform 69
Transform: AffineTransform_float_3_3
Parameters: 0.999999 0.000795678 -0.000168835 -0.000795321 0.999992 0.00397913 0.000172166 -0.00397886 0.999992 0.0133861 -0.336191 0.262972
FixedParameters: 0 0 0

#Transform 70
Transform: AffineTransform_float_3_3
Parameters: 0.999999 0.000768889 -0.000455828 -0.00076711 0.999991 0.00413035 0.000459173 -0.00413065 0.999992 0.028368 -0.346113 0.259074
FixedParameters: 0 0 0

#Transform 71
Transform: AffineTransform_float_3_3
Parameters: 1 0.000872998 -0.000649324 -0.000871004 0.999995 0.00306957 0.000651677 -0.00306943 0.999995 0.0351415 -0.349939 0.231495
FixedParameters: 0 0 0

#Transform 72
Transform: AffineTransform_float_3_3
Parameters: 1 0.000782501 -0.000669087 -0.0007795 0.999992 0.00372952 0.000671912 -0.00372947 0.999993 0.0320504 -0.37197 0.254901
FixedParameters: 0 0 0

#Transform 73
Transform: AffineTransform_float_3_3
Parameters: 0.999999 0.000782219 -0.000628246 -0.00077978 0.999993 0.00352549 0.000630753 -0.00352551 0.999993 0.0308164 -0.379353 0.24942
FixedParameters: 0 0 0

#Transform 74
Transform: AffineTransform_float_3_3
Parameters: 0.999999 0.00089135 -0.000371779 -0.000889649 0.999993 0.00361633 0.000375219 -0.00361567 0.999994 0.0262749 -0.396252 0.250667
FixedParameters: 0 0 0

#Transform 75
Transform: AffineTransform_float_3_3
Parameters: 0.999999 0.000477225 -0.000660397 -0.000474776 0.999994 0.00336632 0.000661602 -0.00336569 0.999994 0.0421128 -0.400134 0.251815
FixedParameters: 0 0 0

#Transform 76
Transform: AffineTransform_float_3_3
Parameters: 1 0.000535694 -0.000849307 -0.000533304 0.999995 0.00316845 0.000851694 -0.00316854 0.999994 0.0503655 -0.409216 0.275446
FixedParameters: 0 0 0

#Transform 77
Transform: AffineTransform_float_3_3
Parameters: 0.999999 0.000693229 -0.00105323 -0.000688767 0.999991 0.00401073 0.00105677 -0.00400927 0.999992 0.0496206 -0.42077 0.315491
FixedParameters: 0 0 0

#Transform 78
Transform: AffineTransform_float_3_3
Parameters: 1 0.000692788 -0.00094323 -0.000689213 0.999991 0.00401065 0.000945772 -0.00400935 0.999992 0.0354572 -0.427838 0.325645
FixedParameters: 0 0 0

#Transform 79
Transform: AffineTransform_float_3_3
Parameters: 1 0.000692948 -0.00098323 -0.000689052 0.999991 0.00401068 0.000985772 -0.00400932 0.999992 0.0355388 -0.434819 0.304056
FixedParameters: 0 0 0

#Transform 80
Transform: AffineTransform_float_3_3
Parameters: 0.999995 0.00187706 -0.00278725 -0.00186394 0.999988 0.00468122 0.00279575 -0.00467578 0.999985 0.0156573 -0.552875 0.255071
FixedParameters: 0 0 0

#Transform 81
Transform: AffineTransform_float_3_3
Parameters: 0.999991 0.000410649 -0.00439357 -0.00039535 0.999993 0.00356277 0.00439444 -0.00356023 0.999984 0.157396 -0.529942 0.49065
FixedParameters: 0 0 0

#Transform 82
Transform: AffineTransform_float_3_3
Parameters: 0.999993 0.00146629 -0.00347818 -0.00144971 0.999988 0.00468108 0.00348582 -0.00467592 0.999983 0.0924652 -0.52252 0.518565
FixedParameters: 0 0 0

#Transform 83
Transform: AffineTransform_float_3_3
Parameters: 0.999996 0.000594995 -0.00281428 -0.000582005 0.999989 0.00461666 0.00281672 -0.00461435 0.999986 0.0978481 -0.503271 0.378158
FixedParameters: 0 0 0

#Transform 84
Transform: AffineTransform_float_3_3
Parameters: 0.999995 0.00108888 -0.00316859 -0.00107312 0.999987 0.00500942 0.00317441 -0.00500657 0.999982 0.0894643 -0.523251 0.362886
FixedParameters: 0 0 0

#Transform 85
Transform: AffineTransform_float_3_3
Parameters: 0.999994 0.00087182 -0.00313592 -0.000857181 0.999989 0.00472371 0.00314008 -0.00472129 0.999984 0.09563 -0.519866 0.319804
FixedParameters: 0 0 0

#Transform 86
Transform: AffineTransform_float_3_3
Parameters: 0.999994 0.000896425 -0.00313563 -0.000880575 0.999988 0.00491679 0.00314037 -0.00491421 0.999983 0.0837226 -0.547664 0.335152
FixedParameters: 0 0 0

#Transform 87
Transform: AffineTransform_float_3_3
Parameters: 0.999995 0.000651583 -0.00293323 -0.000638413 0.99999 0.00428889 0.00293676 -0.0042871 0.999986 0.0785304 -0.542893 0.31329
FixedParameters: 0 0 0

#Transform 88
Transform: AffineTransform_float_3_3
Parameters: 0.999996 0.000652698 -0.00246619 -0.000642302 0.999991 0.0043366 0.00246881 -0.0043344 0.999987 0.0672904 -0.59298 0.33863
FixedParameters: 0 0 0

#Transform 89
Transform: AffineTransform_float_3_3
Parameters: 0.999996 0.000854686 -0.00271835 -0.000842311 0.999991 0.00429731 0.00272264 -0.00429469 0.999987 0.071142 -0.593825 0.349266
FixedParameters: 0 0 0

#Transform 90
Transform: AffineTransform_float_3_3
Parameters: 0.999997 0.0011724 -0.00241947 -0.0011626 0.999992 0.00388282 0.00242353 -0.00388017 0.999989 0.0509558 -0.578368 0.350116
FixedParameters: 0 0 0

#Transform 91
Transform: AffineTransform_float_3_3
Parameters: 0.999997 0.000778311 -0.00202821 -0.000771687 0.999993 0.00360258 0.00203179 -0.00360143 0.999992 0.0522356 -0.592986 0.356733
FixedParameters: 0 0 0

#Transform 92
Transform: AffineTransform_float_3_3
Parameters: 0.999997 0.000828893 -0.00205483 -0.000821105 0.999993 0.0038397 0.00205817 -0.00383731 0.999991 0.04821 -0.581419 0.335416
FixedParameters: 0 0 0

#Transform 93
Transform: AffineTransform_float_3_3
Parameters: 0.999997 0.000443958 -0.00207731 -0.000436039 0.999992 0.00382991 0.00207968 -0.00382908 0.99999 0.057509 -0.585596 0.298338
FixedParameters: 0 0 0

#Transform 94
Transform: AffineTransform_float_3_3
Parameters: 0.999997 0.000660136 -0.00207142 -0.000651865 0.999992 0.00392636 0.00207357 -0.00392464 0.99999 0.0606821 -0.597781 0.330009
FixedParameters: 0 0 0

#Transform 95
Transform: AffineTransform_float_3_3
Parameters: 0.999997 0.00117331 -0.00215095 -0.00116469 0.99999 0.00432552 0.00215606 -0.00432348 0.999989 0.0316536 -0.632893 0.375515
FixedParameters: 0 0 0

#Transform 96
Transform: AffineTransform_float_3_3
Parameters: 0.999998 0.00111234 -0.00157725 -0.00110666 0.999993 0.00338275 0.00158175 -0.00338125 0.999993 0.0387805 -0.618183 0.383879
FixedParameters: 0 0 0

#Transform 97
Transform: AffineTransform_float_3_3
Parameters: 0.999999 0.00103508 -0.000719598 -0.00103193 0.999991 0.00425975 0.000723402 -0.00425925 0.99999 0.00343942 -0.633258 0.432496
FixedParameters: 0 0 0

#Transform 98
Transform: AffineTransform_float_3_3
Parameters: 0.999999 0.00110443 -0.000976005 -0.00110057 0.999989 0.00453208 0.000980997 -0.00453092 0.99999 0.00760716 -0.644272 0.463819
FixedParameters: 0 0 0

#Transform 99
Transform: AffineTransform_float_3_3
Parameters: 0.999999 0.00173639 0.00013422 -0.00173662 0.999988 0.00473277 -0.000125784 -0.00473223 0.999989 -0.0633201 -0.640034 0.408565
FixedParameters: 0 0 0

#Transform 100
Transform: AffineTransform_float_3_3
Parameters: 0.999999 0.00131072 -0.000531344 -0.00130728 0.999986 0.0050837 0.000538653 -0.0050833 0.999987 -0.0157935 -0.652066 0.421601
FixedParameters: 0 0 0

#Transform 101
Transform: AffineTransform_float_3_3
Parameters: 0.999999 0.00107462 -0.000635921 -0.00107138 0.999984 0.00566669 0.00064208 -0.00566532 0.999983 0.0161907 -0.676836 0.430297
FixedParameters: 0 0 0

#Transform 102
Transform: AffineTransform_float_3_3
Parameters: 0.999997 0.00203954 0.000608695 -0.00204345 0.999981 0.00572877 -0.000597302 -0.00573023 0.999984 -0.105584 -0.714763 0.488249
FixedParameters: 0 0 0

#Transform 103
Transform: AffineTransform_float_3_3
Parameters: 0.999991 0.00267674 0.00334787 -0.00272026 0.999908 0.013285 -0.00331214 -0.013294 0.999906 -0.130762 -0.808527 0.559735
FixedParameters: 0 0 0

#Transform 104
Transform: AffineTransform_float_3_3
Parameters: 0.999972 0.00124981 0.00737127 -0.0013632 0.999879 0.0155064 -0.00735174 -0.0155156 0.999852 -0.121365 -0.841316 0.576255
FixedParameters: 0 0 0

#Transform 105
Transform: AffineTransform_float_3_3
Parameters: 0.99999 0.00105154 0.00422703 -0.00112846 0.99983 0.0183654 -0.00420698 -0.0183696 0.999823 -0.0910677 -0.995428 0.684942
FixedParameters: 0 0 0

#Transform 106
Transform: AffineTransform_float_3_3
Parameters: 0.99998 0.0019194 0.00600475 -0.00201858 0.99986 0.0166242 -0.00597125 -0.0166368 0.999844 -0.135503 -0.834636 0.667934
FixedParameters: 0 0 0

#Transform 107
Transform: AffineTransform_float_3_3
Parameters: 0.999979 0.00106391 0.00641009 -0.00114009 0.999929 0.0118779 -0.0063969 -0.0118851 0.999909 -0.103405 -0.833656 0.454111
FixedParameters: 0 0 0

#Transform 108
Transform: AffineTransform_float_3_3
Parameters: 0.99998 0.00152829 0.00622675 -0.0016217 0.999885 0.0150732 -0.00620226 -0.0150828 0.999867 -0.107309 -0.849613 0.584855
FixedParameters: 0 0 0

#Transform 109
Transform: AffineTransform_float_3_3
Parameters: 0.99996 0.00199348 0.00872974 -0.00214453 0.999849 0.017267 -0.00869425 -0.017285 0.999813 -0.168214 -0.830723 0.525489
FixedParameters: 0 0 0

#Transform 110
Transform: AffineTransform_float_3_3
Parameters: 0.999982 0.00141646 0.00572176 -0.00149355 0.999907 0.0135717 -0.00570225 -0.0135793 0.999892 -0.0843307 -0.839504 0.539145
FixedParameters: 0 0 0

#Transform 111
Transform: AffineTransform_float_3_3
Parameters: 0.999973 -0.000268923 0.00732914 0.000174082 0.999916 0.0129486 -0.00733187 -0.0129474 0.99989 -0.00137636 -0.767696 0.414746
FixedParameters: 0 0 0

#Transform 112
Transform: AffineTransform_float_3_3
Parameters: 0.999979 0.00110421 0.00630349 -0.00118378 0.999919 0.0126678 -0.0062885 -0.0126752 0.9999 -0.104474 -0.795092 0.29823
FixedParameters: 0 0 0

#Transform 113
Transform: AffineTransform_float_3_3
Parameters: 0.999986 0.00158207 0.00492432 -0.00164392 0.99992 0.0125971 -0.00490367 -0.0126049 0.999908 -0.0830733 -0.807402 0.580038
FixedParameters: 0 0 0

#Transform 114
Transform: AffineTransform_float_3_3
Parameters: 0.999985 0.00185298 0.00517341 -0.00190902 0.99994 0.0108453 -0.00515259 -0.0108547 0.999928 -0.0886661 -0.827309 0.519201
FixedParameters: 0 0 0

#Transform 115
Transform: AffineTransform_float_3_3
Parameters: 0.999987 0.00118411 0.00492052 -0.00122689 0.999961 0.00872308 -0.00490948 -0.00872893 0.99995 -0.0697793 -0.794762 0.503901
FixedParameters: 0 0 0

#Transform 116
Transform: AffineTransform_float_3_3
Parameters: 0.999997 0.00171189 0.0016524 -0.00171911 0.999989 0.00431117 -0.0016456 -0.00431383 0.99999 -0.0283133 -0.75583 0.418869
FixedParameters: 0 0 0

#Transform 117
Transform: AffineTransform_float_3_3
Parameters: 0.999994 0.0020616 0.00280586 -0.0020784 0.999978 0.0062112 -0.00279314 -0.00621679 0.999977 -0.0593851 -0.848358 0.620543
FixedParameters: 0 0 0

#Transform 118
Transform: AffineTransform_float_3_3
Parameters: 0.999995 0.00168085 0.00259192 -0.00169315 0.999987 0.00469163 -0.00258408 -0.00469636 0.999985 -0.0532536 -0.779678 0.568467
FixedParameters: 0 0 0

#Transform 119
Transform: AffineTransform_float_3_3
Parameters: 0.999996 0.00145677 0.00233105 -0.00146823 0.999988 0.0048226 -0.00232494 -0.0048254 0.999985 -0.0483242 -0.786019 0.576519
FixedParameters: 0 0 0

#Transform 120
Transform: AffineTransform_float_3_3
Parameters: 0.999995 0.00160279 0.00248955 -0.00161621 0.999984 0.005314 -0.00248144 -0.005318 0.999983 -0.0449922 -0.814857 0.564715
FixedParameters: 0 0 0

#Transform 121
Transform: AffineTransform_float_3_3
Parameters: 0.999997 0.00107678 0.00214266 -0.00108622 0.99999 0.00430669 -0.00213834 -0.00430932 0.999989 -0.018876 -0.801995 0.506232
FixedParameters: 0 0 0

#Transform 122
Transform: AffineTransform_float_3_3
Parameters: 0.999997 0.00163415 0.00218042 -0.00164385 0.999989 0.00452344 -0.00217259 -0.00452657 0.999988 -0.0416099 -0.808265 0.519898
FixedParameters: 0 0 0

#Transform 123
Transform: AffineTransform_float_3_3
Parameters: 0.999997 0.00127395 0.00204666 -0.00128305 0.99999 0.00442439 -0.00204134 -0.00442762 0.999988 -0.032095 -0.842089 0.544165
FixedParameters: 0 0 0

#Transform 124
Transform: AffineTransform_float_3_3
Parameters: 0.999994 0.00132082 0.00321196 -0.00134019 0.999981 0.00597873 -0.00320404 -0.00598227 0.999977 -0.0694916 -0.887017 0.639143
FixedParameters: 0 0 0

#Transform 125
Transform: AffineTransform_float_3_3
Parameters: 0.999997 0.00127788 0.00174975 -0.00128312 0.999995 0.00292876 -0.00174625 -0.00293024 0.999994 -0.0368467 -0.838112 0.487408
FixedParameters: 0 0 0

#Transform 126
Transform: AffineTransform_float_3_3
Parameters: 0.999997 0.00127606 0.00173413 -0.00128294 0.999991 0.00400679 -0.00172887 -0.00400922 0.999991 -0.0317075 -0.867133 0.526779
FixedParameters: 0 0 0

#Transform 127
Transform: AffineTransform_float_3_3
Parameters: 0.999998 0.00127571 0.00165465 -0.00128329 0.99999 0.00441189 -0.00164935 -0.00441312 0.999989 -0.0248275 -0.878357 0.574241
FixedParameters: 0 0 0

#Transform 128
Transform: AffineTransform_float_3_3
Parameters: 0.999998 0.00127673 0.00156414 -0.00128327 0.999991 0.004014 -0.00155886 -0.004016 0.99999 -0.0234466 -0.88029 0.528652
FixedParameters: 0 0 0

#Transform 129
Transform: AffineTransform_float_3_3
Parameters: 0.999998 0.0011499 0.00150468 -0.0011561 0.999991 0.00405827 -0.00150032 -0.00405973 0.99999 -0.0241456 -0.884475 0.514855
FixedParameters: 0 0 0

#Transform 130
Transform: AffineTransform_float_3_3
Parameters: 0.999998 0.00127732 0.00151282 -0.00128269 0.999992 0.00376307 -0.00150818 -0.00376493 0.999992 -0.00417129 -0.891646 0.517977
FixedParameters: 0 0 0

#Transform 131
Transform: AffineTransform_float_3_3
Parameters: 0.999998 0.00142979 0.00173298 -0.00143721 0.999991 0.00416752 -0.00172702 -0.00416948 0.99999 -0.0351767 -0.919132 0.522973
FixedParameters: 0 0 0

#Transform 132
Transform: AffineTransform_float_3_3
Parameters: 0.999998 0.00127712 0.00146216 -0.00128288 0.999991 0.00402713 -0.00145784 -0.00402887 0.999991 -0.0240137 -0.905076 0.502425
FixedParameters: 0 0 0

#Transform 133
Transform: AffineTransform_float_3_3
Parameters: 0.999998 0.00127653 0.00152145 -0.00128247 0.99999 0.00425906 -0.00151555 -0.00426194 0.99999 -0.0252265 -0.914952 0.509693
FixedParameters: 0 0 0

#Transform 134
Transform: AffineTransform_float_3_3
Parameters: 0.999998 0.00119329 0.00116587 -0.00119971 0.999987 0.00491061 -0.00116012 -0.00491239 0.999988 -0.0157512 -0.923422 0.540661
FixedParameters: 0 0 0

#Transform 135
Transform: AffineTransform_float_3_3
Parameters: 0.999999 0.00118419 0.00141788 -0.00119081 0.999991 0.00410632 -0.00141312 -0.00410768 0.99999 -0.0216181 -0.941271 0.522068
FixedParameters: 0 0 0

#Transform 136
Transform: AffineTransform_float_3_3
Parameters: 0.999998 0.000939595 0.0014156 -0.000944402 0.999993 0.00382167 -0.0014114 -0.00382333 0.999991 -0.0171397 -0.945252 0.518425
FixedParameters: 0 0 0

#Transform 137
Transform: AffineTransform_float_3_3
Parameters: 0.999998 0.00121381 0.00153093 -0.00122019 0.999991 0.00405114 -0.00152607 -0.00405286 0.99999 -0.0274823 -0.952474 0.520096
FixedParameters: 0 0 0

#Transform 138
Transform: AffineTransform_float_3_3
Parameters: 0.999999 0.00127782 0.00135789 -0.00128318 0.999992 0.00382126 -0.00135311 -0.00382273 0.999992 -0.0222416 -0.960797 0.506877
FixedParameters: 0 0 0

#Transform 139
Transform: AffineTransform_float_3_3
Parameters: 0.999998 0.00127661 0.00155925 -0.00128339 0.999991 0.00410401 -0.00155375 -0.00410599 0.999991 -0.0322593 -0.978609 0.512691
FixedParameters: 0 0 0

#Transform 140
Transform: AffineTransform_float_3_3
Parameters: 0.999997 0.00127603 0.00173914 -0.00128297 0.999991 0.00401278 -0.00173386 -0.00401522 0.999991 -0.0304681 -0.998069 0.515642
FixedParameters: 0 0 0

#Transform 141
Transform: AffineTransform_float_3_3
Parameters: 0.999998 0.00127734 0.00143008 -0.00128267 0.999992 0.00396717 -0.00142592 -0.00396883 0.999991 -0.0302534 -1.0112 0.529249
FixedParameters: 0 0 0

#Transform 142
Transform: AffineTransform_float_3_3
Parameters: 0.999998 0.00127761 0.0019166 -0.00128339 0.999995 0.00281255 -0.0019134 -0.00281545 0.999994 -0.0353339 -1.03699 0.501101
FixedParameters: 0 0 0

#Transform 143
Transform: AffineTransform_float_3_3
Parameters: 0.999999 0.00113844 0.00142228 -0.00114456 0.999988 0.00462338 -0.00141672 -0.00462462 0.999989 -0.03322 -1.01398 0.625305
FixedParameters: 0 0 0

#Transform 144
Transform: AffineTransform_float_3_3
Parameters: 0.999996 0.00126954 0.00228653 -0.00128246 0.999982 0.00589609 -0.00227948 -0.00589891 0.99998 -0.082882 -1.06872 0.683443
FixedParameters: 0 0 0

#Transform 145
Transform: AffineTransform_float_3_3
Parameters: 0.999999 0.00128112 0.000389228 -0.00128288 0.999988 0.00485751 -0.000382772 -0.0048585 0.999988 -0.00633996 -1.06048 0.566066
FixedParameters: 0 0 0

#Transform 146
Transform: AffineTransform_float_3_3
Parameters: 0.999999 0.00144871 0.00115666 -0.00145429 0.999989 0.00458533 -0.00115034 -0.00458768 0.999989 -0.0364736 -1.08021 0.579914
FixedParameters: 0 0 0

#Transform 147
Transform: AffineTransform_float_3_3
Parameters: 0.999998 0.00108678 0.00134106 -0.00109221 0.999988 0.00464154 -0.00133594 -0.00464346 0.999989 -0.0207289 -1.0484 0.555886
FixedParameters: 0 0 0

#Transform 148
Transform: AffineTransform_float_3_3
Parameters: 0.999998 0.0011867 0.00131081 -0.0011913 0.999991 0.00404744 -0.00130619 -0.00404856 0.999991 -0.0286928 -1.06563 0.51003
FixedParameters: 0 0 0

#Transform 149
Transform: AffineTransform_float_3_3
Parameters: 0.999999 0.00111683 0.0013483 -0.00112217 0.999992 0.00383749 -0.0013437 -0.00383851 0.999991 -0.0272674 -1.06067 0.493333
FixedParameters: 0 0 0

#Transform 150
Transform: AffineTransform_float_3_3
Parameters: 0.999999 0.000706841 0.00137115 -0.000710158 0.999995 0.00303503 -0.00136885 -0.00303597 0.999995 -0.0232781 -1.0653 0.468699
FixedParameters: 0 0 0

#Transform 151
Transform: AffineTransform_float_3_3
Parameters: 0.999999 0.000705565 0.00158144 -0.000710434 0.999994 0.00343888 -0.00157857 -0.00344012 0.999993 -0.0198543 -1.08596 0.47803
FixedParameters: 0 0 0

#Transform 152
Transform: AffineTransform_float_3_3
Parameters: 0.999998 0.000979392 0.00176269 -0.00098561 0.999993 0.00375227 -0.00175931 -0.00375373 0.999992 -0.0279693 -1.09856 0.495126
FixedParameters: 0 0 0

#Transform 153
Transform: AffineTransform_float_3_3
Parameters: 0.999993 0.00181975 0.00330356 -0.00183725 0.999984 0.00522697 -0.00329344 -0.00523303 0.999981 -0.0869252 -1.17586 0.55849
FixedParameters: 0 0 0

#Transform 154
Transform: AffineTransform_float_3_3
Parameters: 0.999995 0.00123174 0.00314421 -0.00125426 0.999972 0.00740809 -0.00313479 -0.0074119 0.999967 -0.0800394 -1.2066 0.620638
FixedParameters: 0 0 0

#Transform 155
Transform: AffineTransform_float_3_3
Parameters: 0.999999 0.000732747 0.00101309 -0.000737253 0.999991 0.00420425 -0.00100991 -0.00420474 0.99999 -0.0255199 -1.1407 0.618584
FixedParameters: 0 0 0
