# transform file /out/sourcedata/freesurfer/sub-v1s3x0050815_ses-1/mri/transforms/cc_up.lta
# created by oesteban on Tue Mar 10 03:03:43 2026

type      = 0 # LINEAR_VOX_TO_VOX
nxforms   = 1
mean      = 130.0000 127.0000 125.0000
sigma     = 10000.0000
1 4 4
9.994148015975952e-01 1.465762685984373e-02 -3.090739995241165e-02 3.776537775993347e-01 
-1.465062238276005e-02 9.998925924301147e-01 4.530777805484831e-04 2.185924148559570e+01 
3.091072104871273e-02 0.000000000000000e+00 9.995222091674805e-01 1.304868316650391e+01 
0.000000000000000e+00 0.000000000000000e+00 0.000000000000000e+00 1.000000000000000e+00 
src volume info
valid = 1  # volume info valid
filename = /out/sourcedata/freesurfer/sub-v1s3x0050815_ses-1/mri/norm.mgz
volume = 256 256 256
voxelsize = 1.000000000000000e+00 1.000000000000000e+00 1.000000000000000e+00
xras   = -1.000000000000000e+00 0.000000000000000e+00 0.000000000000000e+00
yras   = 0.000000000000000e+00 0.000000000000000e+00 -1.000000000000000e+00
zras   = 0.000000000000000e+00 1.000000000000000e+00 0.000000000000000e+00
cras   = -7.343139648437500e+00 -2.358565521240234e+01 1.866664123535156e+01
dst volume info
valid = 1  # volume info valid
filename = /out/sourcedata/freesurfer/sub-v1s3x0050815_ses-1/mri/norm.mgz
volume = 256 256 256
voxelsize = 1.000000000000000e+00 1.000000000000000e+00 1.000000000000000e+00
xras   = -1.000000000000000e+00 0.000000000000000e+00 0.000000000000000e+00
yras   = 0.000000000000000e+00 0.000000000000000e+00 -1.000000000000000e+00
zras   = 0.000000000000000e+00 1.000000000000000e+00 0.000000000000000e+00
cras   = -7.343139648437500e+00 -2.358565521240234e+01 1.866664123535156e+01
