#Insight Transform File V1.0
#Transform 0
Transform: AffineTransform_float_3_3
Parameters: 1 8.99316e-07 -0.001188 -1.00683e-07 0.999999 0.000757 0.001188 -0.000756999 0.999999 0.0276808 0.0832021 -0.140221
FixedParameters: 0 0 0

#Transform 1
Transform: AffineTransform_float_3_3
Parameters: 0.999999 1.43129e-06 -0.000804999 4.31292e-07 0.999999 0.001778 0.000805 -0.001778 0.999998 0.0184565 0.0985264 -0.0633906
FixedParameters: 0 0 0

#Transform 2
Transform: AffineTransform_float_3_3
Parameters: 0.999999 0.000316072 -0.000669966 -0.000315929 1 0.000106212 0.000670033 -0.000106788 1 0.0116969 0.0754244 -0.130467
FixedParameters: 0 0 0

#Transform 3
Transform: AffineTransform_float_3_3
Parameters: 1 0.00054409 -0.000347859 -0.00054391 1 0.000259189 0.000348141 -0.000258811 1 -0.00791356 0.0701735 -0.084707
FixedParameters: 0 0 0

#Transform 4
Transform: AffineTransform_float_3_3
Parameters: 1 0.000250983 -0.000394011 -0.000250017 1 -4.29015e-05 0.000393989 4.30989e-05 1 -0.00187452 0.0754786 -0.0906376
FixedParameters: 0 0 0

#Transform 5
Transform: AffineTransform_float_3_3
Parameters: 1 0.000357454 -0.000551355 -0.000358546 1 -0.000990803 0.000550645 0.000991198 1 0.0150252 0.0927574 -0.131809
FixedParameters: 0 0 0

#Transform 6
Transform: AffineTransform_float_3_3
Parameters: 0.999999 0.000933077 5.57114e-05 -0.000932921 0.999998 -0.00138105 -5.72884e-05 0.00138095 0.999999 -0.00489122 0.0819594 -0.125352
FixedParameters: 0 0 0

#Transform 7
Transform: AffineTransform_float_3_3
Parameters: 1 0.000918447 0.00032775 -0.000918554 0.999998 -0.0013613 -0.00032825 0.0013607 0.999999 -0.000607236 0.0687855 -0.139631
FixedParameters: 0 0 0

#Transform 8
Transform: AffineTransform_float_3_3
Parameters: 0.999999 0.000928354 0.000273802 -0.000927645 0.999998 -0.00129125 -0.000275198 0.00129074 0.999999 -0.00595715 0.0665979 -0.138295
FixedParameters: 0 0 0

#Transform 9
Transform: AffineTransform_float_3_3
Parameters: 0.999999 0.000748218 0.000411603 -0.000747781 0.999999 -0.000530308 -0.000411396 0.000529692 1 -0.000871182 0.0649798 -0.123479
FixedParameters: 0 0 0

#Transform 10
Transform: AffineTransform_float_3_3
Parameters: 1 0.000101024 2.18909e-05 -0.000100976 1 -0.00108 -2.21091e-05 0.00108 1 0.0179048 0.0484157 -0.168609
FixedParameters: 0 0 0

#Transform 11
Transform: AffineTransform_float_3_3
Parameters: 1 0.000443089 0.000143725 -0.00044291 0.999999 -0.000620063 -0.000144275 0.000619936 1 0.0139545 0.0545177 -0.138058
FixedParameters: 0 0 0

#Transform 12
Transform: AffineTransform_float_3_3
Parameters: 1 0.000136419 -0.000336236 -0.000136582 0.999998 -0.00172895 0.000336764 0.00172905 0.999999 0.0255433 0.0455126 -0.142292
FixedParameters: 0 0 0

#Transform 13
Transform: AffineTransform_float_3_3
Parameters: 1 0.000301982 0.000549009 -0.000302017 1 3.18342e-05 -0.00054899 -3.21658e-05 1 0.025763 0.0523 0.0857533
FixedParameters: 0 0 0

#Transform 14
Transform: AffineTransform_float_3_3
Parameters: 0.999999 0.000266602 0.000926827 -0.000265398 1 -0.000649246 -0.000927173 0.000649753 1 0.0203517 0.029725 0.0112111
FixedParameters: 0 0 0

#Transform 15
Transform: AffineTransform_float_3_3
Parameters: 0.999999 0.000196019 0.000898995 -0.000195982 1 -2.01762e-05 -0.000899003 2.08238e-05 0.999999 0.0105639 0.0356473 0.0252485
FixedParameters: 0 0 0

#Transform 16
Transform: AffineTransform_float_3_3
Parameters: 0.999999 0.000416288 0.000873387 -0.000414712 0.999999 -0.00147436 -0.000873613 0.00147464 0.999999 0.00495132 0.0042325 -0.047549
FixedParameters: 0 0 0

#Transform 17
Transform: AffineTransform_float_3_3
Parameters: 0.999999 0.000275731 0.000722341 -0.000273267 0.999997 -0.0023962 -0.000723656 0.0023958 0.999997 0.00924307 -0.015561 -0.106107
FixedParameters: 0 0 0

#Transform 18
Transform: AffineTransform_float_3_3
Parameters: 1 0.000928624 -0.000440912 -0.000930377 0.999994 -0.00313259 0.000438088 0.00313241 0.999995 -0.0147867 -0.0432493 -0.181711
FixedParameters: 0 0 0

#Transform 19
Transform: AffineTransform_float_3_3
Parameters: 1 0.000108262 -0.000168832 -0.000107738 0.999999 0.00155102 0.000169167 -0.00155098 0.999999 0.0166553 0.0309229 -0.00234392
FixedParameters: 0 0 0

#Transform 20
Transform: AffineTransform_float_3_3
Parameters: 1 0.000191117 -0.000102782 -0.000190883 1 0.00113902 0.000103218 -0.00113898 1 -0.0173411 0.0176936 0.0322164
FixedParameters: 0 0 0

#Transform 21
Transform: AffineTransform_float_3_3
Parameters: 1 0.000353928 7.33507e-05 -0.000353073 1 0.000990974 -7.36501e-05 -0.000991026 0.999999 -0.0180162 0.027787 0.0126258
FixedParameters: 0 0 0

#Transform 22
Transform: AffineTransform_float_3_3
Parameters: 1 0.000378371 -0.000241419 -0.000377627 0.999998 0.00153709 0.000242581 -0.00153691 0.999999 -0.00591193 -0.00166653 -0.00149017
FixedParameters: 0 0 0

#Transform 23
Transform: AffineTransform_float_3_3
Parameters: 1 0.000226983 -0.000242016 -0.000227017 1 -6.99451e-05 0.000241984 7.00549e-05 1 -0.00288029 0.00339645 -0.0409708
FixedParameters: 0 0 0

#Transform 24
Transform: AffineTransform_float_3_3
Parameters: 1 0.00013465 -0.000382124 -0.00013535 0.999999 -0.000916948 0.000381876 0.000917052 1 0.00581817 -0.0189852 -0.106322
FixedParameters: 0 0 0

#Transform 25
Transform: AffineTransform_float_3_3
Parameters: 1 0.000167541 -0.000537457 -0.000169461 0.999997 -0.00271591 0.000537542 0.00271609 0.999996 0.0006773 -0.0490251 -0.183266
FixedParameters: 0 0 0

#Transform 26
Transform: AffineTransform_float_3_3
Parameters: 0.999999 0.000301811 -0.000646027 -0.000304189 0.999994 -0.00339081 0.000644972 0.0033912 0.999994 -0.0187228 -0.0646129 -0.205509
FixedParameters: 0 0 0

#Transform 27
Transform: AffineTransform_float_3_3
Parameters: 1 0.000115702 -6.55287e-05 -0.000116295 0.999989 -0.00456399 6.44699e-05 0.004564 0.999989 -0.0120891 -0.10378 -0.257323
FixedParameters: 0 0 0

#Transform 28
Transform: AffineTransform_float_3_3
Parameters: 0.999999 -0.000312331 -0.000945254 0.00030667 0.999984 -0.00563529 0.000946742 0.00563471 0.999983 -0.00341762 -0.132298 -0.293862
FixedParameters: 0 0 0

#Transform 29
Transform: AffineTransform_float_3_3
Parameters: 1 0.00013321 -0.000341704 -0.000134792 0.999986 -0.00524596 0.000341298 0.00524505 0.999986 -0.000174376 -0.148181 -0.249285
FixedParameters: 0 0 0

#Transform 30
Transform: AffineTransform_float_3_3
Parameters: 1 0.000348806 -0.000327278 -0.000350194 0.999994 -0.00365689 0.000325722 0.00365712 0.999994 -0.0181162 -0.0900141 -0.168914
FixedParameters: 0 0 0

#Transform 31
Transform: AffineTransform_float_3_3
Parameters: 1 0.000463786 -5.48421e-05 -0.000464215 0.999992 -0.00397098 5.3157e-05 0.00397103 0.999992 -0.0250973 -0.119416 -0.204274
FixedParameters: 0 0 0

#Transform 32
Transform: AffineTransform_float_3_3
Parameters: 1 0.000323537 0.000121581 -0.000322466 0.999991 -0.00439004 -0.000122417 0.00438996 0.999991 -0.00784777 -0.124801 -0.220958
FixedParameters: 0 0 0

#Transform 33
Transform: AffineTransform_float_3_3
Parameters: 0.999999 0.000467119 0.000558406 -0.000463884 0.999985 -0.00557226 -0.000560593 0.00557174 0.999985 -0.0279208 -0.127637 -0.283165
FixedParameters: 0 0 0

#Transform 34
Transform: AffineTransform_float_3_3
Parameters: 0.999999 0.00114668 0.000572688 -0.00114232 0.999979 -0.00638766 -0.000579309 0.00638734 0.99998 -0.0339305 -0.116596 -0.277752
FixedParameters: 0 0 0

#Transform 35
Transform: AffineTransform_float_3_3
Parameters: 0.999999 0.000716742 0.000482955 -0.000714257 0.999984 -0.00565435 -0.000487046 0.00565365 0.999984 -0.0184434 -0.15365 -0.295122
FixedParameters: 0 0 0

#Transform 36
Transform: AffineTransform_float_3_3
Parameters: 0.999999 0.000792459 0.000287002 -0.00079154 0.999987 -0.00504923 -0.000291001 0.00504977 0.999987 -0.0362251 -0.161797 -0.298679
FixedParameters: 0 0 0

#Transform 37
Transform: AffineTransform_float_3_3
Parameters: 0.999999 0.000691029 0.000609582 -0.000687973 0.999987 -0.00495642 -0.000612417 0.00495657 0.999987 -0.0190068 -0.161053 -0.279151
FixedParameters: 0 0 0

#Transform 38
Transform: AffineTransform_float_3_3
Parameters: 0.999999 0.000695276 0.00026366 -0.000693727 0.999988 -0.00480819 -0.000266338 0.00480782 0.999989 -0.0369682 -0.110127 -0.177203
FixedParameters: 0 0 0

#Transform 39
Transform: AffineTransform_float_3_3
Parameters: 1 0.000929638 0.000456683 -0.000927366 0.999993 -0.00357143 -0.000459316 0.00357158 0.999994 -0.0223145 -0.17235 -0.235545
FixedParameters: 0 0 0

#Transform 40
Transform: AffineTransform_float_3_3
Parameters: 1 0.000461429 0.000399354 -0.000459572 0.999993 -0.00357118 -0.000400644 0.00357181 0.999993 0.00377844 -0.172123 -0.252809
FixedParameters: 0 0 0

#Transform 41
Transform: AffineTransform_float_3_3
Parameters: 0.999997 0.00130064 0.00173177 -0.00130236 0.999998 0.00135975 -0.00173023 -0.00136225 0.999997 0.0584119 -0.015491 -0.0122318
FixedParameters: 0 0 0

#Transform 42
Transform: AffineTransform_float_3_3
Parameters: 0.999993 0.00327984 0.00211414 -0.00331116 0.999884 0.0149071 -0.00206486 -0.0149139 0.999886 0.0651736 0.182726 0.489341
FixedParameters: 0 0 0

#Transform 43
Transform: AffineTransform_float_3_3
Parameters: 0.999993 0.00257644 0.00247613 -0.00260556 0.999925 0.0120086 -0.00244488 -0.0120154 0.999925 0.0466062 0.131819 0.403346
FixedParameters: 0 0 0

#Transform 44
Transform: AffineTransform_float_3_3
Parameters: 0.999994 0.00230054 0.00285017 -0.00233546 0.999924 0.0121484 -0.00282183 -0.0121546 0.999922 0.0675636 0.133827 0.45675
FixedParameters: 0 0 0

#Transform 45
Transform: AffineTransform_float_3_3
Parameters: 0.999992 0.00269392 0.00288121 -0.00272908 0.999922 0.0122432 -0.00284779 -0.0122508 0.999921 0.0410903 0.106891 0.413561
FixedParameters: 0 0 0

#Transform 46
Transform: AffineTransform_float_3_3
Parameters: 0.999993 0.00263063 0.00269993 -0.00266438 0.999915 0.0128089 -0.00266608 -0.0128151 0.999915 0.0398493 0.146114 0.424683
FixedParameters: 0 0 0

#Transform 47
Transform: AffineTransform_float_3_3
Parameters: 0.999992 0.00277788 0.00284671 -0.00280812 0.999939 0.0106321 -0.00281729 -0.0106399 0.99994 0.0324081 0.122251 0.341047
FixedParameters: 0 0 0

#Transform 48
Transform: AffineTransform_float_3_3
Parameters: 0.99999 0.00309037 0.00304056 -0.00312462 0.999934 0.0111176 -0.00300543 -0.0111264 0.999933 -0.0213208 0.140269 0.480676
FixedParameters: 0 0 0

#Transform 49
Transform: AffineTransform_float_3_3
Parameters: 0.999988 0.00354258 0.00358737 -0.00358242 0.99993 0.0113243 -0.00354664 -0.0113367 0.99993 -0.0539516 0.179795 0.651485
FixedParameters: 0 0 0

#Transform 50
Transform: AffineTransform_float_3_3
Parameters: 0.999986 0.00348765 0.00391893 -0.00353236 0.999929 0.0113693 -0.00387907 -0.0113827 0.999927 -0.0434321 0.137592 0.567935
FixedParameters: 0 0 0

#Transform 51
Transform: AffineTransform_float_3_3
Parameters: 0.999988 0.0034173 0.00344774 -0.00345169 0.999943 0.0101082 -0.00341226 -0.0101208 0.999943 -0.0541066 0.120149 0.517223
FixedParameters: 0 0 0

#Transform 52
Transform: AffineTransform_float_3_3
Parameters: 0.99999 0.00317658 0.00295268 -0.00320242 0.999955 0.00898764 -0.00292332 -0.00899738 0.999956 -0.0641734 0.113028 0.43706
FixedParameters: 0 0 0

#Transform 53
Transform: AffineTransform_float_3_3
Parameters: 0.999992 0.0027835 0.00278767 -0.0028065 0.99996 0.00846325 -0.00276334 -0.00847076 0.999961 -0.0726076 0.0893799 0.400062
FixedParameters: 0 0 0

#Transform 54
Transform: AffineTransform_float_3_3
Parameters: 0.999984 0.0040871 0.00409719 -0.00412689 0.999943 0.00977625 -0.00405681 -0.00979374 0.999944 -0.0352137 0.0945169 0.492245
FixedParameters: 0 0 0

#Transform 55
Transform: AffineTransform_float_3_3
Parameters: 0.999984 0.00389391 0.0039509 -0.00393009 0.99995 0.00916862 -0.0039151 -0.00918439 0.99995 -0.0519953 0.1031 0.529944
FixedParameters: 0 0 0

#Transform 56
Transform: AffineTransform_float_3_3
Parameters: 0.999981 0.00431978 0.00422654 -0.00436021 0.999942 0.00979175 -0.00418347 -0.00981025 0.999943 -0.0748608 0.149919 0.514749
FixedParameters: 0 0 0

#Transform 57
Transform: AffineTransform_float_3_3
Parameters: 0.999978 0.00445662 0.00480741 -0.00450337 0.999943 0.00968055 -0.00476358 -0.00970143 0.999941 -0.0772033 0.147399 0.518943
FixedParameters: 0 0 0

#Transform 58
Transform: AffineTransform_float_3_3
Parameters: 0.999981 0.00454452 0.0041667 -0.00457648 0.999959 0.00781808 -0.0041313 -0.00783692 0.999961 -0.0830438 0.144239 0.443869
FixedParameters: 0 0 0

#Transform 59
Transform: AffineTransform_float_3_3
Parameters: 0.999981 0.00473633 0.003999 -0.00476367 0.999964 0.00693808 -0.003966 -0.00695691 0.999968 -0.0926543 0.11816 0.38126
FixedParameters: 0 0 0

#Transform 60
Transform: AffineTransform_float_3_3
Parameters: 0.999981 0.00465883 0.00416487 -0.00468818 0.999965 0.00702361 -0.00413213 -0.00704239 0.999966 -0.0859321 0.0868358 0.376457
FixedParameters: 0 0 0

#Transform 61
Transform: AffineTransform_float_3_3
Parameters: 0.999977 0.00534627 0.00432428 -0.00537774 0.99996 0.00712792 -0.00428572 -0.00715108 0.999965 -0.0808441 0.048501 0.426145
FixedParameters: 0 0 0

#Transform 62
Transform: AffineTransform_float_3_3
Parameters: 0.999979 0.00466425 0.004387 -0.00469574 0.999962 0.00725455 -0.004353 -0.00727445 0.999964 -0.0764754 0.0751986 0.441958
FixedParameters: 0 0 0

#Transform 63
Transform: AffineTransform_float_3_3
Parameters: 0.999978 0.00478072 0.00460689 -0.00481628 0.999959 0.00767798 -0.0045701 -0.00770002 0.99996 -0.0686169 0.102394 0.464203
FixedParameters: 0 0 0

#Transform 64
Transform: AffineTransform_float_3_3
Parameters: 0.99998 0.00476444 0.0041968 -0.00479456 0.999963 0.00706202 -0.0041632 -0.00708198 0.999967 -0.0555254 0.0837677 0.430609
FixedParameters: 0 0 0

#Transform 65
Transform: AffineTransform_float_3_3
Parameters: 0.999975 0.00481469 0.00506155 -0.0048583 0.999952 0.00857863 -0.00501945 -0.00860338 0.999951 -0.0677079 0.0869034 0.531248
FixedParameters: 0 0 0

#Transform 66
Transform: AffineTransform_float_3_3
Parameters: 0.999977 0.00492039 0.00468681 -0.00495861 0.999956 0.00804795 -0.00464618 -0.00807105 0.999956 -0.0684919 0.074666 0.476021
FixedParameters: 0 0 0

#Transform 67
Transform: AffineTransform_float_3_3
Parameters: 0.999979 0.00494175 0.00432231 -0.00497525 0.999958 0.00771566 -0.00428369 -0.00773733 0.999961 -0.0837346 0.0358548 0.329813
FixedParameters: 0 0 0

#Transform 68
Transform: AffineTransform_float_3_3
Parameters: 0.999981 0.00440038 0.00434041 -0.00443662 0.999957 0.0082319 -0.00430358 -0.00825109 0.999956 -0.0153307 0.0318525 0.295857
FixedParameters: 0 0 0

#Transform 69
Transform: AffineTransform_float_3_3
Parameters: 0.999975 0.00506505 0.00482377 -0.00509694 0.999965 0.00663358 -0.00478923 -0.00665742 0.999967 -0.035282 0.024286 0.371498
FixedParameters: 0 0 0

#Transform 70
Transform: AffineTransform_float_3_3
Parameters: 0.999974 0.0047577 0.00537556 -0.00479231 0.999968 0.00638641 -0.00534545 -0.0064116 0.999965 -0.00390604 0.0283506 0.369045
FixedParameters: 0 0 0

#Transform 71
Transform: AffineTransform_float_3_3
Parameters: 0.999973 0.00511635 0.00526101 -0.00514565 0.999972 0.00544608 -0.00523299 -0.00547292 0.999972 -0.0301576 0.00621051 0.332683
FixedParameters: 0 0 0

#Transform 72
Transform: AffineTransform_float_3_3
Parameters: 0.999976 0.0049618 0.00480988 -0.00498019 0.999979 0.00398714 -0.00478912 -0.00401085 0.99998 -0.0418007 -0.0156744 0.278191
FixedParameters: 0 0 0

#Transform 73
Transform: AffineTransform_float_3_3
Parameters: 0.999977 0.00478894 0.00480706 -0.00480606 0.999982 0.00354398 -0.00478994 -0.00356702 0.999982 -0.0478565 -0.0509257 0.220001
FixedParameters: 0 0 0

#Transform 74
Transform: AffineTransform_float_3_3
Parameters: 0.999979 0.00465664 0.00448465 -0.00466435 0.999988 0.00163112 -0.00447635 -0.00165188 0.999988 -0.0418965 -0.103105 0.159327
FixedParameters: 0 0 0

#Transform 75
Transform: AffineTransform_float_3_3
Parameters: 0.999976 0.00476946 0.00513965 -0.00476755 0.999989 -0.000295511 -0.00514135 0.000271485 0.999986 -0.0643197 -0.120953 0.0657458
FixedParameters: 0 0 0

#Transform 76
Transform: AffineTransform_float_3_3
Parameters: 0.99998 0.00461466 0.00447604 -0.00460435 0.999987 -0.00238866 -0.00448697 0.00236834 0.999987 -0.0704945 -0.171062 -0.00978776
FixedParameters: 0 0 0

#Transform 77
Transform: AffineTransform_float_3_3
Parameters: 0.999981 0.00489038 0.00371681 -0.00489062 0.999988 0.000156825 -0.00371519 -0.000175172 0.999993 -0.0566802 -0.139301 0.0996188
FixedParameters: 0 0 0

#Transform 78
Transform: AffineTransform_float_3_3
Parameters: 0.99998 0.00456699 0.00434722 -0.00457102 0.999989 0.000914147 -0.00434378 -0.000933857 0.99999 -0.0531062 -0.113159 0.114072
FixedParameters: 0 0 0

#Transform 79
Transform: AffineTransform_float_3_3
Parameters: 0.999976 0.00400208 0.00554915 -0.00402292 0.999985 0.00376477 -0.00553385 -0.00378624 0.999978 0.00805194 -0.0720894 0.202736
FixedParameters: 0 0 0

#Transform 80
Transform: AffineTransform_float_3_3
Parameters: 0.999975 0.00444739 0.00562855 -0.00446661 0.999984 0.00347595 -0.00561245 -0.00350105 0.999978 -0.0318279 -0.0976663 0.160139
FixedParameters: 0 0 0

#Transform 81
Transform: AffineTransform_float_3_3
Parameters: 0.999974 0.00456276 0.00562702 -0.00458024 0.999985 0.00305431 -0.00561298 -0.00307969 0.99998 -0.0222107 -0.0996475 0.151695
FixedParameters: 0 0 0

#Transform 82
Transform: AffineTransform_float_3_3
Parameters: 0.999974 0.00465867 0.00562656 -0.00467533 0.999985 0.00289277 -0.00561244 -0.00291922 0.99998 -0.0256583 -0.0870065 0.207568
FixedParameters: 0 0 0

#Transform 83
Transform: AffineTransform_float_3_3
Parameters: 0.999973 0.00464197 0.00572739 -0.00465503 0.999986 0.0024384 -0.0057156 -0.0024656 0.99998 -0.0443846 -0.126616 0.162517
FixedParameters: 0 0 0

#Transform 84
Transform: AffineTransform_float_3_3
Parameters: 0.999978 0.00540042 0.00383823 -0.00540159 0.999986 0.000403276 -0.00383577 -0.000423724 0.999992 -0.0685385 -0.125518 0.0732669
FixedParameters: 0 0 0

#Transform 85
Transform: AffineTransform_float_3_3
Parameters: 0.999975 0.00503902 0.00495393 -0.00503598 0.999987 -0.000621963 -0.00495707 0.000597036 0.999987 -0.0639417 -0.142549 0.0242164
FixedParameters: 0 0 0

#Transform 86
Transform: AffineTransform_float_3_3
Parameters: 0.999975 0.00461293 0.0054937 -0.00460907 0.999989 -0.000728339 -0.0054973 0.000702659 0.999984 -0.0411547 -0.183774 -0.00264882
FixedParameters: 0 0 0

#Transform 87
Transform: AffineTransform_float_3_3
Parameters: 0.999976 0.00457341 0.00506763 -0.00457358 0.999989 -9.31794e-05 -0.00506838 7.08218e-05 0.999987 -0.0276812 -0.201371 0.00260961
FixedParameters: 0 0 0

#Transform 88
Transform: AffineTransform_float_3_3
Parameters: 0.999981 0.00450895 0.00435731 -0.00451606 0.999989 0.00161035 -0.00434969 -0.00162965 0.999989 -0.0250559 -0.223831 0.138461
FixedParameters: 0 0 0

#Transform 89
Transform: AffineTransform_float_3_3
Parameters: 0.999979 0.004402 0.00491018 -0.00440999 0.999989 0.00161838 -0.00490282 -0.00164062 0.999986 -0.0237567 -0.218999 0.132054
FixedParameters: 0 0 0

#Transform 90
Transform: AffineTransform_float_3_3
Parameters: 0.999974 0.00441875 0.00578278 -0.00442525 0.999989 0.00106744 -0.00577822 -0.00109356 0.999982 -0.0282273 -0.220964 0.094552
FixedParameters: 0 0 0

#Transform 91
Transform: AffineTransform_float_3_3
Parameters: 0.999971 0.00466603 0.00611456 -0.00467196 0.999988 0.000961461 -0.00610944 -0.000990536 0.999981 -0.0344806 -0.209978 0.0832021
FixedParameters: 0 0 0

#Transform 92
Transform: AffineTransform_float_3_3
Parameters: 0.999969 0.00504291 0.00614654 -0.0050461 0.999987 0.000487999 -0.00614346 -0.000518997 0.999981 -0.0420989 -0.224433 0.090396
FixedParameters: 0 0 0

#Transform 93
Transform: AffineTransform_float_3_3
Parameters: 0.999973 0.00435479 0.00601716 -0.00435522 0.999991 2.27946e-05 -0.00601684 -4.92034e-05 0.999982 -0.0151246 -0.19918 0.0681262
FixedParameters: 0 0 0

#Transform 94
Transform: AffineTransform_float_3_3
Parameters: 0.999965 0.00417308 0.00734055 -0.00416693 0.999991 -0.000842617 -0.00734445 0.00081238 0.999972 0.000418972 -0.274972 0.0140544
FixedParameters: 0 0 0

#Transform 95
Transform: AffineTransform_float_3_3
Parameters: 0.999955 0.00510304 0.00805886 -0.00511697 0.999986 0.00171284 -0.00805015 -0.00175416 0.999966 -0.0297861 -0.260835 0.0529139
FixedParameters: 0 0 0

#Transform 96
Transform: AffineTransform_float_3_3
Parameters: 0.999957 0.00502238 0.0078787 -0.00503562 0.999986 0.0017094 -0.00786931 -0.0017496 0.999968 -0.0426125 -0.263777 -0.012291
FixedParameters: 0 0 0

#Transform 97
Transform: AffineTransform_float_3_3
Parameters: 0.99996 0.00518556 0.00726361 -0.00519944 0.999985 0.00183231 -0.00725439 -0.00186969 0.999972 -0.0574801 -0.280137 -0.0208376
FixedParameters: 0 0 0

#Transform 98
Transform: AffineTransform_float_3_3
Parameters: 0.999943 0.00562619 0.00914524 -0.00566681 0.999974 0.00444243 -0.00911977 -0.00449457 0.999949 -0.0125023 -0.404173 -0.376767
FixedParameters: 0 0 0

#Transform 99
Transform: AffineTransform_float_3_3
Parameters: 0.999944 0.00530831 0.00923462 -0.00532469 0.999984 0.00178393 -0.00922439 -0.00183307 0.999956 0.0375973 -0.408827 -0.133601
FixedParameters: 0 0 0

#Transform 100
Transform: AffineTransform_float_3_3
Parameters: 0.999947 0.00442638 0.00930817 -0.00451361 0.999945 0.00941249 -0.00926583 -0.00945452 0.999913 0.0593483 -0.304571 0.102156
FixedParameters: 0 0 0

#Transform 101
Transform: AffineTransform_float_3_3
Parameters: 0.999944 0.00174163 0.0104185 -0.00184237 0.999951 0.00972735 -0.0104016 -0.00974666 0.999899 0.255681 -0.324396 0.0793481
FixedParameters: 0 0 0

#Transform 102
Transform: AffineTransform_float_3_3
Parameters: 0.999946 -0.00126662 0.0102958 0.00120639 0.999983 0.00579474 -0.0103022 -0.00578227 0.99993 0.346753 -0.363959 -0.00519099
FixedParameters: 0 0 0

#Transform 103
Transform: AffineTransform_float_3_3
Parameters: 0.999952 -0.00192425 0.00954371 0.00185274 0.999969 0.00757404 -0.00955828 -0.00755596 0.999926 0.353733 -0.370126 0.0169252
FixedParameters: 0 0 0

#Transform 104
Transform: AffineTransform_float_3_3
Parameters: 0.999918 -0.00285984 0.0124238 0.00278417 0.999978 0.00611709 -0.0124402 -0.00608192 0.999904 0.470705 -0.372839 -0.170816
FixedParameters: 0 0 0

#Transform 105
Transform: AffineTransform_float_3_3
Parameters: 0.999954 -1.28754e-05 0.00953699 1.31234e-05 1 -1.28754e-05 -0.00953699 1.31234e-05 0.999954 0.234262 -0.585881 -0.321077
FixedParameters: 0 0 0

#Transform 106
Transform: AffineTransform_float_3_3
Parameters: 0.999906 0.00141404 0.0136456 -0.00120094 0.999878 -0.0156089 -0.0136664 0.0155902 0.999785 0.143826 -0.878716 -1.58459
FixedParameters: 0 0 0

#Transform 107
Transform: AffineTransform_float_3_3
Parameters: 0.999915 0.00177844 0.0129087 -0.00141954 0.999614 -0.0277247 -0.0129533 0.0277033 0.999533 0.120185 -0.995442 -1.87089
FixedParameters: 0 0 0

#Transform 108
Transform: AffineTransform_float_3_3
Parameters: 0.999924 0.000454514 0.012271 -0.000189487 0.999766 -0.02163 -0.012278 0.021626 0.99969 0.165384 -1.03216 -1.66121
FixedParameters: 0 0 0

#Transform 109
Transform: AffineTransform_float_3_3
Parameters: 0.999943 0.000794457 0.0106527 -0.000552546 0.999744 -0.0226492 -0.0106682 0.0226428 0.999686 0.120287 -1.00763 -1.54546
FixedParameters: 0 0 0

#Transform 110
Transform: AffineTransform_float_3_3
Parameters: 0.999985 0.00192071 0.00526264 -0.00195429 0.999977 0.00651782 -0.00525036 -0.00652819 0.999965 0.0546206 -0.681004 0.000545899
FixedParameters: 0 0 0

#Transform 111
Transform: AffineTransform_float_3_3
Parameters: 0.999976 0.00434485 0.00552436 -0.00443916 0.999843 0.0171459 -0.00544963 -0.0171701 0.999837 0.0317335 -0.508193 0.602249
FixedParameters: 0 0 0

#Transform 112
Transform: AffineTransform_float_3_3
Parameters: 0.999978 0.00412891 0.00522214 -0.00416809 0.999963 0.0074964 -0.00519086 -0.0075176 0.999959 0.00302757 -0.569743 0.179005
FixedParameters: 0 0 0

#Transform 113
Transform: AffineTransform_float_3_3
Parameters: 0.999977 0.00380541 0.00561396 -0.00382359 0.999988 0.00312561 -0.00560204 -0.00314639 0.99998 0.0121786 -0.616643 0.0728242
FixedParameters: 0 0 0

#Transform 114
Transform: AffineTransform_float_3_3
Parameters: 0.99997 0.00382751 0.00676884 -0.00382849 0.999992 0.000207092 -0.00676716 -0.000232908 0.999977 0.0235635 -0.64173 0.000311505
FixedParameters: 0 0 0

#Transform 115
Transform: AffineTransform_float_3_3
Parameters: 0.999971 0.00399469 0.00640057 -0.0039943 0.999992 -0.000121569 -0.00640143 9.5431e-05 0.99998 -0.000847073 -0.654179 0.00272863
FixedParameters: 0 0 0

#Transform 116
Transform: AffineTransform_float_3_3
Parameters: 0.999975 0.00403919 0.00589446 -0.00403382 0.999992 -0.000890801 -0.00589855 0.000867197 0.999982 -0.0164771 -0.630658 -0.0478022
FixedParameters: 0 0 0

#Transform 117
Transform: AffineTransform_float_3_3
Parameters: 0.999972 0.00434653 0.00609949 -0.00434247 0.999991 -0.000591504 -0.00610152 0.000565496 0.999981 -0.0295548 -0.620355 -0.0212518
FixedParameters: 0 0 0

#Transform 118
Transform: AffineTransform_float_3_3
Parameters: 0.999971 0.00443636 0.00628546 -0.00443764 0.99999 8.811e-05 -0.00628455 -0.000115884 0.99998 -0.0378751 -0.605476 -0.029341
FixedParameters: 0 0 0

#Transform 119
Transform: AffineTransform_float_3_3
Parameters: 0.999971 0.00444087 0.00616238 -0.00444013 0.99999 -0.000154366 -0.00616262 0.000126636 0.999981 -0.0264798 -0.619306 0.00725449
FixedParameters: 0 0 0

#Transform 120
Transform: AffineTransform_float_3_3
Parameters: 0.99997 0.00450887 0.00637292 -0.00449614 0.999988 -0.00203171 -0.00638109 0.00200329 0.999977 -0.023992 -0.624104 -0.0381355
FixedParameters: 0 0 0

#Transform 121
Transform: AffineTransform_float_3_3
Parameters: 0.999966 0.00471595 0.0066542 -0.00471205 0.999988 -0.000609375 -0.00665679 0.000577626 0.999977 -0.0342269 -0.621299 0.0241244
FixedParameters: 0 0 0

#Transform 122
Transform: AffineTransform_float_3_3
Parameters: 0.999967 0.00488183 0.00641237 -0.00488117 0.999988 -0.000144305 -0.00641363 0.000113694 0.99998 -0.0390061 -0.635592 0.0447213
FixedParameters: 0 0 0

#Transform 123
Transform: AffineTransform_float_3_3
Parameters: 0.999966 0.00479846 0.00667023 -0.00479554 0.999989 -0.000385 -0.00667177 0.000352998 0.999977 -0.0360308 -0.64604 0.0287173
FixedParameters: 0 0 0

#Transform 124
Transform: AffineTransform_float_3_3
Parameters: 0.999964 0.00498848 0.00676212 -0.00498951 0.999987 0.000207268 -0.00676088 -0.000240735 0.999977 -0.0532708 -0.63719 0.061542
FixedParameters: 0 0 0

#Transform 125
Transform: AffineTransform_float_3_3
Parameters: 0.999964 0.00493954 0.00687046 -0.00493546 0.999987 -0.000531928 -0.00687255 0.000498071 0.999977 -0.0512415 -0.657497 0.0353582
FixedParameters: 0 0 0

#Transform 126
Transform: AffineTransform_float_3_3
Parameters: 0.999964 0.00487183 0.00692223 -0.00487517 0.999988 0.000441269 -0.00691977 -0.000474729 0.999976 -0.0566309 -0.659844 0.0743102
FixedParameters: 0 0 0

#Transform 127
Transform: AffineTransform_float_3_3
Parameters: 0.999965 0.00491192 0.00686249 -0.00490709 0.999987 -0.000732701 -0.00686652 0.000699297 0.999976 -0.053638 -0.698334 0.0265916
FixedParameters: 0 0 0
