# transform file /out/sourcedata/freesurfer/sub-v1s3x0050778_ses-1/mri/transforms/cc_up.lta
# created by oesteban on Tue Mar 10 00:58:57 2026

type      = 0 # LINEAR_VOX_TO_VOX
nxforms   = 1
mean      = 128.0000 126.0000 125.0000
sigma     = 10000.0000
1 4 4
9.999741911888123e-01 -4.613507480826229e-04 7.167757488787174e-03 -2.513934373855591e-01 
4.613389028236270e-04 9.999998807907104e-01 3.306850658191252e-06 2.294035720825195e+01 
-7.167757954448462e-03 0.000000000000000e+00 9.999743103981018e-01 8.923734664916992e+00 
0.000000000000000e+00 0.000000000000000e+00 0.000000000000000e+00 1.000000000000000e+00 
src volume info
valid = 1  # volume info valid
filename = /out/sourcedata/freesurfer/sub-v1s3x0050778_ses-1/mri/norm.mgz
volume = 256 256 256
voxelsize = 1.000000000000000e+00 1.000000000000000e+00 1.000000000000000e+00
xras   = -1.000000000000000e+00 0.000000000000000e+00 0.000000000000000e+00
yras   = 0.000000000000000e+00 0.000000000000000e+00 -1.000000000000000e+00
zras   = 0.000000000000000e+00 1.000000000000000e+00 0.000000000000000e+00
cras   = 1.490043640136719e+00 -1.752861022949219e+01 1.033172607421875e-01
dst volume info
valid = 1  # volume info valid
filename = /out/sourcedata/freesurfer/sub-v1s3x0050778_ses-1/mri/norm.mgz
volume = 256 256 256
voxelsize = 1.000000000000000e+00 1.000000000000000e+00 1.000000000000000e+00
xras   = -1.000000000000000e+00 0.000000000000000e+00 0.000000000000000e+00
yras   = 0.000000000000000e+00 0.000000000000000e+00 -1.000000000000000e+00
zras   = 0.000000000000000e+00 1.000000000000000e+00 0.000000000000000e+00
cras   = 1.490043640136719e+00 -1.752861022949219e+01 1.033172607421875e-01
