#Insight Transform File V1.0
#Transform 0
Transform: AffineTransform_float_3_3
Parameters: 0.999898 -0.0126961 -0.00643185 0.0129788 0.998856 0.0460372 0.00583915 -0.0461158 0.998919 0.144409 0.247905 0.213058
FixedParameters: 0 0 0

#Transform 1
Transform: AffineTransform_float_3_3
Parameters: 0.999894 -0.0131184 -0.00643087 0.0134076 0.998792 0.0472698 0.00580316 -0.0473502 0.998861 0.14524 0.376859 0.261689
FixedParameters: 0 0 0

#Transform 2
Transform: AffineTransform_float_3_3
Parameters: 0.999706 -0.0187738 -0.0153315 0.0194792 0.998694 0.0472212 0.0144255 -0.0475057 0.998767 0.32196 0.226558 0.0840411
FixedParameters: 0 0 0

#Transform 3
Transform: AffineTransform_float_3_3
Parameters: 0.999893 -0.0140914 -0.00397082 0.0142596 0.998843 0.0459303 0.00331916 -0.0459817 0.998937 0.165141 0.208391 0.0948247
FixedParameters: 0 0 0

#Transform 4
Transform: AffineTransform_float_3_3
Parameters: 0.999915 -0.0121148 -0.00480646 0.0123112 0.998993 0.0431385 0.00427853 -0.0431945 0.999058 0.105242 0.147878 0.0206358
FixedParameters: 0 0 0

#Transform 5
Transform: AffineTransform_float_3_3
Parameters: 0.999901 -0.0133803 -0.00451613 0.0135866 0.998689 0.0493415 0.0038499 -0.0493974 0.998772 0.137722 0.236439 0.312739
FixedParameters: 0 0 0

#Transform 6
Transform: AffineTransform_float_3_3
Parameters: 0.999898 -0.0131885 -0.00560654 0.0134455 0.998734 0.0484846 0.00495945 -0.0485544 0.998808 0.132858 0.246908 0.268644
FixedParameters: 0 0 0

#Transform 7
Transform: AffineTransform_float_3_3
Parameters: 0.999894 -0.013742 -0.0049465 0.0139551 0.998845 0.0459749 0.00430952 -0.0460382 0.998931 0.152626 0.309433 0.624074
FixedParameters: 0 0 0

#Transform 8
Transform: AffineTransform_float_3_3
Parameters: 0.999891 -0.0137006 -0.00560568 0.0139464 0.998817 0.0465709 0.00496135 -0.0466441 0.9989 0.13541 0.320416 0.553876
FixedParameters: 0 0 0

#Transform 9
Transform: AffineTransform_float_3_3
Parameters: 0.99989 -0.0135563 -0.00590416 0.0138166 0.998826 0.0464165 0.00526779 -0.0464935 0.998904 0.145387 0.321083 0.475726
FixedParameters: 0 0 0

#Transform 10
Transform: AffineTransform_float_3_3
Parameters: 0.999896 -0.0132224 -0.00586417 0.0134706 0.998914 0.0446057 0.00526785 -0.0446803 0.998988 0.131664 0.319157 0.411548
FixedParameters: 0 0 0

#Transform 11
Transform: AffineTransform_float_3_3
Parameters: 0.999901 -0.0131185 -0.00511087 0.0133325 0.998922 0.0444682 0.00452214 -0.0445327 0.998997 0.128387 0.321527 0.356408
FixedParameters: 0 0 0

#Transform 12
Transform: AffineTransform_float_3_3
Parameters: 0.999921 -0.0120764 -0.00347926 0.0122156 0.998998 0.0430409 0.00295571 -0.0430801 0.999068 0.109383 0.208683 0.26695
FixedParameters: 0 0 0

#Transform 13
Transform: AffineTransform_float_3_3
Parameters: 0.999971 0.00582299 -0.00492119 -0.00588901 0.999892 -0.0135074 0.00484181 0.0135366 0.999896 -0.00687768 -0.430535 -1.56412
FixedParameters: 0 0 0

#Transform 14
Transform: AffineTransform_float_3_3
Parameters: 0.999986 0.00464425 -0.00230506 -0.00466075 0.999963 -0.00731635 0.00227093 0.00732764 0.99997 0.0574563 -0.237637 -0.348655
FixedParameters: 0 0 0

#Transform 15
Transform: AffineTransform_float_3_3
Parameters: 0.999971 0.0068082 -0.00325346 -0.00684679 0.999904 -0.0120661 0.00317054 0.0120879 0.999922 -0.115433 -0.307111 -0.748261
FixedParameters: 0 0 0

#Transform 16
Transform: AffineTransform_float_3_3
Parameters: 0.999551 0.0292263 -0.00658243 -0.0294767 0.998686 -0.0419068 0.00534958 0.0420822 0.9991 -0.202822 -0.586054 -1.28281
FixedParameters: 0 0 0

#Transform 17
Transform: AffineTransform_float_3_3
Parameters: 0.99999 0.00432118 -0.0015559 -0.00432882 0.999978 -0.00505932 0.00153411 0.00506568 0.999986 -0.0387084 -0.114528 -0.136365
FixedParameters: 0 0 0

#Transform 18
Transform: AffineTransform_float_3_3
Parameters: 1 0.000107663 -0.000390818 -0.000107339 0.999998 0.00169504 0.000390182 -0.00169496 0.999998 -0.00652989 0.000933611 0.0990151
FixedParameters: 0 0 0

#Transform 19
Transform: AffineTransform_float_3_3
Parameters: 0.999999 0.000918249 -0.000517121 -0.00092075 0.999994 -0.00339553 0.000513877 0.00339547 0.999994 -0.01948 -0.0724416 -0.125763
FixedParameters: 0 0 0

#Transform 20
Transform: AffineTransform_float_3_3
Parameters: 1 0.000345955 -8.11913e-05 -0.000346045 1 -0.000552972 8.08086e-05 0.000553028 1 -0.0125173 -0.00733863 -0.00811447
FixedParameters: 0 0 0

#Transform 21
Transform: AffineTransform_float_3_3
Parameters: 1 0.000239985 0.00036901 -0.000240015 1 3.99114e-05 -0.00036899 -4.00886e-05 1 -0.014461 -0.0210838 -0.0324712
FixedParameters: 0 0 0

#Transform 22
Transform: AffineTransform_float_3_3
Parameters: 1 -0.000112866 -0.00012612 0.000113134 1 0.00106399 0.00012588 -0.00106402 1 -0.00907564 -0.0174696 0.0225702
FixedParameters: 0 0 0

#Transform 23
Transform: AffineTransform_float_3_3
Parameters: 1 -0.000113192 0.000259916 0.000112808 0.999999 0.000740029 -0.000260083 -0.00073997 0.999999 -0.0212984 -0.00441973 0.0303348
FixedParameters: 0 0 0

#Transform 24
Transform: AffineTransform_float_3_3
Parameters: 1 -0.000441433 0.000359468 0.000440567 0.999999 0.00120516 -0.000359531 -0.00120484 0.999999 -0.0195835 -0.00279385 0.0205684
FixedParameters: 0 0 0

#Transform 25
Transform: AffineTransform_float_3_3
Parameters: 0.999999 -0.000403073 0.000626311 0.000401927 0.999999 0.00171125 -0.000627689 -0.00171175 0.999999 -0.0224271 -0.0125295 0.00508965
FixedParameters: 0 0 0

#Transform 26
Transform: AffineTransform_float_3_3
Parameters: 0.999999 -0.000293984 0.000749615 0.000293016 0.999999 0.00131222 -0.000750385 -0.00131278 0.999999 -0.0318439 -0.00519248 0.00240618
FixedParameters: 0 0 0

#Transform 27
Transform: AffineTransform_float_3_3
Parameters: 0.999999 -0.000889967 0.000939141 0.000888035 0.999998 0.00209184 -0.00094086 -0.00209117 0.999998 -0.00982663 -0.0128365 0.0260894
FixedParameters: 0 0 0

#Transform 28
Transform: AffineTransform_float_3_3
Parameters: 1 -0.00104783 0.000316255 0.00104717 0.999996 0.00262133 -0.000318747 -0.00262167 0.999996 -0.00506014 -0.0411869 0.0161111
FixedParameters: 0 0 0

#Transform 29
Transform: AffineTransform_float_3_3
Parameters: 0.999999 -0.00058788 0.0011 0.000586121 0.999999 0.00170765 -0.001101 -0.00170735 0.999998 -0.0248622 -0.0697112 0.000646019
FixedParameters: 0 0 0

#Transform 30
Transform: AffineTransform_float_3_3
Parameters: 0.999999 -0.000818228 0.000576259 0.000817772 0.999998 0.00212847 -0.000577741 -0.00212753 0.999997 -0.0285227 -0.04916 0.0175285
FixedParameters: 0 0 0

#Transform 31
Transform: AffineTransform_float_3_3
Parameters: 1 -0.0010833 0.000522315 0.0010827 0.999997 0.00248057 -0.000525688 -0.00248043 0.999997 -0.0263106 -0.0309126 0.0427769
FixedParameters: 0 0 0

#Transform 32
Transform: AffineTransform_float_3_3
Parameters: 0.999999 -0.0011926 0.000642044 0.0011914 0.999996 0.00248077 -0.000644957 -0.00248023 0.999996 -0.0262511 -0.031033 0.0675332
FixedParameters: 0 0 0

#Transform 33
Transform: AffineTransform_float_3_3
Parameters: 0.999999 -0.00115498 0.000797137 0.00115302 0.999997 0.00248092 -0.000799862 -0.00248008 0.999996 -0.0223527 -0.0310158 0.0393232
FixedParameters: 0 0 0

#Transform 34
Transform: AffineTransform_float_3_3
Parameters: 0.999999 -0.00144856 0.00057407 0.00144744 0.999996 0.00271484 -0.000577931 -0.00271417 0.999996 -0.0240195 -0.0405672 0.0609655
FixedParameters: 0 0 0

#Transform 35
Transform: AffineTransform_float_3_3
Parameters: 0.999998 -0.00147836 0.000775526 0.00147665 0.999995 0.00302915 -0.000779475 -0.00302785 0.999995 -0.0196987 -0.0344966 0.0639226
FixedParameters: 0 0 0

#Transform 36
Transform: AffineTransform_float_3_3
Parameters: 0.999999 -0.00137451 0.000574393 0.00137349 0.999995 0.00262579 -0.000577607 -0.00262421 0.999997 -0.0246032 -0.0124566 0.0400711
FixedParameters: 0 0 0

#Transform 37
Transform: AffineTransform_float_3_3
Parameters: 0.999998 -0.00155561 0.000573661 0.00155439 0.999995 0.0027909 -0.00057734 -0.00279011 0.999996 -0.0202746 -0.0153669 0.0598986
FixedParameters: 0 0 0

#Transform 38
Transform: AffineTransform_float_3_3
Parameters: 0.999999 -0.00128742 0.000864405 0.00128458 0.999996 0.00279511 -0.000868593 -0.00279389 0.999995 -0.0268898 -0.008557 0.0590547
FixedParameters: 0 0 0

#Transform 39
Transform: AffineTransform_float_3_3
Parameters: 0.999999 -0.0010837 0.000574807 0.0010823 0.999995 0.00294963 -0.000577195 -0.00294938 0.999996 -0.01952 -0.0185668 0.0370514
FixedParameters: 0 0 0

#Transform 40
Transform: AffineTransform_float_3_3
Parameters: 0.999999 -0.00108369 0.00057482 0.00108231 0.999995 0.00293662 -0.00057718 -0.00293538 0.999995 -0.0200174 -0.0237526 0.0422561
FixedParameters: 0 0 0

#Transform 41
Transform: AffineTransform_float_3_3
Parameters: 0.999998 -0.00150617 0.000671148 0.00150383 0.999993 0.00322401 -0.000675851 -0.00322298 0.999994 -0.0241932 -0.0286121 0.0238888
FixedParameters: 0 0 0

#Transform 42
Transform: AffineTransform_float_3_3
Parameters: 0.999999 -0.00124427 0.00064866 0.00124173 0.999993 0.00349181 -0.000653339 -0.00349119 0.999993 -0.0258955 -0.0415536 0.0236085
FixedParameters: 0 0 0

#Transform 43
Transform: AffineTransform_float_3_3
Parameters: 0.999999 -0.00153716 0.000989106 0.00153484 0.999993 0.00318852 -0.000993898 -0.00318648 0.999995 -0.02915 -0.0151407 0.0710107
FixedParameters: 0 0 0

#Transform 44
Transform: AffineTransform_float_3_3
Parameters: 0.999999 -0.000935581 0.000185085 0.000934415 0.999994 0.00311717 -0.000188914 -0.00311782 0.999995 -0.0428303 -0.0317581 0.0458451
FixedParameters: 0 0 0

#Transform 45
Transform: AffineTransform_float_3_3
Parameters: 0.999463 0.0327075 -0.00159999 -0.0327424 0.997306 -0.0656328 -0.000551 0.0656491 0.997842 -0.414945 -0.696265 -1.62943
FixedParameters: 0 0 0

#Transform 46
Transform: AffineTransform_float_3_3
Parameters: 0.999932 0.0109695 0.0039562 -0.0108235 0.999317 -0.0353252 -0.00434083 0.0352808 0.999368 -0.072789 -0.324961 -0.572005
FixedParameters: 0 0 0

#Transform 47
Transform: AffineTransform_float_3_3
Parameters: 0.999999 -0.00137811 0.000274506 0.00137689 0.999991 0.00398838 -0.000280493 -0.00398762 0.999992 -0.0940478 0.00413401 0.146726
FixedParameters: 0 0 0

#Transform 48
Transform: AffineTransform_float_3_3
Parameters: 0.999997 -0.00143747 0.00194565 0.00143652 0.999999 0.000245796 -0.00194535 -0.000242204 0.999998 -0.0697101 0.000893696 0.050048
FixedParameters: 0 0 0

#Transform 49
Transform: AffineTransform_float_3_3
Parameters: 0.999995 -0.00184562 0.00247753 0.00184438 0.999999 0.000254571 -0.00247846 -0.000249427 0.999997 -0.0678874 0.00901722 0.0638833
FixedParameters: 0 0 0

#Transform 50
Transform: AffineTransform_float_3_3
Parameters: 0.999997 -0.00163657 0.00194468 0.00163443 0.999999 0.000807181 -0.00194532 -0.000803819 0.999998 -0.0620198 -0.0256299 0.0504113
FixedParameters: 0 0 0

#Transform 51
Transform: AffineTransform_float_3_3
Parameters: 0.999997 -0.00183761 0.00194354 0.00183539 0.999998 0.00134457 -0.00194547 -0.00134143 0.999997 -0.0548203 -0.0232455 0.0786567
FixedParameters: 0 0 0

#Transform 52
Transform: AffineTransform_float_3_3
Parameters: 0.999993 -0.00298642 0.00228163 0.00297958 0.999991 0.00281082 -0.00228938 -0.00280418 0.999994 -0.0207652 -0.024759 0.0711077
FixedParameters: 0 0 0

#Transform 53
Transform: AffineTransform_float_3_3
Parameters: 0.999989 -0.00432887 0.00215328 0.00431914 0.999981 0.00456536 -0.00217272 -0.00455565 0.999988 0.00445643 0.00113238 0.26561
FixedParameters: 0 0 0

#Transform 54
Transform: AffineTransform_float_3_3
Parameters: 0.999991 -0.00365299 0.00188041 0.00364701 0.999989 0.00317889 -0.00189159 -0.00317212 0.999993 0.000647864 0.0297434 0.194472
FixedParameters: 0 0 0

#Transform 55
Transform: AffineTransform_float_3_3
Parameters: 0.999992 -0.00324824 0.00228834 0.00323975 0.999989 0.00359744 -0.00230066 -0.00358956 0.999991 -0.0139319 -0.00893091 0.190735
FixedParameters: 0 0 0

#Transform 56
Transform: AffineTransform_float_3_3
Parameters: 0.999982 -0.00460853 0.00378796 0.00458648 0.999974 0.00567148 -0.00381403 -0.00565352 0.999976 0.00578287 -0.0885206 0.105552
FixedParameters: 0 0 0

#Transform 57
Transform: AffineTransform_float_3_3
Parameters: 0.999995 -0.00095436 0.00282519 0.000945641 0.999995 0.00295868 -0.00282781 -0.00295631 0.999991 -0.0830208 -0.014504 0.150306
FixedParameters: 0 0 0

#Transform 58
Transform: AffineTransform_float_3_3
Parameters: 1 -0.000155162 0.000178731 0.000155839 0.999989 -0.00469797 -0.00017827 0.00469803 0.999989 -0.0755725 -0.0124133 -0.062531
FixedParameters: 0 0 0

#Transform 59
Transform: AffineTransform_float_3_3
Parameters: 0.999996 -0.00243814 0.00187753 0.00243687 0.999997 0.000606578 -0.00187847 -0.000602423 0.999998 -0.0308247 0.0366 0.172935
FixedParameters: 0 0 0

#Transform 60
Transform: AffineTransform_float_3_3
Parameters: 0.99999 -0.00370331 0.0022118 0.00369869 0.999992 0.0019482 -0.00221919 -0.0019398 0.999995 -0.00821504 0.0433372 0.163237
FixedParameters: 0 0 0

#Transform 61
Transform: AffineTransform_float_3_3
Parameters: 0.999989 -0.0038446 0.00290328 0.0038374 0.99999 0.00227517 -0.00291172 -0.00226383 0.999993 0.0138164 0.0168792 0.166466
FixedParameters: 0 0 0

#Transform 62
Transform: AffineTransform_float_3_3
Parameters: 0.999992 -0.00326431 0.00236733 0.00325869 0.999991 0.00266274 -0.00237567 -0.00265527 0.999993 -0.0204315 0.0235837 0.186444
FixedParameters: 0 0 0

#Transform 63
Transform: AffineTransform_float_3_3
Parameters: 0.99999 -0.00288742 0.00339717 0.00287658 0.999991 0.0030688 -0.00340583 -0.0030592 0.99999 -0.00460778 0.0106648 0.17738
FixedParameters: 0 0 0

#Transform 64
Transform: AffineTransform_float_3_3
Parameters: 0.99998 -0.00296074 0.00562413 0.00293925 0.999989 0.00369361 -0.00563487 -0.00367639 0.999978 -0.00756272 0.0230918 0.157996
FixedParameters: 0 0 0

#Transform 65
Transform: AffineTransform_float_3_3
Parameters: 0.999983 -0.00283848 0.00522454 0.00282053 0.999991 0.0033498 -0.00523346 -0.0033352 0.99998 -0.00846932 0.00669792 0.16575
FixedParameters: 0 0 0

#Transform 66
Transform: AffineTransform_float_3_3
Parameters: 0.999985 -0.00301284 0.0044353 0.00300016 0.999992 0.00289935 -0.00444369 -0.00288565 0.999986 -0.0145986 0.0143003 0.148947
FixedParameters: 0 0 0

#Transform 67
Transform: AffineTransform_float_3_3
Parameters: 0.999988 -0.00276142 0.00402683 0.00274758 0.99999 0.0033351 -0.00403617 -0.00332389 0.999987 -0.0138035 0.00184209 0.144638
FixedParameters: 0 0 0

#Transform 68
Transform: AffineTransform_float_3_3
Parameters: 0.999987 -0.00341294 0.003905 0.00339806 0.999987 0.00382532 -0.00391801 -0.00381168 0.999985 -0.00256876 0.000107557 0.154855
FixedParameters: 0 0 0

#Transform 69
Transform: AffineTransform_float_3_3
Parameters: 0.999986 -0.00285036 0.00443353 0.00283465 0.999989 0.00369062 -0.00444348 -0.00367839 0.999984 -0.0220601 0.0099245 0.171635
FixedParameters: 0 0 0

#Transform 70
Transform: AffineTransform_float_3_3
Parameters: 0.999986 -0.00285084 0.00456854 0.00283417 0.999989 0.003688 -0.00457847 -0.003675 0.999983 -0.0169934 0.00992315 0.189246
FixedParameters: 0 0 0

#Transform 71
Transform: AffineTransform_float_3_3
Parameters: 0.999986 -0.00284975 0.00432666 0.00283424 0.99999 0.00364331 -0.00433733 -0.00363069 0.999984 -0.0197536 0.00776694 0.219488
FixedParameters: 0 0 0

#Transform 72
Transform: AffineTransform_float_3_3
Parameters: 0.999987 -0.00285182 0.00428319 0.00283418 0.999988 0.0041602 -0.00429481 -0.00414781 0.999982 -0.0179052 0.00724565 0.22672
FixedParameters: 0 0 0

#Transform 73
Transform: AffineTransform_float_3_3
Parameters: 0.999997 0.00106727 0.00246019 -0.00106973 0.999999 0.00110737 -0.00245982 -0.00110963 0.999997 -0.158393 -0.0419477 0.122904
FixedParameters: 0 0 0

#Transform 74
Transform: AffineTransform_float_3_3
Parameters: 0.999994 0.00162626 0.00328337 -0.00162774 0.999998 0.000222657 -0.00328263 -0.00022834 0.999994 -0.105888 -0.0715809 0.12719
FixedParameters: 0 0 0

#Transform 75
Transform: AffineTransform_float_3_3
Parameters: 0.999994 0.00116267 0.00307375 -0.00116233 1 -0.000218574 -0.00307425 0.000215427 0.999996 -0.0991235 -0.0730533 0.0986975
FixedParameters: 0 0 0

#Transform 76
Transform: AffineTransform_float_3_3
Parameters: 0.999996 8.18582e-05 0.0030172 -8.91461e-05 0.999997 0.00236774 -0.0030178 -0.00236726 0.999992 -0.0831254 0.014775 0.213803
FixedParameters: 0 0 0

#Transform 77
Transform: AffineTransform_float_3_3
Parameters: 0.999995 9.34699e-05 0.00335425 -0.000101534 0.999997 0.00254367 -0.00335475 -0.00254333 0.999991 -0.0675175 -0.012493 0.174528
FixedParameters: 0 0 0

#Transform 78
Transform: AffineTransform_float_3_3
Parameters: 0.999995 -6.57368e-05 0.00337383 5.52654e-05 0.999996 0.0028852 -0.00337418 -0.00288579 0.99999 -0.0665018 -0.0206726 0.171406
FixedParameters: 0 0 0

#Transform 79
Transform: AffineTransform_float_3_3
Parameters: 0.999993 -0.000317542 0.00355699 0.000305457 0.999994 0.00324511 -0.00355801 -0.00324389 0.999989 -0.0658056 -0.0255531 0.181713
FixedParameters: 0 0 0

#Transform 80
Transform: AffineTransform_float_3_3
Parameters: 0.999993 -0.000903658 0.00364489 0.000891344 0.999993 0.00347227 -0.00364812 -0.00346973 0.999988 -0.0545479 -0.0278232 0.175673
FixedParameters: 0 0 0

#Transform 81
Transform: AffineTransform_float_3_3
Parameters: 0.999992 -0.000734382 0.00393835 0.000719616 0.999993 0.00365187 -0.00394166 -0.00364914 0.999986 -0.0652095 -0.0328057 0.158027
FixedParameters: 0 0 0

#Transform 82
Transform: AffineTransform_float_3_3
Parameters: 0.999992 -0.00083805 0.00375911 0.000824948 0.999993 0.00347213 -0.00376188 -0.00346887 0.999987 -0.0711132 -0.0445161 0.15662
FixedParameters: 0 0 0

#Transform 83
Transform: AffineTransform_float_3_3
Parameters: 0.999989 -0.00212766 0.00418758 0.00211333 0.999991 0.00350289 -0.00419542 -0.00349411 0.999985 -0.0456482 -0.030436 0.194449
FixedParameters: 0 0 0

#Transform 84
Transform: AffineTransform_float_3_3
Parameters: 0.999991 -0.00139387 0.00386202 0.00138013 0.999992 0.00359236 -0.00386698 -0.00358664 0.999986 -0.0600602 -0.0333843 0.19554
FixedParameters: 0 0 0

#Transform 85
Transform: AffineTransform_float_3_3
Parameters: 0.999993 -0.00129436 0.0034604 0.00128163 0.999993 0.00357346 -0.0034656 -0.00356854 0.999987 -0.0583671 -0.0355754 0.175843
FixedParameters: 0 0 0

#Transform 86
Transform: AffineTransform_float_3_3
Parameters: 0.999991 -0.00170139 0.0039464 0.00168661 0.999991 0.00389969 -0.0039526 -0.00389231 0.999984 -0.0584583 -0.0292542 0.178729
FixedParameters: 0 0 0

#Transform 87
Transform: AffineTransform_float_3_3
Parameters: 0.99999 -0.00203324 0.00397322 0.00201576 0.999988 0.00433905 -0.00398177 -0.00433094 0.999982 -0.0656338 -0.0398385 0.212229
FixedParameters: 0 0 0

#Transform 88
Transform: AffineTransform_float_3_3
Parameters: 0.999992 -0.000128288 0.00412318 0.000134713 0.999999 -0.00138546 -0.00412282 0.00138554 0.99999 -0.0861894 -0.056753 0.128003
FixedParameters: 0 0 0

#Transform 89
Transform: AffineTransform_float_3_3
Parameters: 0.999988 -0.000954424 0.00477612 0.000944574 0.999997 0.00197553 -0.00477787 -0.00197046 0.999986 -0.0747771 -0.0609044 0.220539
FixedParameters: 0 0 0

#Transform 90
Transform: AffineTransform_float_3_3
Parameters: 0.99999 -0.00180166 0.004261 0.00178534 0.999991 0.00391065 -0.00426801 -0.00390335 0.999984 -0.0557744 0.00738716 0.359817
FixedParameters: 0 0 0

#Transform 91
Transform: AffineTransform_float_3_3
Parameters: 0.999989 -0.00146276 0.00455729 0.00144824 0.999993 0.00323964 -0.00456172 -0.00323336 0.999985 -0.0601404 -0.00412273 0.311243
FixedParameters: 0 0 0

#Transform 92
Transform: AffineTransform_float_3_3
Parameters: 0.999992 -0.000112599 0.00400752 9.44014e-05 0.999989 0.00464142 -0.00400748 -0.00464059 0.999981 -0.120521 -0.0179239 0.258734
FixedParameters: 0 0 0

#Transform 93
Transform: AffineTransform_float_3_3
Parameters: 0.999994 -0.00134759 0.0031912 0.00131141 0.999937 0.0111293 -0.00320579 -0.0111247 0.999933 -0.0952099 -0.0716959 0.37093
FixedParameters: 0 0 0

#Transform 94
Transform: AffineTransform_float_3_3
Parameters: 0.999995 -0.001074 0.00294235 0.00105 0.999967 0.00814713 -0.00295065 -0.00814387 0.999962 -0.101672 -0.0318692 0.30232
FixedParameters: 0 0 0

#Transform 95
Transform: AffineTransform_float_3_3
Parameters: 0.999988 -0.00280089 0.00405685 0.00277012 0.999968 0.00759833 -0.00407815 -0.00758767 0.999963 -0.0475069 -0.065629 0.249322
FixedParameters: 0 0 0

#Transform 96
Transform: AffineTransform_float_3_3
Parameters: 0.999952 -0.00960784 -0.00180277 0.00964015 0.999778 0.0187725 0.00162124 -0.0187885 0.999822 0.0861213 -0.193071 -0.0655235
FixedParameters: 0 0 0

#Transform 97
Transform: AffineTransform_float_3_3
Parameters: 0.999927 -0.0115547 -0.0035144 0.0116693 0.999338 0.0344515 0.00311358 -0.0344905 0.9994 0.108393 0.0334187 0.584932
FixedParameters: 0 0 0

#Transform 98
Transform: AffineTransform_float_3_3
Parameters: 0.999944 -0.0101357 -0.00311435 0.0102212 0.999536 0.0287008 0.00282165 -0.0287302 0.999583 0.0945949 -0.0104133 0.309152
FixedParameters: 0 0 0

#Transform 99
Transform: AffineTransform_float_3_3
Parameters: 0.999955 -0.00856883 -0.00390394 0.00869817 0.999372 0.0343676 0.00360704 -0.0344004 0.999401 0.0239652 -0.260805 -0.387697
FixedParameters: 0 0 0

#Transform 100
Transform: AffineTransform_float_3_3
Parameters: 0.999973 -0.00740731 -0.000438498 0.00741369 0.999811 0.0180112 0.000304509 -0.0180138 0.999837 0.00281395 -0.176655 -0.893321
FixedParameters: 0 0 0

#Transform 101
Transform: AffineTransform_float_3_3
Parameters: 0.999969 -0.00555825 0.00557101 0.00560275 0.999952 -0.00804904 -0.005526 0.00807997 0.999952 -0.190831 -0.327637 -0.929386
FixedParameters: 0 0 0

#Transform 102
Transform: AffineTransform_float_3_3
Parameters: 0.99997 -0.00761656 0.00133332 0.00751946 0.998039 0.0621399 -0.00180371 -0.0621281 0.998066 -0.0325221 0.143702 1.32005
FixedParameters: 0 0 0

#Transform 103
Transform: AffineTransform_float_3_3
Parameters: 0.999965 -0.00805024 0.00206182 0.00794875 0.99895 0.0451349 -0.00242317 -0.0451171 0.998979 -0.0264895 0.0845179 0.681077
FixedParameters: 0 0 0

#Transform 104
Transform: AffineTransform_float_3_3
Parameters: 0.999967 -0.00782484 0.00184301 0.00774516 0.999172 0.0399396 -0.002154 -0.0399245 0.999201 -0.0149249 0.0603045 0.561062
FixedParameters: 0 0 0

#Transform 105
Transform: AffineTransform_float_3_3
Parameters: 0.999961 -0.00876634 0.000817569 0.00872368 0.99907 0.0422287 -0.00118642 -0.0422202 0.999107 0.00332362 0.016828 0.397454
FixedParameters: 0 0 0

#Transform 106
Transform: AffineTransform_float_3_3
Parameters: 0.999959 -0.00895487 0.000844608 0.0089131 0.999128 0.0407742 -0.00120939 -0.0407648 0.999168 -0.0180436 0.00642642 0.379764
FixedParameters: 0 0 0

#Transform 107
Transform: AffineTransform_float_3_3
Parameters: 0.999967 -0.00804424 0.000142686 0.00803575 0.999411 0.0333652 -0.000411337 -0.0333628 0.999443 -0.010083 -0.0869866 0.221579
FixedParameters: 0 0 0

#Transform 108
Transform: AffineTransform_float_3_3
Parameters: 0.999966 -0.00824891 3.33394e-05 0.0082431 0.999387 0.0340264 -0.000313668 -0.0340256 0.999421 0.0303866 0.102627 0.541326
FixedParameters: 0 0 0

#Transform 109
Transform: AffineTransform_float_3_3
Parameters: 0.999968 -0.00800382 0.000986428 0.00796721 0.999452 0.0321239 -0.00124255 -0.0321151 0.999484 -0.0111265 0.00286054 0.359415
FixedParameters: 0 0 0

#Transform 110
Transform: AffineTransform_float_3_3
Parameters: 0.999963 -0.00849183 0.00139107 0.00844218 0.999434 0.032586 -0.00166693 -0.0325731 0.999468 0.00294346 0.0194931 0.282961
FixedParameters: 0 0 0

#Transform 111
Transform: AffineTransform_float_3_3
Parameters: 0.999964 -0.00842365 0.000982666 0.00838737 0.999456 0.0319184 -0.00125031 -0.0319086 0.99949 -0.00782874 0.0111588 0.248842
FixedParameters: 0 0 0

#Transform 112
Transform: AffineTransform_float_3_3
Parameters: 0.999963 -0.00856682 0.00138617 0.00851818 0.99945 0.032053 -0.00165984 -0.03204 0.999485 -0.00949968 0.00624467 0.25189
FixedParameters: 0 0 0

#Transform 113
Transform: AffineTransform_float_3_3
Parameters: 0.999963 -0.00848869 0.00131015 0.00844232 0.999464 0.0316362 -0.00157783 -0.0316248 0.999498 -0.00348636 0.029836 0.258321
FixedParameters: 0 0 0

#Transform 114
Transform: AffineTransform_float_3_3
Parameters: 0.999962 -0.00859027 0.00146479 0.00853973 0.99947 0.0314297 -0.0017342 -0.0314153 0.999505 -0.00869579 0.025769 0.320483
FixedParameters: 0 0 0

#Transform 115
Transform: AffineTransform_float_3_3
Parameters: 0.999959 -0.0089109 0.00155994 0.0088601 0.999509 0.030056 -0.00182706 -0.0300409 0.999547 -0.00116254 -0.0385371 0.258735
FixedParameters: 0 0 0

#Transform 116
Transform: AffineTransform_float_3_3
Parameters: 0.99996 -0.00883702 0.00154759 0.00878599 0.999501 0.0303478 -0.00181441 -0.0303332 0.999538 -0.00177203 -0.0446084 0.275827
FixedParameters: 0 0 0

#Transform 117
Transform: AffineTransform_float_3_3
Parameters: 0.99996 -0.00873813 0.00192603 0.00867687 0.99952 0.0297429 -0.00218496 -0.0297241 0.999555 -0.00500611 -0.0170427 0.28405
FixedParameters: 0 0 0

#Transform 118
Transform: AffineTransform_float_3_3
Parameters: 0.999961 -0.00871466 0.00157665 0.00866436 0.999538 0.0291558 -0.00182934 -0.0291412 0.999573 -0.0109197 -0.04197 0.190812
FixedParameters: 0 0 0

#Transform 119
Transform: AffineTransform_float_3_3
Parameters: 0.999958 -0.00915782 0.000417445 0.00914217 0.999544 0.0288 -0.00068156 -0.028795 0.999585 0.00654065 -0.00202382 0.236459
FixedParameters: 0 0 0

#Transform 120
Transform: AffineTransform_float_3_3
Parameters: 0.999995 -0.00210321 -0.00204572 0.00214378 0.999804 0.0196477 0.00200326 -0.0196523 0.999805 -0.224814 -0.160568 -0.0694956
FixedParameters: 0 0 0

#Transform 121
Transform: AffineTransform_float_3_3
Parameters: 0.999999 -0.00142701 0.00111861 0.00141799 0.999967 0.0080106 -0.0011304 -0.0080094 0.999968 -0.180526 -0.128351 0.026953
FixedParameters: 0 0 0

#Transform 122
Transform: AffineTransform_float_3_3
Parameters: 0.999992 -0.00394514 0.00034225 0.00394085 0.999928 0.0113494 -0.000387751 -0.0113486 0.999935 -0.101126 -0.0460432 -0.173171
FixedParameters: 0 0 0

#Transform 123
Transform: AffineTransform_float_3_3
Parameters: 0.999987 -0.00493723 0.00127335 0.00492278 0.99992 0.0116974 -0.00133066 -0.0116916 0.999931 -0.0587545 -0.0190318 -0.0238815
FixedParameters: 0 0 0

#Transform 124
Transform: AffineTransform_float_3_3
Parameters: 0.999985 -0.00526517 0.00138952 0.00524784 0.999914 0.0120805 -0.00145248 -0.0120725 0.999926 -0.0518109 -0.0398208 -0.0592543
FixedParameters: 0 0 0

#Transform 125
Transform: AffineTransform_float_3_3
Parameters: 0.999983 -0.00570445 0.00137027 0.00568654 0.999906 0.012422 -0.00144073 -0.012414 0.999922 -0.0514257 -0.0526606 -0.0285557
FixedParameters: 0 0 0

#Transform 126
Transform: AffineTransform_float_3_3
Parameters: 0.99998 -0.00633287 0.000955296 0.00632014 0.999896 0.0129173 -0.00103671 -0.0129107 0.999916 -0.0293924 -0.0686887 -0.0252711
FixedParameters: 0 0 0

#Transform 127
Transform: AffineTransform_float_3_3
Parameters: 0.999981 -0.00601604 0.00144027 0.00598996 0.99983 0.017449 -0.00154473 -0.01744 0.999846 -0.0211799 -0.0457478 0.0278345
FixedParameters: 0 0 0
