#Insight Transform File V1.0
#Transform 0
Transform: AffineTransform_float_3_3
Parameters: 0.999994 -0.00196608 0.002671 0.00196192 0.999997 0.00152925 -0.002674 -0.00152375 0.999996 0.0931736 -0.0807277 -0.0148917
FixedParameters: 0 0 0

#Transform 1
Transform: AffineTransform_float_3_3
Parameters: 0.999997 -0.00147756 0.00224832 0.00147544 0.999999 0.00114132 -0.00224968 -0.00113768 0.999997 0.0770553 -0.0562616 -0.0195024
FixedParameters: 0 0 0

#Transform 2
Transform: AffineTransform_float_3_3
Parameters: 0.999996 -0.00168628 0.00199808 0.00168472 0.999998 0.00114137 -0.00199992 -0.00113763 0.999998 0.0996896 -0.0710058 0.0253348
FixedParameters: 0 0 0

#Transform 3
Transform: AffineTransform_float_3_3
Parameters: 0.999996 -0.0016919 0.00253507 0.00169211 0.999998 -3.97105e-05 -0.00253493 4.3289e-05 0.999997 0.0887167 -0.052799 -0.0369998
FixedParameters: 0 0 0

#Transform 4
Transform: AffineTransform_float_3_3
Parameters: 0.999998 -0.000883815 0.0020628 0.000881187 0.999998 0.00136482 -0.0020632 -0.00136318 0.999997 0.056802 -0.0604382 0.0355685
FixedParameters: 0 0 0

#Transform 5
Transform: AffineTransform_float_3_3
Parameters: 0.999998 -0.000795516 0.00153521 0.000794482 0.999999 0.000988222 -0.00153678 -0.000986779 0.999999 0.0411602 -0.0500429 0.059773
FixedParameters: 0 0 0

#Transform 6
Transform: AffineTransform_float_3_3
Parameters: 0.999997 -0.00117531 0.00225084 0.00117569 1 0.000137647 -0.00225116 -0.000134355 0.999998 0.0523076 -0.0648358 0.0118196
FixedParameters: 0 0 0

#Transform 7
Transform: AffineTransform_float_3_3
Parameters: 0.999999 -0.00090176 0.00159701 0.00090024 0.999999 0.00110244 -0.00159799 -0.00110056 0.999998 0.0504788 -0.0405778 0.0571482
FixedParameters: 0 0 0

#Transform 8
Transform: AffineTransform_float_3_3
Parameters: 0.999998 -0.000842141 0.00174045 0.000840859 1 0.000656465 -0.00174055 -0.000654536 0.999999 0.0411219 -0.0370174 0.0479791
FixedParameters: 0 0 0

#Transform 9
Transform: AffineTransform_float_3_3
Parameters: 0.999999 -0.000332251 0.00122593 0.000332748 1 0.000205408 -0.00122607 -0.000204593 0.999999 0.0132811 -0.0184288 -0.0060525
FixedParameters: 0 0 0

#Transform 10
Transform: AffineTransform_float_3_3
Parameters: 1 -0.000286003 0.000236996 0.000285997 1 1.40678e-05 -0.000237004 -1.39322e-05 1 0.0154569 0.00781552 -0.0543209
FixedParameters: 0 0 0

#Transform 11
Transform: AffineTransform_float_3_3
Parameters: 0.999999 -0.00022249 0.000689841 0.000221509 0.999999 0.000711152 -0.000690157 -0.000710846 0.999999 0.0189051 -0.00676876 0.0570497
FixedParameters: 0 0 0

#Transform 12
Transform: AffineTransform_float_3_3
Parameters: 1 -0.000310118 0.000545933 0.000309882 1 0.000216169 -0.000546067 -0.000215831 1 0.0113015 0.0112147 0.0175171
FixedParameters: 0 0 0

#Transform 13
Transform: AffineTransform_float_3_3
Parameters: 1 -0.000358135 0.000362866 0.000357864 1 0.00037313 -0.000363133 -0.00037287 1 0.0031921 0.0228452 0.013357
FixedParameters: 0 0 0

#Transform 14
Transform: AffineTransform_float_3_3
Parameters: 1 -0.00031899 0.00015102 0.00031901 1 -6.39518e-05 -0.00015098 6.40482e-05 1 0.0151203 -0.0263044 0.00449153
FixedParameters: 0 0 0

#Transform 15
Transform: AffineTransform_float_3_3
Parameters: 1 -0.000141989 0.000169009 0.000142011 1 -6.3976e-05 -0.000168991 6.4024e-05 1 0.00312981 0.0142335 -0.0394674
FixedParameters: 0 0 0

#Transform 16
Transform: AffineTransform_float_3_3
Parameters: 1 0.000109978 -0.000336007 -0.000110021 1 -6.3963e-05 0.000335993 6.4037e-05 1 0.00468496 -0.000237335 -0.00148173
FixedParameters: 0 0 0

#Transform 17
Transform: AffineTransform_float_3_3
Parameters: 1 -0.000261021 -0.000335983 0.000260978 1 -6.40877e-05 0.000336017 6.39123e-05 1 0.0364048 -0.00597482 0.0649866
FixedParameters: 0 0 0

#Transform 18
Transform: AffineTransform_float_3_3
Parameters: 1 -0.000260808 0.000405123 0.000261191 1 -0.000472894 -0.000404876 0.000473105 1 0.0155175 0.00238025 -0.041354
FixedParameters: 0 0 0

#Transform 19
Transform: AffineTransform_float_3_3
Parameters: 1 0.000197925 0.000358042 -0.000198075 1 0.000209929 -0.000357958 -0.000210071 1 -0.0215993 0.0055339 -0.0747239
FixedParameters: 0 0 0

#Transform 20
Transform: AffineTransform_float_3_3
Parameters: 1 0.000129889 0.000177081 -0.000130111 1 0.000624977 -0.000176919 -0.000625023 1 -0.00408713 0.0205777 0.0101567
FixedParameters: 0 0 0

#Transform 21
Transform: AffineTransform_float_3_3
Parameters: 1 0.000151829 0.00064804 -0.000152171 1 0.000263901 -0.00064796 -0.000264098 1 -0.0137363 0.00712329 0.00737735
FixedParameters: 0 0 0

#Transform 22
Transform: AffineTransform_float_3_3
Parameters: 1 0.000442872 0.00051311 -0.000443128 1 0.000248773 -0.000512889 -0.000249227 1 -0.00667328 0.0134441 -0.0536206
FixedParameters: 0 0 0

#Transform 23
Transform: AffineTransform_float_3_3
Parameters: 1 0.000301941 9.41887e-05 -0.000302059 1 0.000624971 -9.38112e-05 -0.000625028 1 -0.00641049 0.0209046 -0.0186508
FixedParameters: 0 0 0

#Transform 24
Transform: AffineTransform_float_3_3
Parameters: 0.999999 0.000726169 -0.00035065 -0.000725831 0.999999 0.000481254 0.00035135 -0.000481745 1 0.000623153 0.00687016 0.0277059
FixedParameters: 0 0 0

#Transform 25
Transform: AffineTransform_float_3_3
Parameters: 1 0.000617085 -0.000159673 -0.000616915 0.999999 0.000530098 0.000160328 -0.000530901 1 0.00159286 0.03002 0.0289868
FixedParameters: 0 0 0

#Transform 26
Transform: AffineTransform_float_3_3
Parameters: 0.999999 0.000617118 -0.000350792 -0.000616882 1 0.000336216 0.000351207 -0.000335783 1 -0.0122658 0.0268892 0.0245196
FixedParameters: 0 0 0

#Transform 27
Transform: AffineTransform_float_3_3
Parameters: 1 0.000617215 -0.000799834 -0.000616785 1 0.000269493 0.000800166 -0.000268506 0.999999 -0.00894452 0.0321763 0.0224522
FixedParameters: 0 0 0

#Transform 28
Transform: AffineTransform_float_3_3
Parameters: 0.999999 0.000522336 -0.00073076 -0.000522664 1 0.000459382 0.00073024 -0.000459618 0.999999 0.0135048 0.010852 0.0688762
FixedParameters: 0 0 0

#Transform 29
Transform: AffineTransform_float_3_3
Parameters: 0.999999 0.00061664 -0.000800277 -0.000617359 0.999999 -0.000449506 0.000799722 0.000449493 0.999999 -0.000997195 0.0134182 -0.0156847
FixedParameters: 0 0 0

#Transform 30
Transform: AffineTransform_float_3_3
Parameters: 0.999999 0.000615918 -0.00116757 -0.000617084 1 -0.000927281 0.00116743 0.00092772 0.999999 -0.0299915 0.0172205 -0.0847494
FixedParameters: 0 0 0

#Transform 31
Transform: AffineTransform_float_3_3
Parameters: 0.999999 0.000439924 -0.00134335 -0.000441075 0.999999 -0.000800408 0.00134265 0.000801591 0.999999 0.00702121 0.0203565 0.0258533
FixedParameters: 0 0 0

#Transform 32
Transform: AffineTransform_float_3_3
Parameters: 0.999999 0.00082713 -0.000265595 -0.000826869 0.999999 0.000490219 0.000266405 -0.00048978 1 -0.0162491 0.00964058 0.128051
FixedParameters: 0 0 0

#Transform 33
Transform: AffineTransform_float_3_3
Parameters: 1 0.000759542 -0.000702497 -0.000760459 1 -0.000653466 0.000701503 0.000653533 0.999999 -0.00960556 0.00818604 0.0655898
FixedParameters: 0 0 0

#Transform 34
Transform: AffineTransform_float_3_3
Parameters: 0.999999 0.000931792 -0.000972159 -0.000933208 0.999999 -0.00124309 0.00097084 0.00124391 0.999999 -0.0380587 0.04478 0.0464118
FixedParameters: 0 0 0

#Transform 35
Transform: AffineTransform_float_3_3
Parameters: 0.999999 0.000816634 -0.00155519 -0.000817366 0.999999 -0.000234729 0.00155481 0.00023627 0.999999 0.00629526 0.0135966 0.13193
FixedParameters: 0 0 0

#Transform 36
Transform: AffineTransform_float_3_3
Parameters: 1 0.000594445 -0.000923358 -0.000595554 0.999999 -0.00060045 0.000922643 0.000601549 1 0.01285 0.0225082 0.230704
FixedParameters: 0 0 0

#Transform 37
Transform: AffineTransform_float_3_3
Parameters: 1 0.00108065 -0.000430888 -0.00108035 0.999999 -0.000821535 0.000429112 0.000822464 0.999999 -0.0124201 0.0392927 0.160684
FixedParameters: 0 0 0

#Transform 38
Transform: AffineTransform_float_3_3
Parameters: 0.999997 0.000835825 -0.0019695 -0.000837176 1 -0.000596353 0.0019685 0.000597647 0.999998 0.0187467 0.0438895 0.150184
FixedParameters: 0 0 0

#Transform 39
Transform: AffineTransform_float_3_3
Parameters: 0.999998 0.00154155 -0.00131652 -0.00154245 0.999999 -0.00033897 0.00131648 0.00034103 0.999999 -0.0541957 0.0387558 0.156531
FixedParameters: 0 0 0

#Transform 40
Transform: AffineTransform_float_3_3
Parameters: 0.999999 0.00116409 -0.000764861 -0.00116391 1 0.00011989 0.000765139 -0.000119109 0.999999 -0.0102742 0.00929228 0.223961
FixedParameters: 0 0 0

#Transform 41
Transform: AffineTransform_float_3_3
Parameters: 0.999999 0.00178525 0.000536185 -0.00178476 0.999999 -0.000456958 -0.000536815 0.000456042 1 -0.0336547 0.0352459 0.273105
FixedParameters: 0 0 0

#Transform 42
Transform: AffineTransform_float_3_3
Parameters: 0.999999 0.00136804 0.000355833 -0.00136796 0.999999 -0.000122487 -0.000356167 0.000121513 1 -0.0442619 0.0239911 0.187696
FixedParameters: 0 0 0

#Transform 43
Transform: AffineTransform_float_3_3
Parameters: 0.999998 0.00128679 -0.00114835 -0.00128721 0.999998 -0.00105152 0.00114764 0.00105348 0.999999 -0.0855106 0.0244745 0.0088373
FixedParameters: 0 0 0

#Transform 44
Transform: AffineTransform_float_3_3
Parameters: 0.999998 0.00147179 -0.000607502 -0.00147221 0.999999 -0.000341106 0.000606497 0.000341893 1 -0.0569682 0.0365974 0.233812
FixedParameters: 0 0 0

#Transform 45
Transform: AffineTransform_float_3_3
Parameters: 0.999998 0.00170052 -0.00100481 -0.00170148 0.999998 -0.000476291 0.00100319 0.000477707 1 -0.0619785 0.0330368 0.245282
FixedParameters: 0 0 0

#Transform 46
Transform: AffineTransform_float_3_3
Parameters: 0.999998 0.00178684 -0.000576494 -0.00178716 0.999999 -0.00027597 0.000576506 0.000277031 1 -0.0544227 0.0315683 0.18156
FixedParameters: 0 0 0

#Transform 47
Transform: AffineTransform_float_3_3
Parameters: 0.999998 0.00196789 -0.00052442 -0.00196811 0.999998 -0.000212968 0.00052358 0.000214031 1 -0.0336306 0.0413215 0.235117
FixedParameters: 0 0 0

#Transform 48
Transform: AffineTransform_float_3_3
Parameters: 0.999996 0.00203968 -0.00196841 -0.00204132 0.999997 -0.00117799 0.00196659 0.00118202 0.999998 -0.010894 0.0662075 0.208358
FixedParameters: 0 0 0

#Transform 49
Transform: AffineTransform_float_3_3
Parameters: 0.999995 0.00245348 -0.00165075 -0.00245652 0.999996 -0.00152495 0.00164725 0.00152905 0.999998 -0.0319137 0.0117079 0.23388
FixedParameters: 0 0 0

#Transform 50
Transform: AffineTransform_float_3_3
Parameters: 0.999997 0.00208774 -0.00121589 -0.00209026 0.999996 -0.00186146 0.00121211 0.00186354 0.999997 -0.054405 0.0432907 0.193054
FixedParameters: 0 0 0

#Transform 51
Transform: AffineTransform_float_3_3
Parameters: 0.999994 0.0021124 -0.0024718 -0.0021186 0.999995 -0.00226578 0.0024672 0.00227123 0.999995 -0.0501423 0.0834485 0.0964214
FixedParameters: 0 0 0

#Transform 52
Transform: AffineTransform_float_3_3
Parameters: 0.999996 0.0021144 -0.00185668 -0.0021156 0.999997 -0.000319073 0.00185632 0.000322926 0.999998 -0.0373531 0.0497681 0.202988
FixedParameters: 0 0 0

#Transform 53
Transform: AffineTransform_float_3_3
Parameters: 0.999996 0.00253001 -0.00113198 -0.00252999 0.999997 9.86394e-06 0.00113202 -7.136e-06 1 -0.0301194 -0.00735718 0.247517
FixedParameters: 0 0 0

#Transform 54
Transform: AffineTransform_float_3_3
Parameters: 0.999998 0.00174148 -0.00100265 -0.00174252 0.999998 -0.00152026 0.00100035 0.00152175 0.999999 -0.0553527 0.0724744 0.196959
FixedParameters: 0 0 0

#Transform 55
Transform: AffineTransform_float_3_3
Parameters: 0.999997 0.00191285 -0.0014695 -0.00191415 0.999998 -0.000783189 0.0014675 0.000786809 0.999998 -0.04686 0.088762 0.211425
FixedParameters: 0 0 0

#Transform 56
Transform: AffineTransform_float_3_3
Parameters: 0.999996 0.00261508 -0.00155455 -0.00261592 0.999997 -0.000590936 0.00155345 0.000595065 0.999998 -0.0428522 0.0194625 0.27795
FixedParameters: 0 0 0

#Transform 57
Transform: AffineTransform_float_3_3
Parameters: 0.999996 0.00265285 -0.00150058 -0.00265615 0.999995 -0.00210002 0.00149442 0.00210397 0.999996 -0.0887025 0.041051 0.208904
FixedParameters: 0 0 0

#Transform 58
Transform: AffineTransform_float_3_3
Parameters: 0.999992 0.0020671 -0.00324568 -0.0020759 0.999994 -0.00274128 0.00324031 0.00274772 0.999991 -0.0511096 0.100646 0.140713
FixedParameters: 0 0 0

#Transform 59
Transform: AffineTransform_float_3_3
Parameters: 0.999994 0.00191059 -0.00309183 -0.00191941 0.999993 -0.00304208 0.00308617 0.00304791 0.99999 -0.0382143 0.0808617 0.0468071
FixedParameters: 0 0 0

#Transform 60
Transform: AffineTransform_float_3_3
Parameters: 0.999993 0.00197107 -0.00293669 -0.00198093 0.999993 -0.0033842 0.00292931 0.0033898 0.99999 -0.0408308 0.0594638 0.0299586
FixedParameters: 0 0 0

#Transform 61
Transform: AffineTransform_float_3_3
Parameters: 0.999994 0.00151703 -0.0030934 -0.00152797 0.999992 -0.00354629 0.0030876 0.0035507 0.999989 -0.030444 0.0238449 0.136877
FixedParameters: 0 0 0

#Transform 62
Transform: AffineTransform_float_3_3
Parameters: 0.999995 0.00188898 -0.0026227 -0.00190102 0.999987 -0.00458804 0.0026143 0.00459296 0.999986 -0.0419704 0.0646013 0.140264
FixedParameters: 0 0 0

#Transform 63
Transform: AffineTransform_float_3_3
Parameters: 0.99999 0.00193971 -0.00402934 -0.00195929 0.999986 -0.00478815 0.00402066 0.00479585 0.999981 -0.055191 0.0766614 0.0663981
FixedParameters: 0 0 0

#Transform 64
Transform: AffineTransform_float_3_3
Parameters: 0.999991 0.00164219 -0.00373554 -0.00165781 0.999991 -0.00396384 0.00372945 0.00397016 0.999985 -0.0368739 0.081829 0.160989
FixedParameters: 0 0 0

#Transform 65
Transform: AffineTransform_float_3_3
Parameters: 0.999991 0.00172117 -0.00388539 -0.00173982 0.999986 -0.00484628 0.00387661 0.00485371 0.99998 -0.0572074 0.067511 0.0746521
FixedParameters: 0 0 0

#Transform 66
Transform: AffineTransform_float_3_3
Parameters: 0.99999 0.00194182 -0.00386767 -0.00195918 0.999988 -0.00444246 0.00385932 0.00445054 0.999982 -0.0567879 0.0732982 0.0970277
FixedParameters: 0 0 0

#Transform 67
Transform: AffineTransform_float_3_3
Parameters: 0.99999 0.0022778 -0.00396635 -0.00229421 0.999989 -0.00408594 0.00395665 0.00409505 0.999984 -0.0652403 0.0534299 0.0169919
FixedParameters: 0 0 0

#Transform 68
Transform: AffineTransform_float_3_3
Parameters: 0.99998 0.00185649 -0.00616376 -0.00185951 0.999998 -0.000401547 0.00616224 0.000413449 0.999981 0.0392108 -0.0547863 0.138312
FixedParameters: 0 0 0

#Transform 69
Transform: AffineTransform_float_3_3
Parameters: 0.999988 0.00190646 -0.00449678 -0.00191254 0.999997 -0.00144942 0.00449422 0.00145859 0.999989 -0.0122622 -0.00474384 0.40185
FixedParameters: 0 0 0

#Transform 70
Transform: AffineTransform_float_3_3
Parameters: 0.999989 0.00232816 -0.00421623 -0.00233484 0.999997 -0.00138017 0.00421377 0.00138983 0.99999 -0.0309319 0.0475372 0.370126
FixedParameters: 0 0 0

#Transform 71
Transform: AffineTransform_float_3_3
Parameters: 0.999986 0.00224932 -0.00468214 -0.00225968 0.999995 -0.00227645 0.00467686 0.00228655 0.999987 -0.0377555 0.0395062 0.21831
FixedParameters: 0 0 0

#Transform 72
Transform: AffineTransform_float_3_3
Parameters: 0.999988 0.00252622 -0.00420387 -0.00253078 0.999996 -0.00113237 0.00420112 0.00114263 0.99999 -0.0618507 0.0105238 0.37835
FixedParameters: 0 0 0

#Transform 73
Transform: AffineTransform_float_3_3
Parameters: 0.99999 0.00272067 -0.0035706 -0.00272733 0.999994 -0.00204928 0.0035654 0.00205972 0.999992 -0.104282 0.0617804 0.292723
FixedParameters: 0 0 0

#Transform 74
Transform: AffineTransform_float_3_3
Parameters: 0.999985 0.00252107 -0.00501055 -0.00253793 0.999991 -0.00337534 0.00500245 0.00338766 0.999982 -0.0894402 0.0925809 0.265156
FixedParameters: 0 0 0

#Transform 75
Transform: AffineTransform_float_3_3
Parameters: 0.999982 0.00300382 -0.0052357 -0.00301118 0.999995 -0.00155526 0.0052313 0.00157074 0.999985 -0.0886257 0.0237314 0.204716
FixedParameters: 0 0 0

#Transform 76
Transform: AffineTransform_float_3_3
Parameters: 0.999983 0.00267591 -0.00509237 -0.00268808 0.999993 -0.00236735 0.00508563 0.00238165 0.999984 -0.0607115 0.0512852 0.185028
FixedParameters: 0 0 0

#Transform 77
Transform: AffineTransform_float_3_3
Parameters: 0.999983 0.00245951 -0.00518342 -0.00247348 0.999993 -0.00259722 0.00517658 0.00260977 0.999983 -0.0555027 0.0543349 0.18918
FixedParameters: 0 0 0

#Transform 78
Transform: AffineTransform_float_3_3
Parameters: 0.999984 0.00299616 -0.00484084 -0.00301184 0.99999 -0.00326747 0.00483116 0.00328253 0.999983 -0.0887043 0.0314537 0.128895
FixedParameters: 0 0 0

#Transform 79
Transform: AffineTransform_float_3_3
Parameters: 0.999982 0.00288892 -0.00529899 -0.00290907 0.999988 -0.00378465 0.005288 0.00380034 0.999979 -0.0929318 0.039769 0.104627
FixedParameters: 0 0 0

#Transform 80
Transform: AffineTransform_float_3_3
Parameters: 0.999982 0.00240595 -0.00546354 -0.00242305 0.999992 -0.00311682 0.00545546 0.00313018 0.99998 -0.0655185 0.0365649 0.150361
FixedParameters: 0 0 0

#Transform 81
Transform: AffineTransform_float_3_3
Parameters: 0.999985 0.00272922 -0.00489092 -0.00275379 0.999984 -0.00506861 0.00487709 0.00508139 0.999975 -0.0824384 -0.0195252 0.12245
FixedParameters: 0 0 0

#Transform 82
Transform: AffineTransform_float_3_3
Parameters: 0.999984 0.0026821 -0.00509939 -0.00269789 0.999991 -0.00311229 0.00509061 0.0031267 0.999982 -0.0790751 0.0358031 0.182565
FixedParameters: 0 0 0

#Transform 83
Transform: AffineTransform_float_3_3
Parameters: 0.999982 0.00301931 -0.00504884 -0.00304369 0.999984 -0.00488872 0.00503416 0.00490429 0.999976 -0.0977372 0.0530516 0.0825867
FixedParameters: 0 0 0

#Transform 84
Transform: AffineTransform_float_3_3
Parameters: 0.999981 0.00292657 -0.0053254 -0.00295743 0.999978 -0.00590436 0.00530761 0.00591965 0.999969 -0.10395 0.0138343 0.0211116
FixedParameters: 0 0 0

#Transform 85
Transform: AffineTransform_float_3_3
Parameters: 0.99998 0.00341307 -0.00531434 -0.00344293 0.999978 -0.00563382 0.00529466 0.00565218 0.99997 -0.124134 0.0456566 0.0304434
FixedParameters: 0 0 0

#Transform 86
Transform: AffineTransform_float_3_3
Parameters: 0.999979 0.0028972 -0.00580145 -0.00292179 0.999986 -0.00427014 0.00578855 0.00428686 0.999974 -0.0964426 0.0736502 0.204659
FixedParameters: 0 0 0

#Transform 87
Transform: AffineTransform_float_3_3
Parameters: 0.999982 0.00282064 -0.00534143 -0.00285936 0.99997 -0.00718786 0.00532056 0.00720314 0.99996 -0.0898358 0.042534 0.12819
FixedParameters: 0 0 0

#Transform 88
Transform: AffineTransform_float_3_3
Parameters: 0.999981 0.00264882 -0.00545379 -0.00267518 0.999985 -0.0047995 0.0054412 0.0048135 0.999973 -0.0793733 0.0511183 0.2292
FixedParameters: 0 0 0

#Transform 89
Transform: AffineTransform_float_3_3
Parameters: 0.999982 0.00296363 -0.00521468 -0.00299736 0.999974 -0.00659548 0.00519432 0.00661051 0.999964 -0.103015 0.0697462 0.127833
FixedParameters: 0 0 0

#Transform 90
Transform: AffineTransform_float_3_3
Parameters: 0.999979 0.00287099 -0.00578849 -0.00290202 0.999982 -0.00535732 0.00577351 0.00537369 0.999969 -0.10068 0.0333034 0.150092
FixedParameters: 0 0 0

#Transform 91
Transform: AffineTransform_float_3_3
Parameters: 0.999978 0.00243716 -0.00615051 -0.00246584 0.999986 -0.00468594 0.0061385 0.00470106 0.99997 -0.0821129 0.0421073 0.19258
FixedParameters: 0 0 0

#Transform 92
Transform: AffineTransform_float_3_3
Parameters: 0.99998 0.00273428 -0.00582058 -0.00276272 0.999984 -0.00493202 0.00580642 0.00494798 0.999971 -0.0822144 0.031334 0.217911
FixedParameters: 0 0 0

#Transform 93
Transform: AffineTransform_float_3_3
Parameters: 0.99998 0.00294113 -0.00560817 -0.00296787 0.999984 -0.00478945 0.00559383 0.00480555 0.999973 -0.0996991 0.0217979 0.207841
FixedParameters: 0 0 0

#Transform 94
Transform: AffineTransform_float_3_3
Parameters: 0.999982 0.00301801 -0.0051515 -0.00304599 0.99998 -0.0054354 0.0051345 0.00545059 0.999972 -0.159748 0.0445806 0.172661
FixedParameters: 0 0 0

#Transform 95
Transform: AffineTransform_float_3_3
Parameters: 0.999983 0.00283362 -0.00512043 -0.00287238 0.999967 -0.00750442 0.00509857 0.00751857 0.999958 -0.141642 0.0147466 0.103897
FixedParameters: 0 0 0

#Transform 96
Transform: AffineTransform_float_3_3
Parameters: 0.999974 0.0028597 -0.00664723 -0.00290429 0.999973 -0.00666386 0.00662776 0.00668312 0.999955 -0.105796 0.0233092 0.164436
FixedParameters: 0 0 0

#Transform 97
Transform: AffineTransform_float_3_3
Parameters: 0.999972 0.00215878 -0.00724783 -0.00222123 0.99996 -0.00858814 0.00722918 0.00860385 0.999937 -0.0835714 -0.0263202 0.230496
FixedParameters: 0 0 0

#Transform 98
Transform: AffineTransform_float_3_3
Parameters: 0.999974 0.0025138 -0.00684079 -0.00256719 0.999966 -0.00777864 0.00682022 0.00779635 0.999947 -0.118945 0.00456173 0.176653
FixedParameters: 0 0 0

#Transform 99
Transform: AffineTransform_float_3_3
Parameters: 0.999969 0.00272751 -0.00729176 -0.00278449 0.999965 -0.00788594 0.00727024 0.00790607 0.999943 -0.132233 -0.0130442 0.163691
FixedParameters: 0 0 0

#Transform 100
Transform: AffineTransform_float_3_3
Parameters: 0.999969 0.00266845 -0.00738428 -0.00273155 0.999959 -0.00861009 0.00736073 0.00862991 0.999935 -0.12539 0.0132698 0.209063
FixedParameters: 0 0 0

#Transform 101
Transform: AffineTransform_float_3_3
Parameters: 0.999973 0.00254987 -0.00686655 -0.00259412 0.999976 -0.00642436 0.00684945 0.00644264 0.999956 -0.111005 0.000241833 0.320166
FixedParameters: 0 0 0

#Transform 102
Transform: AffineTransform_float_3_3
Parameters: 0.999974 0.00253092 -0.00674922 -0.00259207 0.999955 -0.00905574 0.00672578 0.00907326 0.999936 -0.124291 -0.0268578 0.247
FixedParameters: 0 0 0

#Transform 103
Transform: AffineTransform_float_3_3
Parameters: 0.999972 0.00298207 -0.00696671 -0.00302992 0.999971 -0.00687909 0.00694529 0.00689991 0.999952 -0.133159 0.0145842 0.24168
FixedParameters: 0 0 0

#Transform 104
Transform: AffineTransform_float_3_3
Parameters: 0.999967 0.00282863 -0.00761679 -0.00288437 0.99997 -0.00726827 0.0075962 0.00728973 0.999944 -0.122006 -0.00176373 0.306508
FixedParameters: 0 0 0

#Transform 105
Transform: AffineTransform_float_3_3
Parameters: 0.999968 0.00285322 -0.00738899 -0.00290679 0.99997 -0.00727875 0.00736801 0.00729926 0.999946 -0.130978 0.00338141 0.273836
FixedParameters: 0 0 0

#Transform 106
Transform: AffineTransform_float_3_3
Parameters: 0.999966 0.00226688 -0.00793795 -0.00232211 0.999973 -0.00694081 0.00792205 0.0069592 0.999945 -0.0930464 0.000424012 0.351648
FixedParameters: 0 0 0

#Transform 107
Transform: AffineTransform_float_3_3
Parameters: 0.999965 0.00225486 -0.00798651 -0.00231614 0.999968 -0.00765376 0.00796948 0.00767223 0.999939 -0.0914492 -0.00395292 0.394964
FixedParameters: 0 0 0

#Transform 108
Transform: AffineTransform_float_3_3
Parameters: 0.999972 0.00250392 -0.00694629 -0.00257309 0.999947 -0.0099544 0.00692171 0.00997161 0.999927 -0.115877 -0.0338393 0.309799
FixedParameters: 0 0 0

#Transform 109
Transform: AffineTransform_float_3_3
Parameters: 0.999967 0.00241276 -0.00784972 -0.00247624 0.999964 -0.00805683 0.00783028 0.00807616 0.999936 -0.101486 0.00734943 0.328961
FixedParameters: 0 0 0

#Transform 110
Transform: AffineTransform_float_3_3
Parameters: 0.999962 0.0022712 -0.00834288 -0.00234279 0.99996 -0.00860578 0.00832312 0.00862523 0.999928 -0.0752226 -0.00823503 0.439407
FixedParameters: 0 0 0

#Transform 111
Transform: AffineTransform_float_3_3
Parameters: 0.999966 0.00245767 -0.00778594 -0.00252032 0.999965 -0.00800464 0.00776604 0.00802435 0.999937 -0.0929481 -0.0117927 0.346245
FixedParameters: 0 0 0

#Transform 112
Transform: AffineTransform_float_3_3
Parameters: 0.999964 0.00246263 -0.00809449 -0.00252938 0.999963 -0.00819982 0.0080745 0.00822018 0.999933 -0.0903918 -0.0101128 0.325151
FixedParameters: 0 0 0

#Transform 113
Transform: AffineTransform_float_3_3
Parameters: 0.999964 0.00217512 -0.00820457 -0.00224388 0.999962 -0.0083949 0.00818643 0.00841311 0.999931 -0.0838965 -0.00939321 0.370154
FixedParameters: 0 0 0

#Transform 114
Transform: AffineTransform_float_3_3
Parameters: 0.999962 0.00216547 -0.00847346 -0.00224354 0.999955 -0.00926935 0.00845355 0.00928767 0.999921 -0.0821794 -0.00300643 0.411912
FixedParameters: 0 0 0

#Transform 115
Transform: AffineTransform_float_3_3
Parameters: 0.99996 0.00227907 -0.00858633 -0.00239394 0.999908 -0.013399 0.00855567 0.013419 0.999874 -0.0984689 0.00384307 0.65283
FixedParameters: 0 0 0

#Transform 116
Transform: AffineTransform_float_3_3
Parameters: 0.999965 0.00284399 -0.0077899 -0.00295101 0.999901 -0.0137605 0.00775009 0.0137825 0.999875 -0.153521 0.0140933 0.469828
FixedParameters: 0 0 0

#Transform 117
Transform: AffineTransform_float_3_3
Parameters: 0.999957 0.00251602 -0.0089105 -0.00262497 0.999921 -0.0122401 0.00887851 0.0122629 0.999886 -0.12346 0.058702 0.45225
FixedParameters: 0 0 0

#Transform 118
Transform: AffineTransform_float_3_3
Parameters: 0.999958 0.00272572 -0.00872645 -0.00285229 0.999891 -0.0144917 0.00868655 0.0145153 0.999857 -0.140192 0.0274877 0.409028
FixedParameters: 0 0 0

#Transform 119
Transform: AffineTransform_float_3_3
Parameters: 0.999961 0.00265185 -0.00839855 -0.00277716 0.999885 -0.0149253 0.00835846 0.0149477 0.999854 -0.144372 0.0111022 0.357376
FixedParameters: 0 0 0

#Transform 120
Transform: AffineTransform_float_3_3
Parameters: 0.999958 0.00251605 -0.00881613 -0.00262595 0.999918 -0.0124824 0.00878388 0.0125046 0.999883 -0.107592 -0.0104922 0.439261
FixedParameters: 0 0 0

#Transform 121
Transform: AffineTransform_float_3_3
Parameters: 0.999959 0.00253742 -0.00868338 -0.00262558 0.999945 -0.0102046 0.00865763 0.0102274 0.99991 -0.0944515 -0.0298421 0.554012
FixedParameters: 0 0 0

#Transform 122
Transform: AffineTransform_float_3_3
Parameters: 0.999959 0.00251917 -0.00872057 -0.00262584 0.999922 -0.0122606 0.00868943 0.0122834 0.999887 -0.0991725 -0.00831924 0.497506
FixedParameters: 0 0 0

#Transform 123
Transform: AffineTransform_float_3_3
Parameters: 0.999952 0.00182349 -0.00962202 -0.00194152 0.999924 -0.0122179 0.00959898 0.0122361 0.999879 -0.103973 0.000538717 0.431516
FixedParameters: 0 0 0

#Transform 124
Transform: AffineTransform_float_3_3
Parameters: 0.999961 0.00262202 -0.00843991 -0.00273799 0.999901 -0.0137604 0.00840309 0.0137826 0.999869 -0.138534 -0.0265211 0.381903
FixedParameters: 0 0 0

#Transform 125
Transform: AffineTransform_float_3_3
Parameters: 0.999955 0.00246923 -0.00911144 -0.00259376 0.999904 -0.013597 0.00907654 0.01362 0.999866 -0.129594 -0.037855 0.378611
FixedParameters: 0 0 0

#Transform 126
Transform: AffineTransform_float_3_3
Parameters: 0.999953 0.00263132 -0.00938749 -0.00274768 0.999919 -0.0124378 0.00935451 0.0124632 0.999878 -0.11943 -0.037791 0.45325
FixedParameters: 0 0 0

#Transform 127
Transform: AffineTransform_float_3_3
Parameters: 0.999953 0.00247627 -0.00945112 -0.00260273 0.999906 -0.01342 0.00941689 0.013444 0.999866 -0.107778 -0.015137 0.52038
FixedParameters: 0 0 0

#Transform 128
Transform: AffineTransform_float_3_3
Parameters: 0.999954 0.0024053 -0.00928059 -0.00253569 0.999899 -0.0139891 0.00924541 0.0140119 0.999859 -0.11957 -0.0552522 0.351683
FixedParameters: 0 0 0

#Transform 129
Transform: AffineTransform_float_3_3
Parameters: 0.999954 0.00255714 -0.00925586 -0.00268686 0.999898 -0.0140448 0.00921914 0.0140692 0.999858 -0.119892 -0.0681598 0.345122
FixedParameters: 0 0 0

#Transform 130
Transform: AffineTransform_float_3_3
Parameters: 0.999951 0.0020517 -0.00967388 -0.0021793 0.999911 -0.0131666 0.00964613 0.0131874 0.999867 -0.109771 -0.0455341 0.379165
FixedParameters: 0 0 0

#Transform 131
Transform: AffineTransform_float_3_3
Parameters: 0.999947 0.00246377 -0.00993494 -0.00259223 0.999912 -0.0130159 0.00990206 0.0130411 0.999866 -0.114771 -0.040564 0.384426
FixedParameters: 0 0 0

#Transform 132
Transform: AffineTransform_float_3_3
Parameters: 0.999948 0.00247502 -0.00983544 -0.00259298 0.999924 -0.0120011 0.00980455 0.0120259 0.999879 -0.102425 -0.0492258 0.44095
FixedParameters: 0 0 0

#Transform 133
Transform: AffineTransform_float_3_3
Parameters: 0.999956 0.00271382 -0.00899934 -0.00284118 0.999896 -0.0141501 0.00895966 0.0141749 0.99986 -0.117026 -0.0391116 0.33923
FixedParameters: 0 0 0

#Transform 134
Transform: AffineTransform_float_3_3
Parameters: 0.999948 0.00261883 -0.00983706 -0.00273918 0.999921 -0.0123257 0.00980395 0.0123513 0.999875 -0.105465 -0.0529832 0.375652
FixedParameters: 0 0 0

#Transform 135
Transform: AffineTransform_float_3_3
Parameters: 0.99995 0.00262597 -0.00971867 -0.00274403 0.999923 -0.012152 0.00968534 0.0121781 0.999879 -0.108 -0.0475629 0.393647
FixedParameters: 0 0 0

#Transform 136
Transform: AffineTransform_float_3_3
Parameters: 0.999942 0.00268321 -0.0104409 -0.0028078 0.999924 -0.0119564 0.0104081 0.0119846 0.999874 -0.10552 -0.0696013 0.400612
FixedParameters: 0 0 0

#Transform 137
Transform: AffineTransform_float_3_3
Parameters: 0.999957 0.00279576 -0.00886682 -0.00291325 0.999908 -0.0132377 0.00882917 0.0132623 0.999873 -0.118947 -0.0769973 0.357666
FixedParameters: 0 0 0

#Transform 138
Transform: AffineTransform_float_3_3
Parameters: 0.999954 0.00266687 -0.00927678 -0.00278514 0.999915 -0.0127448 0.00924222 0.0127702 0.999875 -0.125246 -0.0817501 0.35333
FixedParameters: 0 0 0

#Transform 139
Transform: AffineTransform_float_3_3
Parameters: 0.999948 0.00304726 -0.00971173 -0.00316473 0.999922 -0.0121309 0.00967328 0.0121611 0.99988 -0.122614 -0.1008 0.393636
FixedParameters: 0 0 0

#Transform 140
Transform: AffineTransform_float_3_3
Parameters: 0.999941 0.00388749 -0.0100877 -0.0040135 0.999913 -0.0125513 0.0100373 0.0125908 0.999871 -0.13644 -0.0366205 0.36755
FixedParameters: 0 0 0

#Transform 141
Transform: AffineTransform_float_3_3
Parameters: 0.999942 0.00316054 -0.0103626 -0.00329647 0.999907 -0.0131786 0.0103204 0.0132114 0.99986 -0.104541 -0.1263 0.2789
FixedParameters: 0 0 0

#Transform 142
Transform: AffineTransform_float_3_3
Parameters: 0.999942 0.00324884 -0.0101961 -0.00337215 0.999922 -0.0120843 0.0101559 0.0121187 0.999875 -0.118055 -0.0887333 0.34538
FixedParameters: 0 0 0

#Transform 143
Transform: AffineTransform_float_3_3
Parameters: 0.999935 0.00298876 -0.0109504 -0.00310525 0.999939 -0.0106137 0.0109186 0.0106463 0.999883 -0.096739 -0.0913569 0.392483
FixedParameters: 0 0 0

#Transform 144
Transform: AffineTransform_float_3_3
Parameters: 0.999935 0.00455039 -0.01045 -0.00467861 0.999913 -0.0123159 0.0103931 0.0123641 0.99987 -0.147891 -0.0302075 0.309879
FixedParameters: 0 0 0

#Transform 145
Transform: AffineTransform_float_3_3
Parameters: 0.999942 0.00323153 -0.0102012 -0.00337148 0.9999 -0.0136844 0.0101568 0.0137176 0.999855 -0.113086 -0.124868 0.231027
FixedParameters: 0 0 0

#Transform 146
Transform: AffineTransform_float_3_3
Parameters: 0.999935 0.00340814 -0.0108696 -0.00353185 0.999929 -0.0113963 0.0108294 0.0114336 0.999876 -0.10551 -0.106862 0.336554
FixedParameters: 0 0 0

#Transform 147
Transform: AffineTransform_float_3_3
Parameters: 0.999939 0.00378543 -0.0103782 -0.00390657 0.999923 -0.0117192 0.0103329 0.0117588 0.999878 -0.117112 -0.0979628 0.329769
FixedParameters: 0 0 0

#Transform 148
Transform: AffineTransform_float_3_3
Parameters: 0.999937 0.0031748 -0.0108339 -0.0032982 0.99993 -0.011373 0.0107971 0.011408 0.999876 -0.0865169 -0.135213 0.330949
FixedParameters: 0 0 0

#Transform 149
Transform: AffineTransform_float_3_3
Parameters: 0.999932 0.00369187 -0.0111196 -0.00380913 0.999938 -0.0105304 0.0110804 0.0105726 0.999882 -0.0929651 -0.132081 0.393242
FixedParameters: 0 0 0

#Transform 150
Transform: AffineTransform_float_3_3
Parameters: 0.999925 0.00320497 -0.0118274 -0.00333303 0.999936 -0.0108204 0.0117926 0.0108596 0.999872 -0.0697517 -0.166607 0.339971
FixedParameters: 0 0 0

#Transform 151
Transform: AffineTransform_float_3_3
Parameters: 0.999941 0.00307608 -0.0103597 -0.00320991 0.999911 -0.0129345 0.0103193 0.0129675 0.999862 -0.107373 -0.146238 0.28104
FixedParameters: 0 0 0

#Transform 152
Transform: AffineTransform_float_3_3
Parameters: 0.99993 0.00349775 -0.0112438 -0.00361324 0.99994 -0.0103351 0.0112062 0.0103749 0.999884 -0.0982254 -0.154291 0.388303
FixedParameters: 0 0 0

#Transform 153
Transform: AffineTransform_float_3_3
Parameters: 0.999934 0.00355063 -0.0108718 -0.00369136 0.999909 -0.0129177 0.0108251 0.0129573 0.999858 -0.109127 -0.197173 0.237027
FixedParameters: 0 0 0

#Transform 154
Transform: AffineTransform_float_3_3
Parameters: 0.999938 0.00361243 -0.0105439 -0.00374056 0.999918 -0.0121983 0.0104991 0.0122377 0.99987 -0.11035 -0.187138 0.320242
FixedParameters: 0 0 0

#Transform 155
Transform: AffineTransform_float_3_3
Parameters: 0.999931 0.00337671 -0.0111932 -0.0035043 0.999929 -0.0113726 0.0111548 0.0114104 0.999872 -0.0828373 -0.205123 0.316042
FixedParameters: 0 0 0
